time	pCa	hs_length	force	passive_force	a_fil_length	m_fil_length	a_pop_0	a_pop_1	m_pop_0	m_pop_1	m_pop_2	c_pop_0	c_pop_1
0.001	5.400	1150	686.977	686.977	1015.88	809.001	0.886717	0.113283	0.991389	0.00861149	0	1	0
0.002	5.400	1150	686.977	686.977	1015.88	809.001	0.715821	0.284179	0.982434	0.0175659	0	1	0
0.003	5.400	1150	719.543	686.977	1015.88	809.001	0.545153	0.454847	0.971879	0.0280064	0.000114312	1	0
0.004	5.400	1150	771.383	686.975	1015.88	809.001	0.40455	0.59545	0.961972	0.0377229	0.000304832	1	0
0.005	5.400	1150	839.216	686.973	1015.88	809.001	0.298583	0.701417	0.952484	0.0469822	0.000533455	1	0
0.006	5.400	1150	897.408	686.972	1015.88	809.001	0.243141	0.756859	0.943111	0.0561652	0.000723975	1	0
0.007	5.400	1150	1031.9	686.969	1015.88	809.002	0.202103	0.797897	0.933661	0.0651959	0.00114312	1	0
0.008	5.400	1150	1188.55	686.965	1015.88	809.002	0.182213	0.817787	0.924059	0.0742646	0.00167657	1	0
0.009	5.400	1150	1251.31	686.963	1015.88	809.002	0.162437	0.837563	0.916057	0.0820378	0.0019052	1	0
0.01	5.400	1150	1358.22	686.96	1015.88	809.002	0.145976	0.854024	0.907522	0.090192	0.00228624	1	0
0.011	5.400	1150	1438.93	686.958	1015.88	809.002	0.143576	0.856424	0.898948	0.0984987	0.00255296	1	0
0.012	5.400	1150	1591.21	686.954	1015.88	809.002	0.140032	0.859968	0.890832	0.106005	0.00316263	1	0
0.013	5.400	1150	1809.22	686.949	1015.88	809.003	0.129744	0.870256	0.882602	0.113435	0.00396281	1	0
0.014	5.400	1150	1930.86	686.946	1015.88	809.003	0.128372	0.871628	0.874028	0.121552	0.00442006	1	0
0.015	5.400	1150	2168.95	686.94	1015.88	809.003	0.125171	0.874829	0.866293	0.128448	0.00525834	1	0
0.016	5.400	1150	2392.64	686.934	1015.88	809.003	0.122428	0.877572	0.85772	0.136222	0.00605853	1	0
0.017	5.400	1150	2741.21	686.925	1015.88	809.004	0.120942	0.879058	0.850785	0.141975	0.00723975	1	0
0.018	5.400	1150	3013.91	686.918	1015.88	809.004	0.121056	0.878944	0.843507	0.148262	0.00823045	1	0
0.019	5.400	1150	3163.61	686.915	1015.88	809.004	0.119227	0.880773	0.834896	0.15634	0.00876391	1	0
0.02	5.400	1150	3349.41	686.91	1015.88	809.004	0.118427	0.881573	0.826932	0.163618	0.00944978	1	0
0.021	5.400	1150	3528.97	686.906	1015.88	809.004	0.117856	0.882144	0.819997	0.169906	0.0100975	1	0
0.022	5.400	1150	3695.27	686.902	1015.88	809.005	0.117284	0.882716	0.813214	0.176078	0.0107072	1	0
0.023	5.400	1150	3994.75	686.893	1015.88	809.005	0.116598	0.883402	0.805708	0.182556	0.011736	1	0
0.024	5.400	1150	4337.03	686.884	1015.88	809.005	0.115226	0.884774	0.797782	0.1893	0.0129172	1	0
0.025	5.400	1150	4735.51	686.874	1015.89	809.006	0.115798	0.884202	0.790123	0.195588	0.014289	1	0
0.026	5.400	1150	4994.41	686.868	1015.89	809.006	0.113054	0.886946	0.781702	0.203132	0.0151654	1	0
0.027	5.400	1150	5323.64	686.86	1015.89	809.007	0.11454	0.88546	0.77492	0.20881	0.0162704	1	0
0.028	5.400	1150	5512.58	686.854	1015.89	809.007	0.114769	0.885231	0.768595	0.214487	0.0169182	1	0
0.029	5.400	1150	5771.84	686.847	1015.89	809.007	0.110082	0.889918	0.762917	0.21925	0.0178326	1	0
0.03	5.400	1150	6033.89	686.841	1015.89	809.008	0.109053	0.890947	0.757583	0.223784	0.0186328	1	0
0.031	5.400	1150	6242.23	686.836	1015.89	809.008	0.108025	0.891975	0.749886	0.230719	0.0193949	1	0
0.032	5.400	1150	6439.96	686.831	1015.89	809.008	0.109053	0.890947	0.742455	0.237464	0.0200808	1	0
0.033	5.400	1150	6905.04	686.819	1015.89	809.008	0.104138	0.895862	0.736702	0.241617	0.0216811	1	0
0.034	5.400	1150	7309.52	686.809	1015.89	809.009	0.105396	0.894604	0.730376	0.246418	0.0232053	1	0
0.035	5.400	1150	7616.61	686.801	1015.89	809.009	0.106424	0.893576	0.723975	0.251791	0.0242341	1	0
0.036	5.400	1150	7876.1	686.795	1015.89	809.01	0.100823	0.899177	0.717688	0.257164	0.0251486	1	0
0.037	5.400	1150	8251.69	686.785	1015.89	809.01	0.102423	0.897577	0.711439	0.262155	0.026406	1	0
0.038	5.400	1150	8379.36	686.782	1015.9	809.01	0.102538	0.897462	0.704275	0.268823	0.0269014	1	0
0.039	5.400	1150	8747.02	686.773	1015.9	809.011	0.104938	0.895062	0.698217	0.273548	0.028235	1	0
0.04	5.400	1150	9095.12	686.765	1015.9	809.011	0.102766	0.897234	0.692615	0.277854	0.0295306	1	0
0.041	5.400	1150	9433.43	686.757	1015.9	809.011	0.102423	0.897577	0.687548	0.281817	0.0306356	1	0
0.042	5.400	1150	9699.15	686.752	1015.9	809.011	0.102309	0.897691	0.681222	0.287189	0.0315882	1	0
0.043	5.400	1150	9935.6	686.746	1015.9	809.012	0.104024	0.895976	0.676536	0.291038	0.0324265	1	0
0.044	5.400	1150	10254.4	686.739	1015.9	809.012	0.103567	0.896433	0.670858	0.29561	0.0335315	1	0
0.045	5.400	1150	10635.9	686.729	1015.9	809.012	0.104481	0.895519	0.665943	0.299192	0.0348651	1	0
0.046	5.400	1150	10945.6	686.721	1015.9	809.013	0.0997942	0.900206	0.661142	0.302888	0.0359701	1	0
0.047	5.400	1150	11105.6	686.717	1015.9	809.013	0.0969364	0.903064	0.656988	0.306318	0.0366941	1	0
0.048	5.400	1150	11395	686.709	1015.9	809.013	0.0949931	0.905007	0.651463	0.3107	0.0378372	1	0
0.049	5.400	1150	11675.5	686.703	1015.9	809.014	0.105853	0.894147	0.645748	0.315424	0.0388279	1	0
0.05	5.400	1150	11965.8	686.695	1015.9	809.014	0.10048	0.89952	0.640146	0.319959	0.0398948	1	0
0.051	5.400	1150	12163.2	686.69	1015.91	809.014	0.100594	0.899406	0.635193	0.32415	0.0406569	1	0
0.052	5.400	1150	12608.2	686.68	1015.91	809.015	0.0981939	0.901806	0.629782	0.327999	0.0422192	1	0
0.053	5.400	1150	12778	686.675	1015.91	809.015	0.0992227	0.900777	0.626543	0.330552	0.042905	1	0
0.054	5.400	1150	13038.1	686.669	1015.91	809.015	0.0976223	0.902378	0.622695	0.333448	0.0438576	1	0
0.055	5.400	1150	13284.3	686.664	1015.91	809.015	0.0964792	0.903521	0.617856	0.337449	0.0446959	1	0
0.056	5.400	1150	13608	686.655	1015.91	809.016	0.0977366	0.902263	0.613435	0.34084	0.0457247	1	0
0.057	5.400	1150	13935.9	686.648	1015.91	809.016	0.0984225	0.901578	0.609625	0.343507	0.0468679	1	0
0.058	5.400	1150	14152	686.643	1015.91	809.016	0.0964792	0.903521	0.605662	0.346746	0.0475918	1	0
0.059	5.400	1150	14585.3	686.633	1015.91	809.017	0.0933928	0.906607	0.600747	0.35029	0.0489636	1	0
0.06	5.400	1150	14977.8	686.624	1015.91	809.017	0.0875629	0.912437	0.595755	0.354024	0.050221	1	0
0.061	5.400	1150	15203	686.618	1015.91	809.017	0.0856196	0.91438	0.591411	0.357491	0.0510974	1	0
0.062	5.400	1150	15393.9	686.613	1015.91	809.017	0.085048	0.914952	0.587868	0.360273	0.0518595	1	0
0.063	5.400	1150	15583.7	686.608	1015.91	809.018	0.0852766	0.914723	0.584019	0.363359	0.0526216	1	0
0.064	5.400	1150	15777.1	686.604	1015.91	809.018	0.0917924	0.908208	0.579599	0.367208	0.0531931	1	0
0.065	5.400	1150	16361.4	686.59	1015.92	809.018	0.0911065	0.908893	0.575827	0.368846	0.0553269	1	0
0.066	5.400	1150	16692.8	686.581	1015.92	809.019	0.0880201	0.91198	0.572131	0.371437	0.0564319	1	0
0.067	5.400	1150	17028.5	686.574	1015.92	809.019	0.0864198	0.91358	0.569121	0.373342	0.057537	1	0
0.068	5.400	1150	17345.1	686.566	1015.92	809.019	0.0890489	0.910951	0.565691	0.375743	0.0585658	1	0
0.069	5.400	1150	17707.5	686.557	1015.92	809.02	0.083562	0.916438	0.560738	0.379439	0.0598232	1	0
0.07	5.400	1150	17907.2	686.552	1015.92	809.02	0.0851623	0.914838	0.557499	0.381992	0.0605091	1	0
0.071	5.400	1150	18133	686.547	1015.92	809.02	0.0859625	0.914037	0.553803	0.384926	0.0612711	1	0
0.072	5.400	1150	18366.6	686.541	1015.92	809.021	0.0829904	0.91701	0.550107	0.387784	0.0621094	1	0
0.073	5.400	1150	18659.7	686.533	1015.92	809.021	0.0834476	0.916552	0.546106	0.390718	0.0631763	1	0
0.074	5.400	1150	19073.4	686.523	1015.92	809.021	0.0818473	0.918153	0.542562	0.392852	0.0645862	1	0
0.075	5.400	1150	19137.9	686.521	1015.92	809.022	0.078075	0.921925	0.539514	0.395633	0.0648529	1	0
0.076	5.400	1150	19543.4	686.512	1015.92	809.022	0.0787609	0.921239	0.536656	0.397005	0.066339	1	0
0.077	5.400	1150	19667	686.51	1015.93	809.022	0.0815043	0.918496	0.533722	0.399672	0.0666057	1	0
0.078	5.400	1150	19739.2	686.508	1015.93	809.022	0.0823045	0.917695	0.530979	0.402187	0.0668343	1	0
0.079	5.400	1150	20142.1	686.497	1015.93	809.023	0.0860768	0.913923	0.528197	0.403521	0.0682823	1	0
0.08	5.400	1150	20413	686.49	1015.93	809.023	0.0852766	0.914723	0.525911	0.404969	0.0691206	1	0
0.081	5.400	1150	20467.7	686.49	1015.93	809.023	0.0857339	0.914266	0.522405	0.408246	0.0693492	1	0
0.082	5.400	1150	20756.5	686.482	1015.93	809.023	0.0881344	0.911866	0.519547	0.40996	0.0704923	1	0
0.083	5.400	1150	20908.9	686.478	1015.93	809.023	0.0869913	0.913009	0.515432	0.413466	0.071102	1	0
0.084	5.400	1150	20989.6	686.478	1015.93	809.023	0.0869913	0.913009	0.511774	0.416819	0.0714068	1	0
0.085	5.400	1150	21248.1	686.472	1015.93	809.024	0.0843621	0.915638	0.509869	0.417886	0.0722451	1	0
0.086	5.400	1150	21527	686.465	1015.93	809.024	0.0792181	0.920782	0.50602	0.420858	0.0731215	1	0
0.087	5.400	1150	21807.3	686.456	1015.93	809.024	0.0755601	0.92444	0.503887	0.422154	0.0739598	1	0
0.088	5.400	1150	21971.5	686.454	1015.93	809.024	0.0730453	0.926955	0.501372	0.424135	0.0744932	1	0
0.089	5.400	1150	22352.6	686.445	1015.93	809.025	0.0741884	0.925812	0.498628	0.425583	0.0757888	1	0
0.09	5.400	1150	22582	686.44	1015.93	809.025	0.0736168	0.926383	0.495008	0.428403	0.0765889	1	0
0.091	5.400	1150	22911.3	686.431	1015.93	809.025	0.0722451	0.927755	0.492227	0.430003	0.0777702	1	0
0.092	5.400	1150	23169.4	686.425	1015.93	809.026	0.0704161	0.929584	0.489102	0.432251	0.0786465	1	0
0.093	5.400	1150	23354.9	686.421	1015.93	809.026	0.0785322	0.921468	0.48693	0.433775	0.0792943	1	0
0.094	5.400	1150	23555.2	686.416	1015.94	809.026	0.0810471	0.918953	0.483539	0.436443	0.0800183	1	0
0.095	5.400	1150	23774.2	686.411	1015.94	809.026	0.0776177	0.922382	0.481405	0.437852	0.0807423	1	0
0.096	5.400	1150	23813.8	686.41	1015.94	809.026	0.0777321	0.922268	0.479729	0.4393	0.0809709	1	0
0.097	5.400	1150	23866.5	686.409	1015.94	809.026	0.0775034	0.922497	0.476642	0.442234	0.0811233	1	0
0.098	5.400	1150	24153.2	686.403	1015.94	809.027	0.0760174	0.923983	0.473632	0.444216	0.0821521	1	0
0.099	5.400	1150	24564.8	686.392	1015.94	809.027	0.076246	0.923754	0.471803	0.444635	0.083562	1	0
0.1	5.400	1150	24557.6	686.392	1015.94	809.027	0.0759031	0.924097	0.468907	0.447645	0.0834476	1	0
0.101	5.400	1150	24730.8	686.387	1015.94	809.027	0.0722451	0.927755	0.467078	0.448788	0.0841335	1	0
0.102	5.400	1150	24956.3	686.383	1015.94	809.027	0.0716735	0.928326	0.464601	0.450465	0.0849337	1	0
0.103	5.400	1150	25315.1	686.374	1015.94	809.028	0.0708733	0.929127	0.462163	0.451722	0.0861149	1	0
0.104	5.400	1150	25534.6	686.368	1015.94	809.028	0.070759	0.929241	0.46121	0.451837	0.0869532	1	0
0.105	5.400	1150	25584.5	686.368	1015.94	809.028	0.0738455	0.926155	0.45839	0.454504	0.0871056	1	0
0.106	5.400	1150	25698.6	686.366	1015.94	809.028	0.0724737	0.927526	0.455838	0.45679	0.0873724	1	0
0.107	5.400	1150	25766.4	686.365	1015.94	809.028	0.070759	0.929241	0.454123	0.458162	0.0877153	1	0
0.108	5.400	1150	25912	686.361	1015.94	809.028	0.0724737	0.927526	0.452332	0.459457	0.0882106	1	0
0.109	5.400	1150	26053	686.357	1015.94	809.028	0.0701875	0.929813	0.449931	0.461401	0.0886679	1	0
0.11	5.400	1150	26527.1	686.345	1015.94	809.029	0.070759	0.929241	0.447264	0.462353	0.0903826	1	0
0.111	5.400	1150	26631.6	686.342	1015.94	809.029	0.0673297	0.93267	0.44433	0.464906	0.0907636	1	0
0.112	5.400	1150	26841.6	686.335	1015.94	809.03	0.0706447	0.929355	0.442768	0.465821	0.0914114	1	0
0.113	5.400	1150	27032.8	686.331	1015.94	809.03	0.0732739	0.926726	0.440939	0.46704	0.092021	1	0
0.114	5.400	1150	27390.2	686.323	1015.95	809.03	0.0706447	0.929355	0.439643	0.467002	0.0933547	1	0
0.115	5.400	1150	27485.7	686.321	1015.95	809.03	0.06893	0.93107	0.438005	0.468374	0.0936214	1	0
0.116	5.400	1150	27587.3	686.319	1015.95	809.03	0.0704161	0.929584	0.436786	0.469326	0.0938881	1	0
0.117	5.400	1150	27694.6	686.318	1015.95	809.03	0.0698445	0.930155	0.434537	0.471232	0.0942311	1	0
0.118	5.400	1150	27885.6	686.313	1015.95	809.03	0.0700732	0.929927	0.432747	0.47226	0.0949931	1	0
0.119	5.400	1150	27864	686.312	1015.95	809.031	0.072931	0.927069	0.43126	0.473594	0.0951456	1	0
0.12	5.400	1150	27947.9	686.309	1015.95	809.031	0.0713306	0.928669	0.430308	0.474242	0.0954504	1	0
0.121	5.400	1150	28025.2	686.306	1015.95	809.031	0.0709877	0.929012	0.429165	0.475156	0.095679	1	0
0.122	5.400	1150	28048.7	686.306	1015.95	809.031	0.0736168	0.926383	0.427602	0.476718	0.095679	1	0
0.123	5.400	1150	28115.4	686.304	1015.95	809.031	0.0717878	0.928212	0.425088	0.479043	0.0958695	1	0
0.124	5.400	1150	28065.9	686.306	1015.95	809.031	0.0691587	0.930841	0.424249	0.480072	0.095679	1	0
0.125	5.400	1150	28243.7	686.302	1015.95	809.031	0.0688157	0.931184	0.42242	0.481329	0.0962506	1	0
0.126	5.400	1150	28326.7	686.3	1015.95	809.031	0.0731596	0.92684	0.420172	0.483272	0.0965554	1	0
0.127	5.400	1150	28370.2	686.298	1015.95	809.031	0.0675583	0.932442	0.418991	0.484339	0.0966697	1	0
0.128	5.400	1150	28716.7	686.29	1015.95	809.032	0.0699588	0.930041	0.418839	0.483349	0.0978128	1	0
0.129	5.400	1150	28936.4	686.284	1015.95	809.032	0.0676726	0.932327	0.416857	0.484568	0.0985749	1	0
0.13	5.400	1150	28961.7	686.283	1015.95	809.032	0.0684728	0.931527	0.416095	0.485292	0.098613	1	0
0.131	5.400	1150	28756.4	686.289	1015.95	809.032	0.0699588	0.930041	0.414571	0.487426	0.0980034	1	0
0.132	5.400	1150	29026.7	686.282	1015.95	809.032	0.0672154	0.932785	0.411675	0.489407	0.0989178	1	0
0.133	5.400	1150	29249.4	686.275	1015.95	809.032	0.0661866	0.933813	0.410532	0.489826	0.0996418	1	0
0.134	5.400	1150	29429.1	686.272	1015.95	809.032	0.0703018	0.929698	0.409389	0.49036	0.100251	1	0
0.135	5.400	1150	29600.3	686.267	1015.95	809.033	0.0680155	0.931984	0.406683	0.492684	0.100633	1	0
0.136	5.400	1150	29487.9	686.27	1015.95	809.033	0.0666438	0.933356	0.404092	0.495732	0.100175	1	0
0.137	5.400	1150	29714	686.264	1015.95	809.033	0.0676726	0.932327	0.403102	0.495923	0.100975	1	0
0.138	5.400	1150	29701.3	686.263	1015.95	809.033	0.0693873	0.930613	0.401578	0.497561	0.100861	1	0
0.139	5.400	1150	30033.3	686.254	1015.95	809.033	0.0664152	0.933585	0.399596	0.498362	0.102042	1	0
0.14	5.400	1150	30205.7	686.251	1015.95	809.033	0.069273	0.930727	0.397881	0.499505	0.102614	1	0
0.141	5.400	1150	30270.6	686.249	1015.95	809.033	0.0667581	0.933242	0.396738	0.500572	0.10269	1	0
0.142	5.400	1150	30723.3	686.238	1015.95	809.034	0.071102	0.928898	0.396091	0.499733	0.104176	1	0
0.143	5.400	1150	30809.6	686.235	1015.95	809.034	0.065615	0.934385	0.394109	0.501486	0.104405	1	0
0.144	5.400	1150	30761.9	686.235	1015.95	809.034	0.065615	0.934385	0.392928	0.502934	0.104138	1	0
0.145	5.400	1150	30920.9	686.23	1015.95	809.034	0.0651578	0.934842	0.390947	0.504306	0.104748	1	0
0.146	5.400	1150	30938	686.228	1015.95	809.035	0.0655007	0.934499	0.389232	0.505982	0.104786	1	0
0.147	5.400	1150	31186.1	686.223	1015.95	809.035	0.0665295	0.933471	0.388813	0.505525	0.105662	1	0
0.148	5.400	1150	31158.1	686.222	1015.95	809.035	0.0683585	0.931642	0.387593	0.506859	0.105548	1	0
0.149	5.400	1150	31189.4	686.223	1015.95	809.035	0.0677869	0.932213	0.386526	0.507849	0.105624	1	0
0.15	5.400	1150	31258.2	686.221	1015.96	809.035	0.0672154	0.932785	0.385536	0.508383	0.106081	1	0
0.151	5.400	1150	31275.2	686.222	1015.96	809.035	0.0645862	0.935414	0.383707	0.510288	0.106005	1	0
0.152	5.400	1150	31620.6	686.213	1015.96	809.035	0.0653864	0.934614	0.383211	0.509526	0.107263	1	0
0.153	5.400	1150	31520.4	686.217	1015.96	809.035	0.0644719	0.935528	0.383097	0.509945	0.106958	1	0
0.154	5.400	1150	31757.5	686.211	1015.96	809.035	0.0643576	0.935642	0.382449	0.509869	0.107682	1	0
0.155	5.400	1150	31886.6	686.206	1015.96	809.036	0.0625286	0.937471	0.381154	0.510822	0.108025	1	0
0.156	5.400	1150	31980.4	686.204	1015.96	809.036	0.0657293	0.934271	0.380658	0.510936	0.108406	1	0
0.157	5.400	1150	32415.9	686.194	1015.96	809.036	0.0664152	0.933585	0.380125	0.510098	0.109777	1	0
0.158	5.400	1150	32363.4	686.196	1015.96	809.036	0.069273	0.930727	0.378982	0.511431	0.109587	1	0
0.159	5.400	1150	32633.4	686.188	1015.96	809.036	0.0664152	0.933585	0.37761	0.511965	0.110425	1	0
0.16	5.400	1150	33011.5	686.18	1015.96	809.037	0.0623	0.9377	0.377153	0.51105	0.111797	1	0
0.161	5.400	1150	33262.3	686.172	1015.96	809.037	0.0635574	0.936443	0.376086	0.511203	0.112711	1	0
0.162	5.400	1150	33122.2	686.176	1015.96	809.037	0.0649291	0.935071	0.375019	0.512651	0.11233	1	0
0.163	5.400	1150	33307.9	686.171	1015.96	809.037	0.061957	0.938043	0.373762	0.513108	0.113131	1	0
0.164	5.400	1150	33385.9	686.17	1015.96	809.037	0.0618427	0.938157	0.372619	0.514098	0.113283	1	0
0.165	5.400	1150	33567.1	686.165	1015.96	809.037	0.0627572	0.937243	0.371818	0.514251	0.113931	1	0
0.166	5.400	1150	33716	686.162	1015.96	809.037	0.0687014	0.931299	0.372428	0.513108	0.114464	1	0
0.167	5.400	1150	33622.8	686.163	1015.96	809.037	0.0673297	0.93267	0.371552	0.514251	0.114198	1	0
0.168	5.400	1150	33662.9	686.164	1015.96	809.037	0.0706447	0.929355	0.371094	0.514746	0.114159	1	0
0.169	5.400	1150	33672.8	686.164	1015.96	809.037	0.0651578	0.934842	0.369913	0.515737	0.11435	1	0
0.17	5.400	1150	33536.2	686.166	1015.96	809.037	0.0701875	0.929813	0.368922	0.517147	0.113931	1	0
0.171	5.400	1150	33350.3	686.171	1015.96	809.037	0.0643576	0.935642	0.367589	0.519204	0.113207	1	0
0.172	5.400	1150	33509.9	686.167	1015.96	809.037	0.0620713	0.937929	0.367627	0.518671	0.113702	1	0
0.173	5.400	1150	33628.5	686.163	1015.96	809.037	0.0634431	0.936557	0.366255	0.519585	0.114159	1	0
0.174	5.400	1150	33837.9	686.159	1015.96	809.038	0.0643576	0.935642	0.366293	0.519014	0.114693	1	0
0.175	5.400	1150	34010.2	686.156	1015.96	809.038	0.0632144	0.936786	0.366369	0.518252	0.115379	1	0
0.176	5.400	1150	34094	686.154	1015.96	809.038	0.0675583	0.932442	0.366065	0.518252	0.115684	1	0
0.177	5.400	1150	34189.8	686.152	1015.96	809.038	0.0658436	0.934156	0.365493	0.518519	0.115988	1	0
0.178	5.400	1150	34254.1	686.152	1015.96	809.038	0.0642433	0.935757	0.365455	0.518442	0.116103	1	0
0.179	5.400	1150	34243.2	686.153	1015.96	809.038	0.0624143	0.937586	0.365836	0.518137	0.116027	1	0
0.18	5.400	1150	34126.5	686.155	1015.96	809.038	0.0625286	0.937471	0.36515	0.519128	0.115722	1	0
0.181	5.400	1150	34193.4	686.154	1015.96	809.038	0.0651578	0.934842	0.36515	0.519014	0.115836	1	0
0.182	5.400	1150	34236.3	686.151	1015.96	809.038	0.0677869	0.932213	0.364693	0.519395	0.115912	1	0
0.183	5.400	1150	34544.8	686.144	1015.96	809.038	0.0693873	0.930613	0.364617	0.518328	0.117055	1	0
0.184	5.400	1150	34617.4	686.142	1015.96	809.038	0.0660722	0.933928	0.364121	0.518709	0.11717	1	0
0.185	5.400	1150	34747.9	686.138	1015.96	809.038	0.0663009	0.933699	0.363778	0.518633	0.117589	1	0
0.186	5.400	1150	34884.8	686.134	1015.96	809.039	0.0655007	0.934499	0.363512	0.518404	0.118084	1	0
0.187	5.400	1150	35219.8	686.127	1015.97	809.039	0.0664152	0.933585	0.364083	0.516766	0.119151	1	0
0.188	5.400	1150	35408.7	686.122	1015.97	809.039	0.0628715	0.937128	0.36355	0.516728	0.119723	1	0
0.189	5.400	1150	35380.6	686.124	1015.97	809.039	0.0627572	0.937243	0.364083	0.516308	0.119608	1	0
0.19	5.400	1150	35320.1	686.125	1015.97	809.039	0.0642433	0.935757	0.362673	0.518061	0.119265	1	0
0.191	5.400	1150	35283.6	686.124	1015.97	809.039	0.060471	0.939529	0.361149	0.5197	0.119151	1	0
0.192	5.400	1150	35290.7	686.125	1015.97	809.039	0.0626429	0.937357	0.359549	0.521414	0.119037	1	0
0.193	5.400	1150	35542.8	686.119	1015.97	809.039	0.061957	0.938043	0.358825	0.5213	0.119875	1	0
0.194	5.400	1150	35467	686.12	1015.97	809.039	0.0602423	0.939758	0.357491	0.522748	0.119761	1	0
0.195	5.400	1150	35641.7	686.116	1015.97	809.039	0.0589849	0.941015	0.357491	0.522291	0.120218	1	0
0.196	5.400	1150	35815.1	686.112	1015.97	809.04	0.0594422	0.940558	0.357225	0.522062	0.120713	1	0
0.197	5.400	1150	35991.1	686.107	1015.97	809.04	0.0555556	0.944444	0.356729	0.522024	0.121247	1	0
0.198	5.400	1150	35807.5	686.111	1015.97	809.04	0.0570416	0.942958	0.355243	0.524272	0.120485	1	0
0.199	5.400	1150	35790.6	686.113	1015.97	809.04	0.0557842	0.944216	0.354481	0.525225	0.120294	1	0
0.2	5.400	1150	35808.2	686.113	1015.97	809.04	0.0574989	0.942501	0.352804	0.526901	0.120294	1	0
0.201	5.400	1150	35908.3	686.111	1015.97	809.04	0.0589849	0.941015	0.350366	0.529035	0.120599	1	0
0.202	5.400	1150	35907.2	686.112	1015.97	809.04	0.0635574	0.936443	0.350061	0.529378	0.120561	1	0
0.203	5.400	1150	35827.8	686.114	1015.97	809.039	0.0614998	0.9385	0.348956	0.53075	0.120294	1	0
0.204	5.400	1150	35777.7	686.115	1015.97	809.039	0.0629858	0.937014	0.34827	0.531512	0.120218	1	0
0.205	5.400	1150	35748.8	686.115	1015.97	809.039	0.0614998	0.9385	0.348613	0.531207	0.12018	1	0
0.206	5.400	1150	35774.7	686.113	1015.97	809.04	0.061957	0.938043	0.346936	0.532731	0.120332	1	0
0.207	5.400	1150	35786	686.113	1015.97	809.04	0.0613855	0.938615	0.345298	0.534255	0.120447	1	0
0.208	5.400	1150	36009.2	686.107	1015.97	809.04	0.0613855	0.938615	0.345298	0.533303	0.121399	1	0
0.209	5.400	1150	36037.2	686.106	1015.97	809.04	0.0597851	0.940215	0.345755	0.532846	0.121399	1	0
0.21	5.400	1150	35946.6	686.108	1015.97	809.04	0.0585277	0.941472	0.344193	0.534751	0.121056	1	0
0.211	5.400	1150	35878.7	686.109	1015.97	809.04	0.0610425	0.938957	0.343736	0.535513	0.120751	1	0
0.212	5.400	1150	36016	686.106	1015.97	809.04	0.0653864	0.934614	0.343317	0.535513	0.121171	1	0
0.213	5.400	1150	36072.2	686.103	1015.97	809.04	0.0655007	0.934499	0.34164	0.536847	0.121513	1	0
0.214	5.400	1150	35973.2	686.105	1015.97	809.04	0.0620713	0.937929	0.341564	0.537228	0.121209	1	0
0.215	5.400	1150	36146.9	686.1	1015.97	809.04	0.0588706	0.941129	0.341716	0.536504	0.12178	1	0
0.216	5.400	1150	36225.2	686.099	1015.97	809.04	0.0594422	0.940558	0.341678	0.536351	0.121971	1	0
0.217	5.400	1150	36145	686.101	1015.97	809.04	0.060128	0.939872	0.339735	0.538485	0.12178	1	0
0.218	5.400	1150	36315.5	686.098	1015.97	809.04	0.0647005	0.935299	0.340802	0.536923	0.122276	1	0
0.219	5.400	1150	36481.7	686.094	1015.97	809.04	0.0636717	0.936328	0.339849	0.537266	0.122885	1	0
0.22	5.400	1150	36507.9	686.094	1015.97	809.04	0.0592135	0.940786	0.339506	0.537304	0.12319	1	0
0.221	5.400	1150	36519.2	686.092	1015.97	809.041	0.0596708	0.940329	0.339887	0.53677	0.123342	1	0
0.222	5.400	1150	36655	686.089	1015.97	809.041	0.0602423	0.939758	0.339811	0.536389	0.1238	1	0
0.223	5.400	1150	36525.9	686.092	1015.97	809.041	0.0631001	0.9369	0.339887	0.536694	0.123419	1	0
0.224	5.400	1150	36632.6	686.09	1015.97	809.041	0.0635574	0.936443	0.339392	0.536923	0.123685	1	0
0.225	5.400	1150	36663.2	686.088	1015.97	809.041	0.0596708	0.940329	0.33943	0.536847	0.123724	1	0
0.226	5.400	1150	36586.5	686.091	1015.97	809.041	0.0573845	0.942615	0.339087	0.537342	0.123571	1	0
0.227	5.400	1150	36641.1	686.09	1015.97	809.041	0.0550983	0.944902	0.338668	0.537456	0.123876	1	0
0.228	5.400	1150	36643.1	686.091	1015.97	809.04	0.0584134	0.941587	0.338401	0.537532	0.124066	1	0
0.229	5.400	1150	36466.9	686.093	1015.97	809.04	0.0613855	0.938615	0.338325	0.538028	0.123647	1	0
0.23	5.400	1150	36453.1	686.093	1015.97	809.04	0.060128	0.939872	0.338668	0.537875	0.123457	1	0
0.231	5.400	1150	36481.8	686.093	1015.97	809.041	0.0608139	0.939186	0.338706	0.537609	0.123685	1	0
0.232	5.400	1150	36383.6	686.094	1015.97	809.04	0.0579561	0.942044	0.33863	0.538028	0.123342	1	0
0.233	5.400	1150	36330.4	686.096	1015.97	809.04	0.0664152	0.933585	0.338858	0.537952	0.12319	1	0
0.234	5.400	1150	36391.3	686.095	1015.97	809.04	0.0667581	0.933242	0.338897	0.537799	0.123304	1	0
0.235	5.400	1150	36431.5	686.094	1015.97	809.04	0.0644719	0.935528	0.338363	0.538142	0.123495	1	0
0.236	5.400	1150	36329.7	686.097	1015.97	809.04	0.0592135	0.940786	0.337296	0.53959	0.123114	1	0
0.237	5.400	1150	36372.5	686.095	1015.97	809.04	0.0627572	0.937243	0.33722	0.539628	0.123152	1	0
0.238	5.400	1150	36321.3	686.097	1015.97	809.04	0.0641289	0.935871	0.336153	0.540924	0.122923	1	0
0.239	5.400	1150	36333.6	686.096	1015.97	809.04	0.0634431	0.936557	0.33642	0.540619	0.122961	1	0
0.24	5.400	1150	36384.7	686.096	1015.97	809.04	0.0627572	0.937243	0.336267	0.540733	0.123	1	0
0.241	5.400	1150	36429.6	686.095	1015.97	809.04	0.0627572	0.937243	0.336039	0.540771	0.12319	1	0
0.242	5.400	1150	36520.2	686.093	1015.97	809.04	0.0657293	0.934271	0.335429	0.541076	0.123495	1	0
0.243	5.400	1150	36477.7	686.091	1015.97	809.041	0.0625286	0.937471	0.334819	0.5418	0.123381	1	0
0.244	5.400	1150	36652.1	686.088	1015.97	809.041	0.063786	0.936214	0.333981	0.542181	0.123838	1	0
0.245	5.400	1150	36666.7	686.087	1015.97	809.041	0.063786	0.936214	0.332724	0.543629	0.123647	1	0
0.246	5.400	1150	36696.5	686.088	1015.97	809.041	0.0623	0.9377	0.332762	0.5434	0.123838	1	0
0.247	5.400	1150	36740.8	686.086	1015.97	809.041	0.0651578	0.934842	0.334743	0.541267	0.12399	1	0
0.248	5.400	1150	36700.7	686.087	1015.97	809.041	0.0653864	0.934614	0.335277	0.540962	0.123762	1	0
0.249	5.400	1150	36739.9	686.087	1015.97	809.041	0.0627572	0.937243	0.335429	0.540733	0.123838	1	0
0.25	5.400	1150	36638.3	686.092	1015.97	809.04	0.0594422	0.940558	0.334591	0.541838	0.123571	1	0
0.251	5.400	1150	36584.1	686.094	1015.97	809.04	0.0608139	0.939186	0.3352	0.541419	0.123381	1	0
0.252	5.400	1150	36436.5	686.096	1015.97	809.04	0.0569273	0.943073	0.334972	0.542143	0.122885	1	0
0.253	5.400	1150	36467.8	686.096	1015.97	809.04	0.0562414	0.943759	0.334362	0.5426	0.123038	1	0
0.254	5.400	1150	36749.8	686.088	1015.97	809.041	0.0556699	0.94433	0.335048	0.541038	0.123914	1	0
0.255	5.400	1150	36911.3	686.083	1015.97	809.041	0.0588706	0.941129	0.335239	0.5402	0.124562	1	0
0.256	5.400	1150	36915.9	686.082	1015.97	809.041	0.0573845	0.942615	0.336572	0.538866	0.124562	1	0
0.257	5.400	1150	36936.5	686.082	1015.97	809.041	0.0563557	0.943644	0.335505	0.539781	0.124714	1	0
0.258	5.400	1150	36842.4	686.086	1015.97	809.041	0.0554412	0.944559	0.335124	0.540352	0.124524	1	0
0.259	5.400	1150	36990.1	686.081	1015.97	809.041	0.0555556	0.944444	0.335581	0.539361	0.125057	1	0
0.26	5.400	1150	36923	686.083	1015.97	809.041	0.0589849	0.941015	0.335658	0.539476	0.124867	1	0
0.261	5.400	1150	36837.8	686.085	1015.97	809.041	0.0596708	0.940329	0.335734	0.539552	0.124714	1	0
0.262	5.400	1150	36745.2	686.088	1015.97	809.041	0.0603567	0.939643	0.335772	0.539819	0.124409	1	0
0.263	5.400	1150	36707.5	686.088	1015.97	809.041	0.0618427	0.938157	0.33501	0.540581	0.124409	1	0
0.264	5.400	1150	36561.2	686.093	1015.97	809.04	0.0639003	0.9361	0.335048	0.541038	0.123914	1	0
0.265	5.400	1150	36568.6	686.094	1015.97	809.04	0.0623	0.9377	0.333905	0.542219	0.123876	1	0
0.266	5.400	1150	36574.4	686.093	1015.97	809.04	0.0687014	0.931299	0.333791	0.542372	0.123838	1	0
0.267	5.400	1150	36773.6	686.089	1015.97	809.04	0.065615	0.934385	0.333981	0.541457	0.124562	1	0
0.268	5.400	1150	36962.9	686.083	1015.97	809.041	0.0653864	0.934614	0.334019	0.540657	0.125324	1	0
0.269	5.400	1150	37160.9	686.079	1015.97	809.041	0.0618427	0.938157	0.334134	0.539895	0.125972	1	0
0.27	5.400	1150	37443.1	686.071	1015.97	809.041	0.0616141	0.938386	0.3336	0.539476	0.126924	1	0
0.271	5.400	1150	37092.4	686.078	1015.97	809.041	0.060471	0.939529	0.334248	0.539933	0.125819	1	0
0.272	5.400	1150	37005.2	686.079	1015.97	809.041	0.0603567	0.939643	0.333905	0.540466	0.125629	1	0
0.273	5.400	1150	36941.7	686.08	1015.97	809.041	0.0611568	0.938843	0.333791	0.541038	0.125171	1	0
0.274	5.400	1150	36793.9	686.084	1015.97	809.041	0.0592135	0.940786	0.3336	0.541876	0.124524	1	0
0.275	5.400	1150	36966.4	686.079	1015.97	809.041	0.0659579	0.934042	0.3344	0.540238	0.125362	1	0
0.276	5.400	1150	37201.7	686.075	1015.97	809.041	0.0634431	0.936557	0.335391	0.538485	0.126124	1	0
0.277	5.400	1150	37411.2	686.07	1015.97	809.041	0.0641289	0.935871	0.336153	0.537113	0.126734	1	0
0.278	5.400	1150	37210.9	686.076	1015.97	809.041	0.0616141	0.938386	0.335505	0.538447	0.126048	1	0
0.279	5.400	1150	36914.4	686.084	1015.97	809.041	0.0587563	0.941244	0.335467	0.539399	0.125133	1	0
0.28	5.400	1150	36932.6	686.082	1015.97	809.041	0.0589849	0.941015	0.335391	0.539323	0.125286	1	0
0.281	5.400	1150	37070.4	686.078	1015.97	809.041	0.0643576	0.935642	0.334286	0.539971	0.125743	1	0
0.282	5.400	1150	37288	686.073	1015.97	809.041	0.0650434	0.934957	0.334591	0.539018	0.126391	1	0
0.283	5.400	1150	37108.5	686.077	1015.97	809.041	0.0613855	0.938615	0.333676	0.540466	0.125857	1	0
0.284	5.400	1150	37190.4	686.075	1015.97	809.041	0.060128	0.939872	0.332838	0.541152	0.12601	1	0
0.285	5.400	1150	37140.2	686.078	1015.97	809.041	0.0608139	0.939186	0.331695	0.5426	0.125705	1	0
0.286	5.400	1150	37026.8	686.08	1015.97	809.041	0.0634431	0.936557	0.332762	0.5418	0.125438	1	0
0.287	5.400	1150	37084.9	686.079	1015.97	809.041	0.0603567	0.939643	0.332343	0.542181	0.125476	1	0
0.288	5.400	1150	37019	686.081	1015.97	809.041	0.0609282	0.939072	0.331276	0.543515	0.12521	1	0
0.289	5.400	1150	36778.6	686.085	1015.97	809.041	0.0643576	0.935642	0.331047	0.544505	0.124447	1	0
0.29	5.400	1150	36765.3	686.086	1015.97	809.041	0.0643576	0.935642	0.331314	0.544315	0.124371	1	0
0.291	5.400	1150	36637.7	686.091	1015.97	809.04	0.0623	0.9377	0.331695	0.544239	0.124066	1	0
0.292	5.400	1150	36671.8	686.09	1015.97	809.041	0.0655007	0.934499	0.331733	0.544162	0.124105	1	0
0.293	5.400	1150	36746.1	686.088	1015.97	809.041	0.0603567	0.939643	0.332533	0.542981	0.124486	1	0
0.294	5.400	1150	36725.2	686.088	1015.97	809.041	0.0659579	0.934042	0.331619	0.543896	0.124486	1	0
0.295	5.400	1150	36772.7	686.086	1015.97	809.041	0.0655007	0.934499	0.330628	0.544848	0.124524	1	0
0.296	5.400	1150	36821.6	686.086	1015.97	809.041	0.0658436	0.934156	0.33059	0.54481	0.1246	1	0
0.297	5.400	1150	37033.7	686.08	1015.97	809.041	0.0676726	0.932327	0.329866	0.544696	0.125438	1	0
0.298	5.400	1150	37102.2	686.078	1015.97	809.041	0.06893	0.93107	0.329523	0.544696	0.125781	1	0
0.299	5.400	1150	37090.7	686.078	1015.97	809.041	0.0664152	0.933585	0.329371	0.544848	0.125781	1	0
0.3	5.400	1150	37048.3	686.08	1015.97	809.041	0.0652721	0.934728	0.327656	0.546601	0.125743	1	0
0.301	5.400	1150	36938	686.082	1015.97	809.041	0.0632144	0.936786	0.327122	0.547439	0.125438	1	0
0.302	5.400	1150	37027.1	686.079	1015.97	809.041	0.0612711	0.938729	0.32697	0.547211	0.125819	1	0
0.303	5.400	1150	37065.8	686.078	1015.97	809.041	0.0645862	0.935414	0.326932	0.547096	0.125972	1	0
0.304	5.400	1150	37320	686.072	1015.97	809.041	0.0643576	0.935642	0.326894	0.546296	0.12681	1	0
0.305	5.400	1150	37294	686.074	1015.97	809.041	0.0597851	0.940215	0.326779	0.546449	0.126772	1	0
0.306	5.400	1150	37223.5	686.075	1015.97	809.041	0.0594422	0.940558	0.327465	0.54622	0.126315	1	0
0.307	5.400	1150	37300.1	686.073	1015.97	809.041	0.060471	0.939529	0.327199	0.546144	0.126658	1	0
0.308	5.400	1150	37494.6	686.069	1015.97	809.042	0.0629858	0.937014	0.326589	0.546106	0.127305	1	0
0.309	5.400	1150	37572.8	686.067	1015.97	809.042	0.0597851	0.940215	0.327008	0.545572	0.12742	1	0
0.31	5.400	1150	37695.9	686.063	1015.97	809.042	0.0605853	0.939415	0.327427	0.54462	0.127953	1	0
0.311	5.400	1150	37631.9	686.066	1015.97	809.042	0.0618427	0.938157	0.326398	0.54561	0.127991	1	0
0.312	5.400	1150	37698.7	686.063	1015.97	809.042	0.0636717	0.936328	0.325408	0.546525	0.128067	1	0
0.313	5.400	1150	37727.6	686.062	1015.97	809.042	0.0613855	0.938615	0.325789	0.545991	0.12822	1	0
0.314	5.400	1150	37613.9	686.065	1015.97	809.042	0.0588706	0.941129	0.325865	0.54622	0.127915	1	0
0.315	5.400	1150	37651.8	686.064	1015.97	809.042	0.0609282	0.939072	0.326856	0.545039	0.128105	1	0
0.316	5.400	1150	37603.4	686.066	1015.97	809.042	0.0636717	0.936328	0.326703	0.54542	0.127877	1	0
0.317	5.400	1150	37719.9	686.064	1015.97	809.042	0.058642	0.941358	0.326437	0.545306	0.128258	1	0
0.318	5.400	1150	37671.4	686.065	1015.97	809.042	0.0597851	0.940215	0.32777	0.544315	0.127915	1	0
0.319	5.400	1150	37868.2	686.06	1015.97	809.042	0.0597851	0.940215	0.327694	0.543743	0.128563	1	0
0.32	5.400	1150	38025	686.057	1015.97	809.042	0.0585277	0.941472	0.327351	0.543629	0.12902	1	0
0.321	5.400	1150	37940.8	686.06	1015.97	809.042	0.0588706	0.941129	0.328418	0.542867	0.128715	1	0
0.322	5.400	1150	37787.9	686.066	1015.97	809.041	0.0566987	0.943301	0.32838	0.543553	0.128067	1	0
0.323	5.400	1150	37864.8	686.065	1015.97	809.041	0.0598994	0.940101	0.329332	0.542372	0.128296	1	0
0.324	5.400	1150	37912.6	686.064	1015.97	809.042	0.0623	0.9377	0.329256	0.54241	0.128334	1	0
0.325	5.400	1150	37963.2	686.062	1015.97	809.042	0.0643576	0.935642	0.328951	0.5426	0.128448	1	0
0.326	5.400	1150	37589.4	686.072	1015.97	809.041	0.0642433	0.935757	0.329371	0.543477	0.127153	1	0
0.327	5.400	1150	37489.5	686.076	1015.97	809.041	0.0631001	0.9369	0.328685	0.544544	0.126772	1	0
0.328	5.400	1150	37467.3	686.076	1015.97	809.041	0.0644719	0.935528	0.329332	0.543972	0.126696	1	0
0.329	5.400	1150	37398.5	686.078	1015.97	809.041	0.0609282	0.939072	0.327808	0.545687	0.126505	1	0
0.33	5.400	1150	37594.7	686.073	1015.97	809.041	0.0603567	0.939643	0.328266	0.544544	0.127191	1	0
0.331	5.400	1150	37663.6	686.072	1015.97	809.041	0.0594422	0.940558	0.327999	0.544582	0.12742	1	0
0.332	5.400	1150	37549.2	686.073	1015.97	809.041	0.0593278	0.940672	0.328532	0.544429	0.127039	1	0
0.333	5.400	1150	37463.7	686.073	1015.97	809.041	0.0614998	0.9385	0.329218	0.544124	0.126658	1	0
0.334	5.400	1150	37274	686.077	1015.97	809.041	0.0620713	0.937929	0.328761	0.545267	0.125972	1	0
0.335	5.400	1150	37361.8	686.074	1015.97	809.041	0.0612711	0.938729	0.329028	0.544696	0.126276	1	0
0.336	5.400	1150	37442.7	686.073	1015.97	809.041	0.0644719	0.935528	0.330133	0.543362	0.126505	1	0
0.337	5.400	1150	37649.8	686.068	1015.97	809.041	0.0612711	0.938729	0.329637	0.543172	0.127191	1	0
0.338	5.400	1150	37647.5	686.067	1015.97	809.042	0.0585277	0.941472	0.330171	0.542638	0.127191	1	0
0.339	5.400	1150	37597.3	686.069	1015.97	809.041	0.0577275	0.942273	0.330209	0.542753	0.127039	1	0
0.34	5.400	1150	37749	686.065	1015.97	809.042	0.0588706	0.941129	0.33078	0.541648	0.127572	1	0
0.341	5.400	1150	37774.5	686.066	1015.97	809.041	0.0576132	0.942387	0.330476	0.541838	0.127686	1	0
0.342	5.400	1150	37900.3	686.063	1015.97	809.042	0.0589849	0.941015	0.330742	0.541228	0.128029	1	0
0.343	5.400	1150	37855.6	686.064	1015.97	809.042	0.0610425	0.938957	0.331276	0.540695	0.128029	1	0
0.344	5.400	1150	37761.5	686.067	1015.97	809.041	0.0616141	0.938386	0.331009	0.541267	0.127724	1	0
0.345	5.400	1150	37839.5	686.065	1015.97	809.041	0.0636717	0.936328	0.330628	0.541457	0.127915	1	0
0.346	5.400	1150	38060.3	686.059	1015.97	809.042	0.0666438	0.933356	0.330552	0.540924	0.128525	1	0
0.347	5.400	1150	37933.8	686.062	1015.97	809.042	0.0614998	0.9385	0.3312	0.540657	0.128144	1	0
0.348	5.400	1150	37662.3	686.071	1015.97	809.041	0.0624143	0.937586	0.331504	0.541343	0.127153	1	0
0.349	5.400	1150	37599.9	686.072	1015.97	809.041	0.0612711	0.938729	0.330285	0.542753	0.126962	1	0
0.35	5.400	1150	37486.4	686.075	1015.97	809.041	0.0611568	0.938843	0.328418	0.544886	0.126696	1	0
0.351	5.400	1150	37491.8	686.074	1015.97	809.041	0.0574989	0.942501	0.32777	0.545534	0.126696	1	0
0.352	5.400	1150	37577.7	686.071	1015.97	809.041	0.0620713	0.937929	0.328227	0.544734	0.127039	1	0
0.353	5.400	1150	37692.2	686.067	1015.97	809.041	0.0598994	0.940101	0.327465	0.545039	0.127496	1	0
0.354	5.400	1150	37623.3	686.068	1015.97	809.042	0.0611568	0.938843	0.327351	0.545382	0.127267	1	0
0.355	5.400	1150	37580.8	686.068	1015.97	809.042	0.0602423	0.939758	0.32758	0.545306	0.127115	1	0
0.356	5.400	1150	37665.2	686.066	1015.97	809.042	0.0608139	0.939186	0.327884	0.544696	0.12742	1	0
0.357	5.400	1150	37747.5	686.063	1015.97	809.042	0.0571559	0.942844	0.328723	0.543781	0.127496	1	0
0.358	5.400	1150	37788.6	686.062	1015.97	809.042	0.0566987	0.943301	0.328532	0.543858	0.12761	1	0
0.359	5.400	1150	37921.9	686.059	1015.97	809.042	0.0554412	0.944559	0.328723	0.543134	0.128144	1	0
0.36	5.400	1150	37997.8	686.057	1015.97	809.042	0.0569273	0.943073	0.328608	0.543019	0.128372	1	0
0.361	5.400	1150	38040.2	686.057	1015.97	809.042	0.0587563	0.941244	0.327923	0.543591	0.128487	1	0
0.362	5.400	1150	37915.6	686.061	1015.97	809.042	0.0564701	0.94353	0.328532	0.543324	0.128144	1	0
0.363	5.400	1150	37858.3	686.062	1015.97	809.042	0.0572702	0.94273	0.328608	0.5434	0.127991	1	0
0.364	5.400	1150	37822.9	686.062	1015.97	809.042	0.060471	0.939529	0.328723	0.543248	0.128029	1	0
0.365	5.400	1150	37923.1	686.061	1015.97	809.042	0.0606996	0.9393	0.328189	0.5434	0.12841	1	0
0.366	5.400	1150	38055.7	686.056	1015.97	809.042	0.0614998	0.9385	0.328075	0.543057	0.128868	1	0
0.367	5.400	1150	37860.6	686.06	1015.97	809.042	0.058642	0.941358	0.328189	0.543553	0.128258	1	0
0.368	5.400	1150	37659.5	686.064	1015.97	809.042	0.0625286	0.937471	0.327732	0.54462	0.127648	1	0
0.369	5.400	1150	37457.8	686.07	1015.97	809.041	0.0613855	0.938615	0.328989	0.543858	0.127153	1	0
0.37	5.400	1150	37439.4	686.071	1015.97	809.041	0.058299	0.941701	0.329599	0.543553	0.126848	1	0
0.371	5.400	1150	37480.9	686.07	1015.97	809.041	0.0592135	0.940786	0.329332	0.543705	0.126962	1	0
0.372	5.400	1150	37461.1	686.07	1015.97	809.041	0.0587563	0.941244	0.32918	0.543934	0.126886	1	0
0.373	5.400	1150	37240.3	686.076	1015.97	809.041	0.0600137	0.939986	0.328761	0.545039	0.1262	1	0
0.374	5.400	1150	37357.7	686.072	1015.97	809.041	0.0581847	0.941815	0.328989	0.544239	0.126772	1	0
0.375	5.400	1150	37351.4	686.072	1015.97	809.041	0.060471	0.939529	0.328266	0.545077	0.126658	1	0
0.376	5.400	1150	37281	686.074	1015.97	809.041	0.0635574	0.936443	0.327923	0.545649	0.126429	1	0
0.377	5.400	1150	37262.2	686.075	1015.97	809.041	0.061957	0.938043	0.327846	0.545953	0.1262	1	0
0.378	5.400	1150	37379.2	686.071	1015.97	809.041	0.0633288	0.936671	0.327923	0.545534	0.126543	1	0
0.379	5.400	1150	37540.2	686.067	1015.97	809.042	0.0595565	0.940444	0.327846	0.545153	0.127	1	0
0.38	5.400	1150	37411.8	686.068	1015.97	809.042	0.0565844	0.943416	0.328647	0.544696	0.126658	1	0
0.381	5.400	1150	37449.7	686.067	1015.97	809.042	0.0600137	0.939986	0.327884	0.545306	0.12681	1	0
0.382	5.400	1150	37641.2	686.061	1015.97	809.042	0.0597851	0.940215	0.327542	0.544886	0.127572	1	0
0.383	5.400	1150	37491.8	686.065	1015.97	809.042	0.0616141	0.938386	0.327351	0.545496	0.127153	1	0
0.384	5.400	1150	37362.1	686.069	1015.97	809.042	0.0579561	0.942044	0.327275	0.546106	0.126619	1	0
0.385	5.400	1150	37487.9	686.066	1015.97	809.042	0.0574989	0.942501	0.32777	0.545267	0.126962	1	0
0.386	5.400	1150	37394.8	686.067	1015.97	809.042	0.0600137	0.939986	0.32716	0.546182	0.126658	1	0
0.387	5.400	1150	37600.6	686.062	1015.97	809.042	0.0636717	0.936328	0.327618	0.545039	0.127343	1	0
0.388	5.400	1150	37467.7	686.065	1015.97	809.042	0.0629858	0.937014	0.326818	0.546373	0.12681	1	0
0.389	5.400	1150	37465.7	686.067	1015.97	809.042	0.0598994	0.940101	0.326741	0.546449	0.12681	1	0
0.39	5.400	1150	37418.4	686.067	1015.97	809.042	0.0618427	0.938157	0.326932	0.546411	0.126658	1	0
0.391	5.400	1150	37524.9	686.064	1015.97	809.042	0.0614998	0.9385	0.325941	0.547058	0.127	1	0
0.392	5.400	1150	37661.7	686.061	1015.97	809.042	0.0661866	0.933813	0.32636	0.546182	0.127458	1	0
0.393	5.400	1150	37697.4	686.061	1015.97	809.042	0.0660722	0.933928	0.326665	0.545458	0.127877	1	0
0.394	5.400	1150	37733.3	686.06	1015.97	809.042	0.0644719	0.935528	0.326551	0.54542	0.128029	1	0
0.395	5.400	1150	37574.6	686.064	1015.97	809.042	0.0596708	0.940329	0.32636	0.54622	0.12742	1	0
0.396	5.400	1150	37441.6	686.068	1015.97	809.042	0.0608139	0.939186	0.325293	0.547706	0.127	1	0
0.397	5.400	1150	37281.5	686.071	1015.97	809.042	0.0643576	0.935642	0.32537	0.548201	0.126429	1	0
0.398	5.400	1150	37323.4	686.071	1015.97	809.042	0.0602423	0.939758	0.324798	0.548583	0.126619	1	0
0.399	5.400	1150	37459.5	686.067	1015.97	809.042	0.0614998	0.9385	0.325179	0.547706	0.127115	1	0
0.4	5.400	1150	37750.1	686.059	1015.97	809.042	0.0611568	0.938843	0.325598	0.546373	0.128029	1	0
0.401	5.400	1150	37593.8	686.065	1015.97	809.042	0.0588706	0.941129	0.326284	0.546258	0.127458	1	0
0.402	5.400	1150	37684.1	686.063	1015.97	809.042	0.0589849	0.941015	0.326475	0.545763	0.127763	1	0
0.403	5.400	1150	37577.4	686.067	1015.97	809.042	0.0613855	0.938615	0.327351	0.545382	0.127267	1	0
0.404	5.400	1150	37322	686.072	1015.97	809.042	0.0605853	0.939415	0.327656	0.546068	0.126276	1	0
0.405	5.400	1150	37749	686.061	1015.97	809.042	0.056813	0.943187	0.32777	0.544582	0.127648	1	0
0.406	5.400	1150	37793.9	686.059	1015.97	809.042	0.0614998	0.9385	0.326551	0.545458	0.127991	1	0
0.407	5.400	1150	37761.3	686.059	1015.97	809.042	0.0613855	0.938615	0.327427	0.544734	0.127839	1	0
0.408	5.400	1150	37625.8	686.061	1015.97	809.042	0.0616141	0.938386	0.327389	0.545267	0.127343	1	0
0.409	5.400	1150	37585.1	686.062	1015.97	809.042	0.0592135	0.940786	0.327122	0.545496	0.127381	1	0
0.41	5.400	1150	37472.3	686.064	1015.97	809.042	0.0612711	0.938729	0.328266	0.544696	0.127039	1	0
0.411	5.400	1150	37837.7	686.055	1015.97	809.042	0.0666438	0.933356	0.328456	0.543172	0.128372	1	0
0.412	5.400	1150	37933	686.052	1015.97	809.043	0.0624143	0.937586	0.328875	0.542372	0.128753	1	0
0.413	5.400	1150	37737.5	686.056	1015.97	809.042	0.0617284	0.938272	0.329409	0.542486	0.128105	1	0
0.414	5.400	1150	37800.6	686.054	1015.97	809.043	0.065615	0.934385	0.330133	0.541495	0.128372	1	0
0.415	5.400	1150	37947.1	686.053	1015.97	809.042	0.0672154	0.932785	0.329294	0.541952	0.128753	1	0
0.416	5.400	1150	37968	686.053	1015.97	809.042	0.0644719	0.935528	0.329142	0.542029	0.128829	1	0
0.417	5.400	1150	37912	686.055	1015.97	809.042	0.0648148	0.935185	0.328494	0.543019	0.128487	1	0
0.418	5.400	1150	37978	686.055	1015.97	809.042	0.0613855	0.938615	0.327199	0.544162	0.128639	1	0
0.419	5.400	1150	37944.7	686.056	1015.97	809.042	0.060471	0.939529	0.326513	0.545039	0.128448	1	0
0.42	5.400	1150	37935.4	686.056	1015.97	809.042	0.0624143	0.937586	0.326589	0.544925	0.128487	1	0
0.421	5.400	1150	37992.6	686.055	1015.97	809.042	0.0592135	0.940786	0.326398	0.54481	0.128791	1	0
0.422	5.400	1150	37818.5	686.059	1015.97	809.042	0.0613855	0.938615	0.327313	0.544658	0.128029	1	0
0.423	5.400	1150	37586.4	686.064	1015.97	809.042	0.0621856	0.937814	0.326094	0.546601	0.127305	1	0
0.424	5.400	1150	37352.9	686.071	1015.97	809.041	0.0613855	0.938615	0.325408	0.548011	0.126581	1	0
0.425	5.400	1150	37527.3	686.067	1015.97	809.042	0.0627572	0.937243	0.324226	0.548659	0.127115	1	0
0.426	5.400	1150	37554.2	686.066	1015.97	809.042	0.065615	0.934385	0.324226	0.548697	0.127077	1	0
0.427	5.400	1150	37690.1	686.062	1015.97	809.042	0.0645862	0.935414	0.323769	0.548621	0.12761	1	0
0.428	5.400	1150	37485.2	686.067	1015.97	809.042	0.0633288	0.936671	0.32396	0.549154	0.126886	1	0
0.429	5.400	1150	37591.7	686.064	1015.97	809.042	0.0613855	0.938615	0.32396	0.548811	0.127229	1	0
0.43	5.400	1150	37654.1	686.061	1015.97	809.042	0.0585277	0.941472	0.323769	0.548735	0.127496	1	0
0.431	5.400	1150	37731.5	686.057	1015.97	809.042	0.0620713	0.937929	0.324569	0.547706	0.127724	1	0
0.432	5.400	1150	37800.3	686.054	1015.97	809.043	0.0631001	0.9369	0.324874	0.547096	0.128029	1	0
0.433	5.400	1150	37857	686.054	1015.97	809.043	0.0632144	0.936786	0.323655	0.548201	0.128144	1	0
0.434	5.400	1150	37797.7	686.056	1015.97	809.042	0.0628715	0.937128	0.323807	0.548392	0.127801	1	0
0.435	5.400	1150	37686.9	686.061	1015.97	809.042	0.060128	0.939872	0.323884	0.548697	0.12742	1	0
0.436	5.400	1150	37692.1	686.062	1015.97	809.042	0.060471	0.939529	0.324455	0.548011	0.127534	1	0
0.437	5.400	1150	37998.4	686.055	1015.97	809.042	0.0651578	0.934842	0.324455	0.54702	0.128525	1	0
0.438	5.400	1150	38164.2	686.05	1015.97	809.043	0.0624143	0.937586	0.324646	0.546144	0.12921	1	0
0.439	5.400	1150	38207.3	686.05	1015.97	809.043	0.0603567	0.939643	0.325027	0.545687	0.129287	1	0
0.44	5.400	1150	38093.2	686.055	1015.97	809.042	0.0590992	0.940901	0.325179	0.54603	0.128791	1	0
0.441	5.400	1150	38450.4	686.046	1015.97	809.043	0.060128	0.939872	0.326398	0.543515	0.130087	1	0
0.442	5.400	1150	38343.8	686.047	1015.97	809.043	0.061957	0.938043	0.324608	0.545687	0.129706	1	0
0.443	5.400	1150	38427.1	686.046	1015.97	809.043	0.0609282	0.939072	0.326551	0.543439	0.130011	1	0
0.444	5.400	1150	38421.8	686.045	1015.97	809.043	0.0566987	0.943301	0.327046	0.542943	0.130011	1	0
0.445	5.400	1150	38512.7	686.043	1015.97	809.043	0.0594422	0.940558	0.327846	0.54161	0.130544	1	0
0.446	5.400	1150	38482.7	686.044	1015.97	809.043	0.0585277	0.941472	0.327656	0.541876	0.130468	1	0
0.447	5.400	1150	38382.9	686.047	1015.97	809.043	0.0597851	0.940215	0.327351	0.5426	0.130049	1	0
0.448	5.400	1150	38219.4	686.05	1015.97	809.043	0.0612711	0.938729	0.327122	0.543324	0.129553	1	0
0.449	5.400	1150	38338.7	686.045	1015.97	809.043	0.058642	0.941358	0.327008	0.542905	0.130087	1	0
0.45	5.400	1150	38393.9	686.044	1015.97	809.043	0.058299	0.941701	0.326208	0.543515	0.130277	1	0
0.451	5.400	1150	38418.7	686.043	1015.97	809.043	0.0589849	0.941015	0.326398	0.543286	0.130316	1	0
0.452	5.400	1150	38450.9	686.043	1015.97	809.043	0.0632144	0.936786	0.326246	0.543324	0.13043	1	0
0.453	5.400	1150	38135	686.049	1015.97	809.043	0.0632144	0.936786	0.32636	0.544239	0.129401	1	0
0.454	5.400	1150	37984.9	686.054	1015.97	809.042	0.0620713	0.937929	0.325789	0.545229	0.128982	1	0
0.455	5.400	1150	37763.2	686.06	1015.97	809.042	0.0606996	0.9393	0.325941	0.545839	0.12822	1	0
0.456	5.400	1150	37785.3	686.061	1015.97	809.042	0.0576132	0.942387	0.325027	0.546639	0.128334	1	0
0.457	5.400	1150	37949.9	686.057	1015.97	809.042	0.0589849	0.941015	0.325865	0.545382	0.128753	1	0
0.458	5.400	1150	37771.3	686.061	1015.97	809.042	0.0584134	0.941587	0.326475	0.545229	0.128296	1	0
0.459	5.400	1150	37919.7	686.058	1015.97	809.042	0.0596708	0.940329	0.326818	0.544467	0.128715	1	0
0.46	5.400	1150	38099.7	686.054	1015.97	809.042	0.0616141	0.938386	0.327237	0.543477	0.129287	1	0
0.461	5.400	1150	38118.2	686.054	1015.97	809.042	0.0600137	0.939986	0.328151	0.542372	0.129477	1	0
0.462	5.400	1150	38062.6	686.056	1015.97	809.042	0.0605853	0.939415	0.328227	0.542676	0.129096	1	0
0.463	5.400	1150	37957.1	686.057	1015.97	809.042	0.0610425	0.938957	0.327275	0.543934	0.128791	1	0
0.464	5.400	1150	37733.3	686.062	1015.97	809.042	0.0608139	0.939186	0.328189	0.54382	0.127991	1	0
0.465	5.400	1150	37691.2	686.063	1015.97	809.042	0.0618427	0.938157	0.327732	0.544429	0.127839	1	0
0.466	5.400	1150	37547.9	686.066	1015.97	809.042	0.0621856	0.937814	0.327237	0.545344	0.12742	1	0
0.467	5.400	1150	37689.1	686.062	1015.97	809.042	0.0573845	0.942615	0.327199	0.54481	0.127991	1	0
0.468	5.400	1150	37708.6	686.061	1015.97	809.042	0.0592135	0.940786	0.326703	0.545267	0.128029	1	0
0.469	5.400	1150	37918.1	686.056	1015.97	809.042	0.0611568	0.938843	0.326779	0.544467	0.128753	1	0
0.47	5.400	1150	37985.8	686.056	1015.97	809.042	0.0577275	0.942273	0.326665	0.544391	0.128944	1	0
0.471	5.400	1150	37995.5	686.055	1015.97	809.042	0.0587563	0.941244	0.326398	0.544505	0.129096	1	0
0.472	5.400	1150	38031.4	686.056	1015.97	809.042	0.0614998	0.9385	0.325027	0.545877	0.129096	1	0
0.473	5.400	1150	38055.5	686.056	1015.97	809.042	0.0606996	0.9393	0.325179	0.545534	0.129287	1	0
0.474	5.400	1150	38053.7	686.056	1015.97	809.042	0.0623	0.9377	0.324798	0.54603	0.129172	1	0
0.475	5.400	1150	38041.6	686.056	1015.97	809.042	0.0621856	0.937814	0.324989	0.545991	0.12902	1	0
0.476	5.400	1150	37680.4	686.064	1015.97	809.042	0.0621856	0.937814	0.324341	0.54782	0.127839	1	0
0.477	5.400	1150	37846	686.06	1015.97	809.042	0.0594422	0.940558	0.324265	0.547325	0.12841	1	0
0.478	5.400	1150	37849	686.06	1015.97	809.042	0.0620713	0.937929	0.323731	0.547706	0.128563	1	0
0.479	5.400	1150	37496	686.068	1015.97	809.042	0.0609282	0.939072	0.323998	0.548621	0.127381	1	0
0.48	5.400	1150	37460	686.07	1015.97	809.042	0.0628715	0.937128	0.325103	0.547554	0.127343	1	0
0.481	5.400	1150	37494	686.069	1015.97	809.042	0.0611568	0.938843	0.323541	0.549002	0.127458	1	0
0.482	5.400	1150	37414.7	686.07	1015.97	809.042	0.0620713	0.937929	0.32316	0.549726	0.127115	1	0
0.483	5.400	1150	37493.2	686.07	1015.97	809.042	0.0616141	0.938386	0.323503	0.549116	0.127381	1	0
0.484	5.400	1150	37429.2	686.071	1015.97	809.041	0.0617284	0.938272	0.323693	0.549078	0.127229	1	0
0.485	5.400	1150	37417.3	686.072	1015.97	809.041	0.060128	0.939872	0.323769	0.549154	0.127077	1	0
0.486	5.400	1150	37375.2	686.072	1015.97	809.041	0.0579561	0.942044	0.324493	0.548506	0.127	1	0
0.487	5.400	1150	37447.6	686.071	1015.97	809.041	0.0624143	0.937586	0.323769	0.549002	0.127229	1	0
0.488	5.400	1150	37374.9	686.073	1015.97	809.041	0.0626429	0.937357	0.323464	0.549535	0.127	1	0
0.489	5.400	1150	37400.9	686.073	1015.97	809.041	0.0617284	0.938272	0.324531	0.548354	0.127115	1	0
0.49	5.400	1150	37456.1	686.073	1015.97	809.041	0.0625286	0.937471	0.324684	0.547973	0.127343	1	0
0.491	5.400	1150	37537.4	686.071	1015.97	809.041	0.0626429	0.937357	0.324303	0.547973	0.127724	1	0
0.492	5.400	1150	37576.1	686.069	1015.97	809.041	0.0612711	0.938729	0.324341	0.547782	0.127877	1	0
0.493	5.400	1150	37587.4	686.069	1015.97	809.041	0.061957	0.938043	0.323998	0.548011	0.127991	1	0
0.494	5.400	1150	37589.5	686.068	1015.97	809.042	0.0595565	0.940444	0.323579	0.548392	0.128029	1	0
0.495	5.400	1150	37424.6	686.071	1015.97	809.041	0.0581847	0.941815	0.323731	0.548773	0.127496	1	0
0.496	5.400	1150	37437.3	686.07	1015.97	809.042	0.0624143	0.937586	0.324265	0.548278	0.127458	1	0
0.497	5.400	1150	37654.7	686.065	1015.97	809.042	0.0612711	0.938729	0.324608	0.547096	0.128296	1	0
0.498	5.400	1150	37572.6	686.068	1015.97	809.042	0.0593278	0.940672	0.324646	0.547325	0.128029	1	0
0.499	5.400	1150	37711	686.064	1015.97	809.042	0.0584134	0.941587	0.323884	0.54763	0.128487	1	0
0.5	5.400	1150	37765.2	686.062	1015.97	809.042	0.060128	0.939872	0.324074	0.547287	0.128639	1	0
0.501	5.400	1150	37605.3	686.066	1015.97	809.042	0.0618427	0.938157	0.323312	0.548773	0.127915	1	0
0.502	5.400	1150	37800.2	686.062	1015.97	809.042	0.0618427	0.938157	0.323388	0.548125	0.128487	1	0
0.503	5.400	1150	37765.3	686.063	1015.97	809.042	0.0621856	0.937814	0.323845	0.547782	0.128372	1	0
0.504	5.400	1150	37916.6	686.059	1015.97	809.042	0.0600137	0.939986	0.323845	0.547363	0.128791	1	0
0.505	5.400	1150	37904.9	686.059	1015.97	809.042	0.0631001	0.9369	0.32316	0.54782	0.12902	1	0
0.506	5.400	1150	37658.6	686.065	1015.97	809.042	0.0658436	0.934156	0.323884	0.547782	0.128334	1	0
0.507	5.400	1150	37588.3	686.069	1015.97	809.041	0.0645862	0.935414	0.324036	0.547973	0.127991	1	0
0.508	5.400	1150	37528.6	686.07	1015.97	809.041	0.0664152	0.933585	0.323769	0.548278	0.127953	1	0
0.509	5.400	1150	37816.6	686.063	1015.97	809.042	0.0647005	0.935299	0.323541	0.547516	0.128944	1	0
0.51	5.400	1150	37685.4	686.068	1015.97	809.041	0.0657293	0.934271	0.324379	0.547096	0.128525	1	0
0.511	5.400	1150	37661.7	686.067	1015.97	809.041	0.0624143	0.937586	0.324188	0.547363	0.128448	1	0
0.512	5.400	1150	37733.7	686.066	1015.97	809.041	0.0618427	0.938157	0.323617	0.547744	0.128639	1	0
0.513	5.400	1150	37891.6	686.063	1015.97	809.042	0.0566987	0.943301	0.324912	0.545915	0.129172	1	0
0.514	5.400	1150	37806.7	686.065	1015.97	809.041	0.0588706	0.941129	0.324836	0.54622	0.128944	1	0
0.515	5.400	1150	37979.9	686.061	1015.97	809.042	0.0627572	0.937243	0.324836	0.545725	0.129439	1	0
0.516	5.400	1150	38085.1	686.058	1015.97	809.042	0.0627572	0.937243	0.325179	0.545001	0.12982	1	0
0.517	5.400	1150	37959.3	686.062	1015.97	809.042	0.0614998	0.9385	0.32556	0.545115	0.129325	1	0
0.518	5.400	1150	37803.2	686.067	1015.97	809.041	0.0606996	0.9393	0.325255	0.545953	0.128791	1	0
0.519	5.400	1150	37780.9	686.068	1015.97	809.041	0.0631001	0.9369	0.325636	0.54561	0.128753	1	0
0.52	5.400	1150	37840	686.066	1015.97	809.041	0.0634431	0.936557	0.324722	0.546334	0.128944	1	0
0.521	5.400	1150	37758.1	686.067	1015.97	809.041	0.0612711	0.938729	0.325027	0.546182	0.128791	1	0
0.522	5.400	1150	37648.5	686.069	1015.97	809.041	0.0626429	0.937357	0.325179	0.546411	0.12841	1	0
0.523	5.400	1150	37690.8	686.068	1015.97	809.041	0.0617284	0.938272	0.325446	0.546068	0.128487	1	0
0.524	5.400	1150	37590.9	686.069	1015.97	809.041	0.0627572	0.937243	0.326856	0.545001	0.128144	1	0
0.525	5.400	1150	37650.4	686.068	1015.97	809.041	0.0618427	0.938157	0.327656	0.543743	0.128601	1	0
0.526	5.400	1150	37692.4	686.067	1015.97	809.041	0.0573845	0.942615	0.327846	0.543324	0.128829	1	0
0.527	5.400	1150	37592.1	686.069	1015.97	809.041	0.0588706	0.941129	0.327694	0.543934	0.128372	1	0
0.528	5.400	1150	37607.2	686.069	1015.97	809.041	0.0596708	0.940329	0.328304	0.543248	0.128448	1	0
0.529	5.400	1150	37563.9	686.069	1015.97	809.041	0.0547554	0.945245	0.329294	0.542372	0.128334	1	0
0.53	5.400	1150	37652.2	686.067	1015.97	809.041	0.0603567	0.939643	0.329066	0.542257	0.128677	1	0
0.531	5.400	1150	37568.8	686.068	1015.97	809.041	0.0613855	0.938615	0.329294	0.542295	0.12841	1	0
0.532	5.400	1150	37799.3	686.062	1015.97	809.042	0.0617284	0.938272	0.32979	0.541114	0.129096	1	0
0.533	5.400	1150	37821.2	686.062	1015.97	809.042	0.0642433	0.935757	0.328913	0.541914	0.129172	1	0
0.534	5.400	1150	37669.1	686.067	1015.97	809.041	0.0617284	0.938272	0.328913	0.542333	0.128753	1	0
0.535	5.400	1150	37843.8	686.063	1015.97	809.042	0.0616141	0.938386	0.32838	0.542257	0.129363	1	0
0.536	5.400	1150	37984.1	686.059	1015.97	809.042	0.060471	0.939529	0.328342	0.542029	0.12963	1	0
0.537	5.400	1150	37962.2	686.06	1015.97	809.042	0.058299	0.941701	0.329142	0.541419	0.129439	1	0
0.538	5.400	1150	37981.1	686.058	1015.97	809.042	0.0612711	0.938729	0.328723	0.541648	0.12963	1	0
0.539	5.400	1150	37858.4	686.061	1015.97	809.042	0.0609282	0.939072	0.327999	0.542715	0.129287	1	0
0.54	5.400	1150	37936.3	686.059	1015.97	809.042	0.0603567	0.939643	0.327999	0.542257	0.129744	1	0
0.541	5.400	1150	37702.9	686.064	1015.97	809.042	0.0625286	0.937471	0.328151	0.542943	0.128906	1	0
0.542	5.400	1150	37878.3	686.061	1015.97	809.042	0.0627572	0.937243	0.328608	0.541991	0.129401	1	0
0.543	5.400	1150	38093	686.057	1015.97	809.042	0.0636717	0.936328	0.328227	0.541838	0.129934	1	0
0.544	5.400	1150	38192	686.054	1015.97	809.042	0.0609282	0.939072	0.32758	0.542143	0.130277	1	0
0.545	5.400	1150	38062.4	686.057	1015.97	809.042	0.058642	0.941358	0.328418	0.541838	0.129744	1	0
0.546	5.400	1150	38083.8	686.057	1015.97	809.042	0.0596708	0.940329	0.327199	0.543019	0.129782	1	0
0.547	5.400	1150	38015.7	686.058	1015.97	809.042	0.0597851	0.940215	0.327122	0.543324	0.129553	1	0
0.548	5.400	1150	38055.6	686.057	1015.97	809.042	0.0614998	0.9385	0.32758	0.542562	0.129858	1	0
0.549	5.400	1150	37949.9	686.059	1015.97	809.042	0.0588706	0.941129	0.327427	0.543134	0.129439	1	0
0.55	5.400	1150	37867.5	686.061	1015.97	809.042	0.0574989	0.942501	0.326818	0.543972	0.12921	1	0
0.551	5.400	1150	37916	686.059	1015.97	809.042	0.058299	0.941701	0.326513	0.544201	0.129287	1	0
0.552	5.400	1150	37896.6	686.059	1015.97	809.042	0.0611568	0.938843	0.326779	0.543972	0.129249	1	0
0.553	5.400	1150	37815.1	686.061	1015.97	809.042	0.0572702	0.94273	0.326208	0.54481	0.128982	1	0
0.554	5.400	1150	37817.6	686.062	1015.97	809.042	0.0628715	0.937128	0.325103	0.545801	0.129096	1	0
0.555	5.400	1150	37602.2	686.066	1015.97	809.042	0.0576132	0.942387	0.325484	0.546296	0.12822	1	0
0.556	5.400	1150	37469.3	686.07	1015.97	809.041	0.0618427	0.938157	0.325217	0.547058	0.127724	1	0
0.557	5.400	1150	37380.2	686.071	1015.97	809.041	0.0618427	0.938157	0.326284	0.546373	0.127343	1	0
0.558	5.400	1150	37233.8	686.077	1015.97	809.041	0.0598994	0.940101	0.326398	0.546906	0.126696	1	0
0.559	5.400	1150	37251	686.076	1015.97	809.041	0.0620713	0.937929	0.325827	0.547439	0.126734	1	0
0.56	5.400	1150	37167.9	686.078	1015.97	809.041	0.0636717	0.936328	0.326856	0.546754	0.126391	1	0
0.561	5.400	1150	37227.4	686.077	1015.97	809.041	0.0645862	0.935414	0.326437	0.546868	0.126696	1	0
0.562	5.400	1150	37230.4	686.077	1015.97	809.041	0.0641289	0.935871	0.327046	0.546373	0.126581	1	0
0.563	5.400	1150	37105.4	686.079	1015.97	809.041	0.0663009	0.933699	0.326284	0.547516	0.1262	1	0
0.564	5.400	1150	36995.5	686.081	1015.97	809.041	0.0632144	0.936786	0.325827	0.548316	0.125857	1	0
0.565	5.400	1150	37395.5	686.071	1015.97	809.041	0.0626429	0.937357	0.32617	0.546639	0.127191	1	0
0.566	5.400	1150	37445.2	686.069	1015.97	809.042	0.0595565	0.940444	0.325255	0.547096	0.127648	1	0
0.567	5.400	1150	37455.9	686.068	1015.97	809.042	0.0620713	0.937929	0.325941	0.546296	0.127763	1	0
0.568	5.400	1150	37613.3	686.065	1015.97	809.042	0.0635574	0.936443	0.325713	0.545953	0.128334	1	0
0.569	5.400	1150	37418.1	686.07	1015.97	809.042	0.0624143	0.937586	0.32697	0.545267	0.127763	1	0
0.57	5.400	1150	37415.8	686.072	1015.97	809.041	0.0596708	0.940329	0.326665	0.545649	0.127686	1	0
0.571	5.400	1150	37543	686.068	1015.97	809.042	0.0594422	0.940558	0.32636	0.545649	0.127991	1	0
0.572	5.400	1150	37575	686.067	1015.97	809.042	0.0588706	0.941129	0.326703	0.545039	0.128258	1	0
0.573	5.400	1150	37648.3	686.064	1015.97	809.042	0.0593278	0.940672	0.325789	0.54561	0.128601	1	0
0.574	5.400	1150	37829.1	686.059	1015.97	809.042	0.0570416	0.942958	0.326208	0.544582	0.12921	1	0
0.575	5.400	1150	37891	686.057	1015.97	809.042	0.0569273	0.943073	0.326055	0.544505	0.129439	1	0
0.576	5.400	1150	38044.2	686.052	1015.97	809.042	0.0558985	0.944102	0.325522	0.544658	0.12982	1	0
0.577	5.400	1150	37886.5	686.056	1015.97	809.042	0.058299	0.941701	0.32495	0.545953	0.129096	1	0
0.578	5.400	1150	37776.2	686.059	1015.97	809.042	0.0618427	0.938157	0.324874	0.546411	0.128715	1	0
0.579	5.400	1150	37840.3	686.059	1015.97	809.042	0.0620713	0.937929	0.323655	0.547325	0.12902	1	0
0.58	5.400	1150	37979.7	686.055	1015.97	809.042	0.0621856	0.937814	0.323807	0.546754	0.129439	1	0
0.581	5.400	1150	37843.9	686.058	1015.97	809.042	0.0606996	0.9393	0.323236	0.547744	0.12902	1	0
0.582	5.400	1150	37871.4	686.057	1015.97	809.042	0.0611568	0.938843	0.323655	0.547249	0.129096	1	0
0.583	5.400	1150	37810.7	686.059	1015.97	809.042	0.0609282	0.939072	0.32415	0.546868	0.128982	1	0
0.584	5.400	1150	37821.7	686.061	1015.97	809.042	0.060128	0.939872	0.323464	0.547554	0.128982	1	0
0.585	5.400	1150	37960.9	686.056	1015.97	809.042	0.0576132	0.942387	0.32316	0.547173	0.129668	1	0
0.586	5.400	1150	38255.7	686.049	1015.97	809.042	0.0572702	0.94273	0.322779	0.546563	0.130658	1	0
0.587	5.400	1150	38147.1	686.052	1015.97	809.042	0.0548697	0.94513	0.322321	0.547401	0.130277	1	0
0.588	5.400	1150	38184.5	686.05	1015.97	809.042	0.0576132	0.942387	0.321292	0.548201	0.130506	1	0
0.589	5.400	1150	38158.2	686.05	1015.97	809.043	0.0574989	0.942501	0.320797	0.548849	0.130354	1	0
0.59	5.400	1150	38045	686.053	1015.97	809.042	0.0576132	0.942387	0.320683	0.549268	0.130049	1	0
0.591	5.400	1150	37996.1	686.055	1015.97	809.042	0.0573845	0.942615	0.321712	0.54843	0.129858	1	0
0.592	5.400	1150	38117.1	686.051	1015.97	809.042	0.0550983	0.944902	0.322321	0.547287	0.130392	1	0
0.593	5.400	1150	38355.7	686.046	1015.97	809.043	0.060128	0.939872	0.321521	0.547325	0.131154	1	0
0.594	5.400	1150	38285.5	686.048	1015.97	809.043	0.0621856	0.937814	0.322779	0.546258	0.130963	1	0
0.595	5.400	1150	38038.5	686.054	1015.97	809.042	0.0613855	0.938615	0.32255	0.547478	0.129973	1	0
0.596	5.400	1150	38144.1	686.051	1015.97	809.042	0.0647005	0.935299	0.323045	0.546754	0.130201	1	0
0.597	5.400	1150	37925.3	686.054	1015.97	809.042	0.0618427	0.938157	0.322207	0.548392	0.129401	1	0
0.598	5.400	1150	38040.3	686.052	1015.97	809.042	0.0584134	0.941587	0.322359	0.547782	0.129858	1	0
0.599	5.400	1150	38151.7	686.051	1015.97	809.042	0.0605853	0.939415	0.322321	0.547401	0.130277	1	0
0.6	5.400	1150	38112.9	686.053	1015.97	809.042	0.0606996	0.9393	0.321978	0.547859	0.130163	1	0
0.601	5.400	1150	38194	686.05	1015.97	809.042	0.0602423	0.939758	0.320988	0.548583	0.13043	1	0
0.602	5.400	1150	38262.1	686.049	1015.97	809.042	0.0618427	0.938157	0.320416	0.549002	0.130582	1	0
0.603	5.400	1150	38361.6	686.047	1015.97	809.043	0.0605853	0.939415	0.320797	0.548392	0.130811	1	0
0.604	5.400	1150	38473.7	686.043	1015.97	809.043	0.0596708	0.940329	0.320683	0.548049	0.131268	1	0
0.605	5.400	1150	38317.4	686.046	1015.97	809.043	0.0606996	0.9393	0.320835	0.548468	0.130697	1	0
0.606	5.400	1150	38234.1	686.049	1015.97	809.042	0.0617284	0.938272	0.322436	0.547211	0.130354	1	0
0.607	5.400	1150	38173.8	686.051	1015.97	809.042	0.0627572	0.937243	0.322855	0.546944	0.130201	1	0
0.608	5.400	1150	38012.2	686.056	1015.97	809.042	0.0611568	0.938843	0.323007	0.547478	0.129515	1	0
0.609	5.400	1150	38023.2	686.057	1015.97	809.042	0.0636717	0.936328	0.323464	0.547096	0.129439	1	0
0.61	5.400	1150	37768.9	686.063	1015.97	809.042	0.065615	0.934385	0.323426	0.548011	0.128563	1	0
0.611	5.400	1150	37784	686.063	1015.97	809.042	0.0658436	0.934156	0.322283	0.549192	0.128525	1	0
0.612	5.400	1150	37776.1	686.064	1015.97	809.042	0.0632144	0.936786	0.322055	0.549421	0.128525	1	0
0.613	5.400	1150	38002.5	686.058	1015.97	809.042	0.0603567	0.939643	0.32255	0.548354	0.129096	1	0
0.614	5.400	1150	38038.7	686.057	1015.97	809.042	0.0596708	0.940329	0.322969	0.54763	0.129401	1	0
0.615	5.400	1150	38214.1	686.054	1015.97	809.042	0.0598994	0.940101	0.323769	0.546334	0.129896	1	0
0.616	5.400	1150	38318.4	686.05	1015.97	809.042	0.0605853	0.939415	0.323884	0.545801	0.130316	1	0
0.617	5.400	1150	38301.8	686.051	1015.97	809.042	0.0611568	0.938843	0.323426	0.546296	0.130277	1	0
0.618	5.400	1150	38210	686.053	1015.97	809.042	0.0587563	0.941244	0.323045	0.547135	0.12982	1	0
0.619	5.400	1150	38087.9	686.056	1015.97	809.042	0.0578418	0.942158	0.322512	0.547859	0.12963	1	0
0.62	5.400	1150	37952.6	686.059	1015.97	809.042	0.0611568	0.938843	0.322817	0.547859	0.129325	1	0
0.621	5.400	1150	38192	686.053	1015.97	809.042	0.0634431	0.936557	0.323617	0.546182	0.130201	1	0
0.622	5.400	1150	38080.4	686.054	1015.97	809.042	0.0631001	0.9369	0.322893	0.547287	0.12982	1	0
0.623	5.400	1150	38118.3	686.053	1015.97	809.042	0.0661866	0.933813	0.323503	0.546639	0.129858	1	0
0.624	5.400	1150	38063.9	686.055	1015.97	809.042	0.0600137	0.939986	0.32316	0.547325	0.129515	1	0
0.625	5.400	1150	38049.2	686.054	1015.97	809.042	0.0611568	0.938843	0.323464	0.547058	0.129477	1	0
0.626	5.400	1150	38187.1	686.05	1015.97	809.042	0.0618427	0.938157	0.323655	0.546296	0.130049	1	0
0.627	5.400	1150	38385.7	686.046	1015.97	809.043	0.0587563	0.941244	0.323274	0.546144	0.130582	1	0
0.628	5.400	1150	38152.6	686.053	1015.97	809.042	0.0627572	0.937243	0.322702	0.547478	0.12982	1	0
0.629	5.400	1150	38186.1	686.053	1015.97	809.042	0.0600137	0.939986	0.322817	0.547439	0.129744	1	0
0.63	5.400	1150	38275.5	686.052	1015.97	809.042	0.0634431	0.936557	0.323388	0.546487	0.130125	1	0
0.631	5.400	1150	38353.9	686.05	1015.97	809.042	0.0606996	0.9393	0.323312	0.54622	0.130468	1	0
0.632	5.400	1150	38423.4	686.048	1015.97	809.042	0.0645862	0.935414	0.323655	0.545649	0.130697	1	0
0.633	5.400	1150	38368.8	686.05	1015.97	809.042	0.0606996	0.9393	0.323807	0.545534	0.130658	1	0
0.634	5.400	1150	38274.9	686.052	1015.97	809.042	0.063786	0.936214	0.32335	0.546258	0.130392	1	0
0.635	5.400	1150	38204.5	686.054	1015.97	809.042	0.0606996	0.9393	0.323236	0.546601	0.130163	1	0
0.636	5.400	1150	38290	686.053	1015.97	809.042	0.0621856	0.937814	0.323083	0.546715	0.130201	1	0
0.637	5.400	1150	38251.5	686.055	1015.97	809.042	0.0614998	0.9385	0.322207	0.547782	0.130011	1	0
0.638	5.400	1150	38134.7	686.058	1015.97	809.042	0.0597851	0.940215	0.323198	0.547211	0.129592	1	0
0.639	5.400	1150	38083.2	686.058	1015.97	809.042	0.056813	0.943187	0.323198	0.547325	0.129477	1	0
0.64	5.400	1150	37944	686.062	1015.97	809.042	0.0596708	0.940329	0.322779	0.548087	0.129134	1	0
0.641	5.400	1150	37885.1	686.063	1015.97	809.042	0.0617284	0.938272	0.322702	0.548392	0.128906	1	0
0.642	5.400	1150	37891.1	686.062	1015.97	809.042	0.0595565	0.940444	0.323845	0.547135	0.12902	1	0
0.643	5.400	1150	37686.7	686.066	1015.97	809.041	0.0595565	0.940444	0.323617	0.548125	0.128258	1	0
0.644	5.400	1150	37570.9	686.069	1015.97	809.041	0.0612711	0.938729	0.322664	0.549497	0.127839	1	0
0.645	5.400	1150	37517.6	686.07	1015.97	809.041	0.0620713	0.937929	0.321788	0.550526	0.127686	1	0
0.646	5.400	1150	37815.6	686.064	1015.97	809.042	0.0618427	0.938157	0.322512	0.548849	0.128639	1	0
0.647	5.400	1150	37689.2	686.068	1015.97	809.041	0.0635574	0.936443	0.32274	0.549345	0.127915	1	0
0.648	5.400	1150	37888.4	686.064	1015.97	809.042	0.0627572	0.937243	0.322512	0.54904	0.128448	1	0
0.649	5.400	1150	37864.7	686.064	1015.97	809.041	0.061957	0.938043	0.322664	0.548925	0.12841	1	0
0.65	5.400	1150	38112.9	686.058	1015.97	809.042	0.0596708	0.940329	0.322931	0.547782	0.129287	1	0
0.651	5.400	1150	38160.4	686.056	1015.97	809.042	0.0600137	0.939986	0.323236	0.547211	0.129553	1	0
0.652	5.400	1150	37971.1	686.061	1015.97	809.042	0.0597851	0.940215	0.322664	0.548354	0.128982	1	0
0.653	5.400	1150	37914	686.063	1015.97	809.042	0.0639003	0.9361	0.323655	0.547363	0.128982	1	0
0.654	5.400	1150	37975.7	686.061	1015.97	809.042	0.0598994	0.940101	0.32415	0.546601	0.129249	1	0
0.655	5.400	1150	37871.4	686.062	1015.97	809.042	0.0571559	0.942844	0.323503	0.547554	0.128944	1	0
0.656	5.400	1150	37911.6	686.059	1015.97	809.042	0.0600137	0.939986	0.323464	0.547478	0.129058	1	0
0.657	5.400	1150	38018	686.057	1015.97	809.042	0.0598994	0.940101	0.324722	0.545801	0.129477	1	0
0.658	5.400	1150	38074.4	686.057	1015.97	809.042	0.058299	0.941701	0.324722	0.545687	0.129592	1	0
0.659	5.400	1150	37897	686.063	1015.97	809.042	0.0597851	0.940215	0.324722	0.546334	0.128944	1	0
0.66	5.400	1150	37819.9	686.064	1015.97	809.042	0.0633288	0.936671	0.325636	0.545649	0.128715	1	0
0.661	5.400	1150	37717.4	686.066	1015.97	809.042	0.0623	0.9377	0.325141	0.546563	0.128296	1	0
0.662	5.400	1150	37838.2	686.062	1015.97	809.042	0.0597851	0.940215	0.326094	0.545267	0.128639	1	0
0.663	5.400	1150	37814.9	686.062	1015.97	809.042	0.0580704	0.94193	0.326779	0.544429	0.128791	1	0
0.664	5.400	1150	37694.3	686.065	1015.97	809.042	0.0623	0.9377	0.32617	0.545382	0.128448	1	0
0.665	5.400	1150	37589.8	686.066	1015.97	809.042	0.0650434	0.934957	0.327275	0.544658	0.128067	1	0
0.666	5.400	1150	37337.6	686.074	1015.97	809.041	0.0621856	0.937814	0.326779	0.545877	0.127343	1	0
0.667	5.400	1150	37203.6	686.078	1015.97	809.041	0.0593278	0.940672	0.326703	0.546373	0.126924	1	0
0.668	5.400	1150	37506.6	686.071	1015.97	809.041	0.0613855	0.938615	0.326741	0.545496	0.127763	1	0
0.669	5.400	1150	37665.3	686.068	1015.97	809.041	0.0627572	0.937243	0.326094	0.545534	0.128372	1	0
0.67	5.400	1150	37712.6	686.067	1015.97	809.041	0.0625286	0.937471	0.325979	0.545534	0.128487	1	0
0.671	5.400	1150	37699	686.066	1015.97	809.042	0.0640146	0.935985	0.326513	0.544848	0.128639	1	0
0.672	5.400	1150	37860.5	686.063	1015.97	809.042	0.0611568	0.938843	0.327046	0.543743	0.12921	1	0
0.673	5.400	1150	37673.3	686.069	1015.97	809.041	0.0588706	0.941129	0.326894	0.54462	0.128487	1	0
0.674	5.400	1150	37675.5	686.069	1015.97	809.041	0.0625286	0.937471	0.326818	0.544886	0.128296	1	0
0.675	5.400	1150	37638.5	686.069	1015.97	809.041	0.0612711	0.938729	0.327846	0.543972	0.128182	1	0
0.676	5.400	1150	37479.9	686.073	1015.97	809.041	0.0602423	0.939758	0.328647	0.543781	0.127572	1	0
0.677	5.400	1150	37423.4	686.074	1015.97	809.041	0.0634431	0.936557	0.327846	0.54481	0.127343	1	0
0.678	5.400	1150	37545.7	686.073	1015.97	809.041	0.0611568	0.938843	0.327923	0.544391	0.127686	1	0
0.679	5.400	1150	37627.7	686.07	1015.97	809.041	0.0609282	0.939072	0.328875	0.542867	0.128258	1	0
0.68	5.400	1150	37748.8	686.066	1015.97	809.041	0.0629858	0.937014	0.32838	0.542981	0.128639	1	0
0.681	5.400	1150	37669.4	686.068	1015.97	809.041	0.0584134	0.941587	0.328685	0.543096	0.12822	1	0
0.682	5.400	1150	37788.1	686.066	1015.97	809.041	0.0561271	0.943873	0.329028	0.542295	0.128677	1	0
0.683	5.400	1150	37848.7	686.063	1015.97	809.042	0.0545267	0.945473	0.328456	0.542753	0.128791	1	0
0.684	5.400	1150	38057.5	686.058	1015.97	809.042	0.0593278	0.940672	0.32838	0.542105	0.129515	1	0
0.685	5.400	1150	38185.3	686.055	1015.97	809.042	0.060128	0.939872	0.327846	0.542105	0.130049	1	0
0.686	5.400	1150	38281.3	686.052	1015.97	809.042	0.0629858	0.937014	0.328113	0.541457	0.13043	1	0
0.687	5.400	1150	38082.8	686.058	1015.97	809.042	0.0641289	0.935871	0.328342	0.541914	0.129744	1	0
0.688	5.400	1150	38002.9	686.06	1015.97	809.042	0.0634431	0.936557	0.329218	0.541228	0.129553	1	0
0.689	5.400	1150	38001.1	686.06	1015.97	809.042	0.0612711	0.938729	0.329523	0.540809	0.129668	1	0
0.69	5.400	1150	38077.5	686.058	1015.97	809.042	0.0617284	0.938272	0.329371	0.540657	0.129973	1	0
0.691	5.400	1150	38237.9	686.052	1015.97	809.042	0.058642	0.941358	0.328837	0.540695	0.130468	1	0
0.692	5.400	1150	38170.6	686.054	1015.97	809.042	0.0585277	0.941472	0.327999	0.541838	0.130163	1	0
0.693	5.400	1150	38176.4	686.053	1015.97	809.042	0.0610425	0.938957	0.327351	0.542448	0.130201	1	0
0.694	5.400	1150	38228.4	686.051	1015.97	809.042	0.0626429	0.937357	0.327808	0.541838	0.130354	1	0
0.695	5.400	1150	38221.9	686.051	1015.97	809.042	0.0571559	0.942844	0.32857	0.541114	0.130316	1	0
0.696	5.400	1150	38442.9	686.046	1015.97	809.042	0.0588706	0.941129	0.328989	0.539971	0.131039	1	0
0.697	5.400	1150	38492.3	686.046	1015.97	809.042	0.0593278	0.940672	0.328075	0.540886	0.131039	1	0
0.698	5.400	1150	38449.6	686.047	1015.97	809.042	0.0573845	0.942615	0.328342	0.540962	0.130697	1	0
0.699	5.400	1150	38547	686.046	1015.97	809.042	0.0611568	0.938843	0.328304	0.540733	0.130963	1	0
0.7	5.400	1150	38619.8	686.045	1015.97	809.042	0.0587563	0.941244	0.328456	0.54039	0.131154	1	0
0.701	5.400	1150	38761.4	686.042	1015.98	809.043	0.0593278	0.940672	0.328875	0.539476	0.131649	1	0
0.702	5.400	1150	38786.9	686.043	1015.98	809.042	0.0580704	0.94193	0.327923	0.540543	0.131535	1	0
0.703	5.400	1150	39032.8	686.037	1015.98	809.043	0.0623	0.9377	0.328799	0.538828	0.132373	1	0
0.704	5.400	1150	38938.2	686.038	1015.98	809.043	0.060128	0.939872	0.328494	0.539285	0.132221	1	0
0.705	5.400	1150	39052.8	686.035	1015.98	809.043	0.0588706	0.941129	0.327999	0.539438	0.132564	1	0
0.706	5.400	1150	39357.7	686.028	1015.98	809.043	0.0545267	0.945473	0.327465	0.538904	0.133631	1	0
0.707	5.400	1150	39339.3	686.029	1015.98	809.043	0.0560128	0.943987	0.32758	0.539018	0.133402	1	0
0.708	5.400	1150	39355.1	686.027	1015.98	809.043	0.0558985	0.944102	0.326665	0.539742	0.133592	1	0
0.709	5.400	1150	39493.9	686.023	1015.98	809.043	0.0595565	0.940444	0.327465	0.538447	0.134088	1	0
0.71	5.400	1150	39247	686.029	1015.98	809.043	0.0548697	0.94513	0.327503	0.539209	0.133288	1	0
0.711	5.400	1150	39205.5	686.03	1015.98	809.043	0.0584134	0.941587	0.326665	0.540238	0.133097	1	0
0.712	5.400	1150	39110.8	686.032	1015.98	809.043	0.0547554	0.945245	0.326094	0.541076	0.13283	1	0
0.713	5.400	1150	39059.7	686.034	1015.98	809.043	0.0550983	0.944902	0.32617	0.541152	0.132678	1	0
0.714	5.400	1150	39078.2	686.033	1015.98	809.043	0.0518976	0.948102	0.325636	0.541648	0.132716	1	0
0.715	5.400	1150	39065.4	686.035	1015.98	809.043	0.0541838	0.945816	0.325408	0.542029	0.132564	1	0
0.716	5.400	1150	39047	686.036	1015.98	809.043	0.0540695	0.94593	0.325636	0.541952	0.132411	1	0
0.717	5.400	1150	39203	686.031	1015.98	809.043	0.0550983	0.944902	0.324303	0.542676	0.133021	1	0
0.718	5.400	1150	39195.9	686.031	1015.98	809.043	0.061957	0.938043	0.323731	0.543324	0.132945	1	0
0.719	5.400	1150	39155.9	686.032	1015.98	809.043	0.0589849	0.941015	0.323503	0.543629	0.132868	1	0
0.72	5.400	1150	39060.5	686.033	1015.98	809.043	0.060471	0.939529	0.324074	0.54321	0.132716	1	0
0.721	5.400	1150	39116.5	686.031	1015.98	809.043	0.0596708	0.940329	0.324226	0.542867	0.132907	1	0
0.722	5.400	1150	39210.9	686.029	1015.98	809.043	0.0606996	0.9393	0.323693	0.543134	0.133173	1	0
0.723	5.400	1150	38944.1	686.036	1015.98	809.043	0.0595565	0.940444	0.324531	0.543324	0.132144	1	0
0.724	5.400	1150	38898.4	686.037	1015.98	809.043	0.061957	0.938043	0.325408	0.542524	0.132068	1	0
0.725	5.400	1150	38718.8	686.042	1015.98	809.043	0.0610425	0.938957	0.32495	0.543591	0.131459	1	0
0.726	5.400	1150	38448.1	686.046	1015.97	809.043	0.058642	0.941358	0.325713	0.543591	0.130697	1	0
0.727	5.400	1150	38638.9	686.039	1015.97	809.043	0.0611568	0.938843	0.32636	0.542219	0.131421	1	0
0.728	5.400	1150	38520.1	686.041	1015.97	809.043	0.060128	0.939872	0.327122	0.541876	0.131001	1	0
0.729	5.400	1150	38443	686.044	1015.97	809.043	0.0592135	0.940786	0.326322	0.543019	0.130658	1	0
0.73	5.400	1150	38036.5	686.054	1015.97	809.042	0.0652721	0.934728	0.325789	0.544925	0.129287	1	0
0.731	5.400	1150	38045.1	686.056	1015.97	809.042	0.0625286	0.937471	0.325332	0.545458	0.12921	1	0
0.732	5.400	1150	38061.2	686.055	1015.97	809.042	0.0605853	0.939415	0.326208	0.544544	0.129249	1	0
0.733	5.400	1150	38317.7	686.049	1015.97	809.042	0.0603567	0.939643	0.326437	0.543591	0.129973	1	0
0.734	5.400	1150	38279.9	686.049	1015.97	809.042	0.0597851	0.940215	0.326208	0.54401	0.129782	1	0
0.735	5.400	1150	38351.3	686.049	1015.97	809.042	0.0590992	0.940901	0.32617	0.54382	0.130011	1	0
0.736	5.400	1150	38394.5	686.048	1015.97	809.042	0.0593278	0.940672	0.325674	0.544277	0.130049	1	0
0.737	5.400	1150	38463.9	686.047	1015.97	809.042	0.0564701	0.94353	0.326665	0.543019	0.130316	1	0
0.738	5.400	1150	38096.9	686.055	1015.97	809.042	0.0616141	0.938386	0.326246	0.544582	0.129172	1	0
0.739	5.400	1150	38068.1	686.057	1015.97	809.042	0.0633288	0.936671	0.325865	0.545153	0.128982	1	0
0.74	5.400	1150	38019.2	686.059	1015.97	809.042	0.0634431	0.936557	0.325179	0.54603	0.128791	1	0
0.741	5.400	1150	38116.8	686.057	1015.97	809.042	0.0628715	0.937128	0.323845	0.547173	0.128982	1	0
0.742	5.400	1150	38196.8	686.056	1015.97	809.042	0.0652721	0.934728	0.324912	0.545801	0.129287	1	0
0.743	5.400	1150	38235.3	686.056	1015.97	809.042	0.0658436	0.934156	0.324989	0.54561	0.129401	1	0
0.744	5.400	1150	38368.5	686.053	1015.97	809.042	0.0636717	0.936328	0.324912	0.545191	0.129896	1	0
0.745	5.400	1150	38334	686.053	1015.97	809.042	0.0641289	0.935871	0.325484	0.544696	0.12982	1	0
0.746	5.400	1150	38248.6	686.055	1015.97	809.042	0.0650434	0.934957	0.324303	0.546106	0.129592	1	0
0.747	5.400	1150	38245.8	686.054	1015.97	809.042	0.0647005	0.935299	0.324569	0.545763	0.129668	1	0
0.748	5.400	1150	38173.3	686.057	1015.97	809.042	0.0576132	0.942387	0.324798	0.545763	0.129439	1	0
0.749	5.400	1150	38031.2	686.061	1015.97	809.042	0.0611568	0.938843	0.324912	0.546144	0.128944	1	0
0.75	5.400	1150	38242.1	686.056	1015.97	809.042	0.0618427	0.938157	0.324493	0.545953	0.129553	1	0
0.751	5.400	1150	38559.3	686.048	1015.97	809.042	0.0612711	0.938729	0.324265	0.545115	0.13062	1	0
0.752	5.400	1150	38810.6	686.04	1015.98	809.043	0.0602423	0.939758	0.323922	0.544505	0.131573	1	0
0.753	5.400	1150	38556.4	686.046	1015.97	809.042	0.0596708	0.940329	0.324569	0.544848	0.130582	1	0
0.754	5.400	1150	38661.6	686.042	1015.97	809.043	0.0595565	0.940444	0.32537	0.543591	0.131039	1	0
0.755	5.400	1150	38780.3	686.041	1015.98	809.043	0.0596708	0.940329	0.325865	0.542753	0.131382	1	0
0.756	5.400	1150	38866.5	686.039	1015.98	809.043	0.0603567	0.939643	0.325636	0.542676	0.131687	1	0
0.757	5.400	1150	38887.4	686.039	1015.98	809.043	0.0597851	0.940215	0.32636	0.5418	0.13184	1	0
0.758	5.400	1150	38758.1	686.043	1015.98	809.042	0.0576132	0.942387	0.326779	0.5418	0.131421	1	0
0.759	5.400	1150	38789.5	686.041	1015.98	809.043	0.0565844	0.943416	0.324989	0.543553	0.131459	1	0
0.76	5.400	1150	38794.9	686.04	1015.98	809.043	0.0588706	0.941129	0.325674	0.542943	0.131382	1	0
0.761	5.400	1150	38706.7	686.042	1015.97	809.043	0.0589849	0.941015	0.326437	0.542448	0.131116	1	0
0.762	5.400	1150	38649.7	686.042	1015.97	809.043	0.0548697	0.94513	0.325408	0.543591	0.131001	1	0
0.763	5.400	1150	38638.3	686.041	1015.97	809.043	0.0589849	0.941015	0.326132	0.542943	0.130925	1	0
0.764	5.400	1150	38519.7	686.045	1015.97	809.043	0.0618427	0.938157	0.326627	0.542791	0.130582	1	0
0.765	5.400	1150	38348	686.049	1015.97	809.042	0.063786	0.936214	0.32697	0.542981	0.130049	1	0
0.766	5.400	1150	38363.5	686.047	1015.97	809.043	0.0626429	0.937357	0.326779	0.542943	0.130277	1	0
0.767	5.400	1150	38330.5	686.048	1015.97	809.042	0.0611568	0.938843	0.326284	0.543553	0.130163	1	0
0.768	5.400	1150	38342.9	686.048	1015.97	809.042	0.0611568	0.938843	0.326703	0.543019	0.130277	1	0
0.769	5.400	1150	38155.4	686.052	1015.97	809.042	0.0633288	0.936671	0.326132	0.544277	0.129592	1	0
0.77	5.400	1150	38121.4	686.053	1015.97	809.042	0.0614998	0.9385	0.325979	0.544391	0.12963	1	0
0.771	5.400	1150	38227.4	686.05	1015.97	809.042	0.061957	0.938043	0.326246	0.54382	0.129934	1	0
0.772	5.400	1150	38098.6	686.054	1015.97	809.042	0.0606996	0.9393	0.326322	0.544201	0.129477	1	0
0.773	5.400	1150	38071.5	686.055	1015.97	809.042	0.0609282	0.939072	0.32636	0.544201	0.129439	1	0
0.774	5.400	1150	38348.2	686.048	1015.97	809.043	0.060128	0.939872	0.32617	0.543439	0.130392	1	0
0.775	5.400	1150	38220.3	686.05	1015.97	809.042	0.0584134	0.941587	0.325484	0.544582	0.129934	1	0
0.776	5.400	1150	38219.5	686.05	1015.97	809.043	0.058299	0.941701	0.32495	0.545267	0.129782	1	0
0.777	5.400	1150	38204.7	686.05	1015.97	809.043	0.0593278	0.940672	0.324798	0.545572	0.12963	1	0
0.778	5.400	1150	38436.5	686.043	1015.97	809.043	0.056813	0.943187	0.325065	0.544544	0.130392	1	0
0.779	5.400	1150	38456.2	686.043	1015.97	809.043	0.0588706	0.941129	0.325179	0.544353	0.130468	1	0
0.78	5.400	1150	38512.1	686.042	1015.97	809.043	0.0596708	0.940329	0.324417	0.544963	0.13062	1	0
0.781	5.400	1150	38515.6	686.042	1015.97	809.043	0.0561271	0.943873	0.324722	0.544544	0.130735	1	0
0.782	5.400	1150	38460.5	686.044	1015.97	809.043	0.054984	0.945016	0.32476	0.544658	0.130582	1	0
0.783	5.400	1150	38633.8	686.04	1015.97	809.043	0.053155	0.946845	0.325827	0.542829	0.131344	1	0
0.784	5.400	1150	38589.2	686.039	1015.97	809.043	0.0540695	0.94593	0.324722	0.544162	0.131116	1	0
0.785	5.400	1150	38593.4	686.04	1015.97	809.043	0.0553269	0.944673	0.325751	0.542981	0.131268	1	0
0.786	5.400	1150	38655.2	686.038	1015.97	809.043	0.0590992	0.940901	0.32617	0.542448	0.131382	1	0
0.787	5.400	1150	38660.8	686.038	1015.97	809.043	0.0608139	0.939186	0.325674	0.542943	0.131382	1	0
0.788	5.400	1150	38697.4	686.037	1015.97	809.043	0.0627572	0.937243	0.325789	0.542867	0.131344	1	0
0.789	5.400	1150	38665.2	686.036	1015.97	809.043	0.0603567	0.939643	0.325332	0.543515	0.131154	1	0
0.79	5.400	1150	38666.6	686.034	1015.97	809.043	0.0628715	0.937128	0.325293	0.543477	0.13123	1	0
0.791	5.400	1150	38606.3	686.036	1015.97	809.043	0.0598994	0.940101	0.325827	0.54321	0.130963	1	0
0.792	5.400	1150	38338	686.044	1015.97	809.043	0.0598994	0.940101	0.325179	0.544658	0.130163	1	0
0.793	5.400	1150	38230.9	686.048	1015.97	809.043	0.0597851	0.940215	0.325027	0.545306	0.129668	1	0
0.794	5.400	1150	38106.8	686.051	1015.97	809.043	0.0605853	0.939415	0.325255	0.545458	0.129287	1	0
0.795	5.400	1150	38316.9	686.047	1015.97	809.043	0.0611568	0.938843	0.32556	0.544505	0.129934	1	0
0.796	5.400	1150	38334	686.046	1015.97	809.043	0.0611568	0.938843	0.325713	0.544353	0.129934	1	0
0.797	5.400	1150	38446.9	686.043	1015.97	809.043	0.0640146	0.935985	0.32617	0.543439	0.130392	1	0
0.798	5.400	1150	38397.6	686.046	1015.97	809.043	0.0595565	0.940444	0.325865	0.543896	0.130239	1	0
0.799	5.400	1150	38507.3	686.042	1015.97	809.043	0.0609282	0.939072	0.325484	0.543972	0.130544	1	0
0.8	5.400	1150	38233.9	686.049	1015.97	809.043	0.0621856	0.937814	0.324874	0.545572	0.129553	1	0
0.801	5.400	1150	38274.1	686.049	1015.97	809.042	0.0602423	0.939758	0.325408	0.544963	0.12963	1	0
0.802	5.400	1150	38336.9	686.049	1015.97	809.042	0.0606996	0.9393	0.324417	0.545801	0.129782	1	0
0.803	5.400	1150	38052.6	686.057	1015.97	809.042	0.0563557	0.943644	0.325103	0.546068	0.128829	1	0
0.804	5.400	1150	38054.4	686.057	1015.97	809.042	0.0552126	0.944787	0.324455	0.546715	0.128829	1	0
0.805	5.400	1150	38144.4	686.056	1015.97	809.042	0.0546411	0.945359	0.324646	0.546106	0.129249	1	0
0.806	5.400	1150	38303.8	686.052	1015.97	809.042	0.0570416	0.942958	0.324798	0.545496	0.129706	1	0
0.807	5.400	1150	38398.4	686.05	1015.97	809.042	0.0584134	0.941587	0.324569	0.545267	0.130163	1	0
0.808	5.400	1150	38296.3	686.051	1015.97	809.042	0.0644719	0.935528	0.324226	0.545839	0.129934	1	0
0.809	5.400	1150	38415.8	686.049	1015.97	809.042	0.0621856	0.937814	0.324722	0.544925	0.130354	1	0
0.81	5.400	1150	38271	686.052	1015.97	809.042	0.0563557	0.943644	0.324265	0.545725	0.130011	1	0
0.811	5.400	1150	38342.9	686.05	1015.97	809.042	0.056813	0.943187	0.322893	0.546792	0.130316	1	0
0.812	5.400	1150	38365.9	686.05	1015.97	809.042	0.0574989	0.942501	0.322474	0.547249	0.130277	1	0
0.813	5.400	1150	38380.9	686.05	1015.97	809.042	0.0580704	0.94193	0.323045	0.546563	0.130392	1	0
0.814	5.400	1150	38078.6	686.057	1015.97	809.042	0.0613855	0.938615	0.321864	0.548887	0.129249	1	0
0.815	5.400	1150	38061.8	686.059	1015.97	809.042	0.0625286	0.937471	0.321331	0.549535	0.129134	1	0
0.816	5.400	1150	38009.1	686.061	1015.97	809.042	0.0632144	0.936786	0.321788	0.549154	0.129058	1	0
0.817	5.400	1150	37978.8	686.063	1015.97	809.042	0.0610425	0.938957	0.321635	0.549459	0.128906	1	0
0.818	5.400	1150	38204.8	686.059	1015.97	809.042	0.0602423	0.939758	0.322093	0.548163	0.129744	1	0
0.819	5.400	1150	38300.8	686.056	1015.97	809.042	0.063786	0.936214	0.321826	0.548125	0.130049	1	0
0.82	5.400	1150	38321.9	686.054	1015.97	809.042	0.0614998	0.9385	0.320988	0.548887	0.130125	1	0
0.821	5.400	1150	38505.1	686.051	1015.97	809.042	0.0603567	0.939643	0.321445	0.547935	0.13062	1	0
0.822	5.400	1150	38392.4	686.053	1015.97	809.042	0.0628715	0.937128	0.320873	0.548887	0.130239	1	0
0.823	5.400	1150	38371.5	686.053	1015.97	809.042	0.0620713	0.937929	0.320302	0.549535	0.130163	1	0
0.824	5.400	1150	38296.2	686.054	1015.97	809.042	0.0600137	0.939986	0.319349	0.55064	0.130011	1	0
0.825	5.400	1150	38417.3	686.051	1015.97	809.042	0.0608139	0.939186	0.319311	0.550412	0.130277	1	0
0.826	5.400	1150	38296.8	686.054	1015.97	809.042	0.0625286	0.937471	0.320035	0.550145	0.12982	1	0
0.827	5.400	1150	38131.7	686.058	1015.97	809.042	0.0633288	0.936671	0.319768	0.551021	0.12921	1	0
0.828	5.400	1150	38345.5	686.054	1015.97	809.042	0.0633288	0.936671	0.319921	0.550221	0.129858	1	0
0.829	5.400	1150	38260.2	686.056	1015.97	809.042	0.0661866	0.933813	0.319692	0.550564	0.129744	1	0
0.83	5.400	1150	38320.3	686.053	1015.97	809.042	0.0652721	0.934728	0.319349	0.550793	0.129858	1	0
0.831	5.400	1150	38397.9	686.05	1015.97	809.042	0.0624143	0.937586	0.32053	0.549383	0.130087	1	0
0.832	5.400	1150	38398.4	686.049	1015.97	809.042	0.0605853	0.939415	0.320797	0.549002	0.130201	1	0
0.833	5.400	1150	38326.9	686.051	1015.97	809.042	0.0595565	0.940444	0.320683	0.549345	0.129973	1	0
0.834	5.400	1150	38060.5	686.057	1015.97	809.042	0.0587563	0.941244	0.320264	0.550678	0.129058	1	0
0.835	5.400	1150	38249.9	686.052	1015.97	809.042	0.0569273	0.943073	0.320759	0.549497	0.129744	1	0
0.836	5.400	1150	38404.8	686.049	1015.97	809.042	0.0554412	0.944559	0.32053	0.549268	0.130201	1	0
0.837	5.400	1150	38352.7	686.05	1015.97	809.042	0.0588706	0.941129	0.321026	0.548887	0.130087	1	0
0.838	5.400	1150	38415.3	686.048	1015.97	809.042	0.0602423	0.939758	0.321026	0.548544	0.13043	1	0
0.839	5.400	1150	38225	686.053	1015.97	809.042	0.0624143	0.937586	0.321178	0.54904	0.129782	1	0
0.84	5.400	1150	38212	686.053	1015.97	809.042	0.0639003	0.9361	0.321635	0.548621	0.129744	1	0
0.841	5.400	1150	38242.4	686.053	1015.97	809.042	0.0611568	0.938843	0.321559	0.548659	0.129782	1	0
0.842	5.400	1150	38152.2	686.055	1015.97	809.042	0.0632144	0.936786	0.320416	0.550145	0.129439	1	0
0.843	5.400	1150	38091.2	686.055	1015.97	809.042	0.0616141	0.938386	0.32053	0.550335	0.129134	1	0
0.844	5.400	1150	38121.2	686.056	1015.97	809.042	0.0588706	0.941129	0.319883	0.550831	0.129287	1	0
0.845	5.400	1150	38032	686.057	1015.97	809.042	0.0635574	0.936443	0.32095	0.55003	0.12902	1	0
0.846	5.400	1150	37993.3	686.057	1015.97	809.042	0.0657293	0.934271	0.320607	0.550564	0.128829	1	0
0.847	5.400	1150	38068.8	686.055	1015.97	809.042	0.0657293	0.934271	0.320607	0.550488	0.128906	1	0
0.848	5.400	1150	38235.4	686.05	1015.97	809.042	0.0647005	0.935299	0.321026	0.549535	0.129439	1	0
0.849	5.400	1150	38107.9	686.055	1015.97	809.042	0.0671011	0.932899	0.320149	0.551135	0.128715	1	0
0.85	5.400	1150	38330.9	686.05	1015.97	809.042	0.0653864	0.934614	0.320378	0.550145	0.129477	1	0
0.851	5.400	1150	38165.5	686.055	1015.97	809.042	0.0643576	0.935642	0.320683	0.550488	0.128829	1	0
0.852	5.400	1150	37959.7	686.06	1015.97	809.042	0.0612711	0.938729	0.321407	0.55045	0.128144	1	0
0.853	5.400	1150	37846.9	686.061	1015.97	809.042	0.0621856	0.937814	0.321521	0.550526	0.127953	1	0
0.854	5.400	1150	37985.3	686.057	1015.97	809.042	0.0632144	0.936786	0.322664	0.549002	0.128334	1	0
0.855	5.400	1150	38047.8	686.056	1015.97	809.042	0.0631001	0.9369	0.322474	0.548887	0.128639	1	0
0.856	5.400	1150	38107.9	686.055	1015.97	809.042	0.0628715	0.937128	0.323274	0.547897	0.128829	1	0
0.857	5.400	1150	38152.7	686.054	1015.97	809.042	0.0623	0.9377	0.324455	0.546411	0.129134	1	0
0.858	5.400	1150	38117	686.055	1015.97	809.042	0.0614998	0.9385	0.324074	0.546868	0.129058	1	0
0.859	5.400	1150	38127.9	686.054	1015.97	809.042	0.0625286	0.937471	0.324265	0.546525	0.12921	1	0
0.86	5.400	1150	38222.1	686.05	1015.97	809.042	0.0608139	0.939186	0.324112	0.546411	0.129477	1	0
0.861	5.400	1150	38182.5	686.052	1015.97	809.042	0.0590992	0.940901	0.323426	0.547058	0.129515	1	0
0.862	5.400	1150	38302.7	686.049	1015.97	809.042	0.0580704	0.94193	0.323693	0.546334	0.129973	1	0
0.863	5.400	1150	38373.6	686.046	1015.97	809.043	0.0625286	0.937471	0.323388	0.546411	0.130201	1	0
0.864	5.400	1150	38458.9	686.043	1015.97	809.043	0.0610425	0.938957	0.324112	0.545344	0.130544	1	0
0.865	5.400	1150	38602.5	686.04	1015.97	809.043	0.0627572	0.937243	0.323731	0.545306	0.130963	1	0
0.866	5.400	1150	38484.8	686.043	1015.97	809.043	0.0628715	0.937128	0.32316	0.546373	0.130468	1	0
0.867	5.400	1150	38204.1	686.051	1015.97	809.042	0.060128	0.939872	0.323236	0.547211	0.129553	1	0
0.868	5.400	1150	38268.6	686.049	1015.97	809.042	0.0620713	0.937929	0.322436	0.54763	0.129934	1	0
0.869	5.400	1150	38382.6	686.047	1015.97	809.043	0.0579561	0.942044	0.323083	0.546601	0.130316	1	0
0.87	5.400	1150	38499	686.045	1015.97	809.043	0.0609282	0.939072	0.322512	0.546677	0.130811	1	0
0.871	5.400	1150	38679.2	686.04	1015.97	809.043	0.0603567	0.939643	0.322055	0.546639	0.131306	1	0
0.872	5.400	1150	38580.4	686.044	1015.97	809.043	0.0566987	0.943301	0.321026	0.548011	0.130963	1	0
0.873	5.400	1150	38614.3	686.043	1015.97	809.043	0.0598994	0.940101	0.32053	0.548468	0.131001	1	0
0.874	5.400	1150	38522.9	686.046	1015.97	809.042	0.0573845	0.942615	0.320187	0.548887	0.130925	1	0
0.875	5.400	1150	38639.9	686.044	1015.97	809.043	0.0570416	0.942958	0.320797	0.548049	0.131154	1	0
0.876	5.400	1150	38787.5	686.039	1015.98	809.043	0.0578418	0.942158	0.321102	0.547249	0.131649	1	0
0.877	5.400	1150	38533.4	686.047	1015.97	809.042	0.0564701	0.94353	0.320759	0.548544	0.130697	1	0
0.878	5.400	1150	38630.1	686.044	1015.97	809.043	0.0595565	0.940444	0.320302	0.548697	0.131001	1	0
0.879	5.400	1150	38634	686.044	1015.97	809.043	0.0596708	0.940329	0.319616	0.549497	0.130887	1	0
0.88	5.400	1150	38529.6	686.048	1015.97	809.042	0.0611568	0.938843	0.31893	0.55045	0.13062	1	0
0.881	5.400	1150	38243.5	686.055	1015.97	809.042	0.0605853	0.939415	0.318435	0.551859	0.129706	1	0
0.882	5.400	1150	38243.5	686.055	1015.97	809.042	0.0585277	0.941472	0.318206	0.552088	0.129706	1	0
0.883	5.400	1150	38444.7	686.051	1015.97	809.042	0.061957	0.938043	0.318473	0.551402	0.130125	1	0
0.884	5.400	1150	38312.7	686.052	1015.97	809.042	0.0629858	0.937014	0.316987	0.553193	0.12982	1	0
0.885	5.400	1150	38202.5	686.055	1015.97	809.042	0.0636717	0.936328	0.316339	0.554336	0.129325	1	0
0.886	5.400	1150	38192.6	686.055	1015.97	809.042	0.0649291	0.935071	0.315043	0.555632	0.129325	1	0
0.887	5.400	1150	38154.7	686.057	1015.97	809.042	0.0645862	0.935414	0.315043	0.555708	0.129249	1	0
0.888	5.400	1150	38255.9	686.054	1015.97	809.042	0.0647005	0.935299	0.315806	0.554717	0.129477	1	0
0.889	5.400	1150	38055.1	686.059	1015.97	809.042	0.0605853	0.939415	0.315424	0.555708	0.128868	1	0
0.89	5.400	1150	38118.6	686.058	1015.97	809.042	0.0592135	0.940786	0.315043	0.555937	0.12902	1	0
0.891	5.400	1150	38217.2	686.056	1015.97	809.042	0.0600137	0.939986	0.314967	0.555632	0.129401	1	0
0.892	5.400	1150	38247.9	686.056	1015.97	809.042	0.0585277	0.941472	0.315043	0.55567	0.129287	1	0
0.893	5.400	1150	38345.3	686.055	1015.97	809.042	0.0584134	0.941587	0.315767	0.554832	0.129401	1	0
0.894	5.400	1150	38225.3	686.057	1015.97	809.042	0.0553269	0.944673	0.316453	0.554489	0.129058	1	0
0.895	5.400	1150	38261.7	686.055	1015.97	809.042	0.0560128	0.943987	0.316568	0.554108	0.129325	1	0
0.896	5.400	1150	38463	686.049	1015.97	809.042	0.0569273	0.943073	0.316491	0.553498	0.130011	1	0
0.897	5.400	1150	38631.5	686.046	1015.98	809.042	0.0573845	0.942615	0.317025	0.552279	0.130697	1	0
0.898	5.400	1150	38615.3	686.046	1015.97	809.042	0.0574989	0.942501	0.316987	0.552469	0.130544	1	0
0.899	5.400	1150	38387.8	686.052	1015.97	809.042	0.0553269	0.944673	0.317025	0.553041	0.129934	1	0
0.9	5.400	1150	38476.8	686.049	1015.97	809.042	0.0573845	0.942615	0.316339	0.55346	0.130201	1	0
0.901	5.400	1150	38606.6	686.046	1015.97	809.042	0.060471	0.939529	0.31592	0.553536	0.130544	1	0
0.902	5.400	1150	38695.5	686.044	1015.98	809.042	0.0627572	0.937243	0.317558	0.551631	0.130811	1	0
0.903	5.400	1150	38711.6	686.042	1015.97	809.043	0.0590992	0.940901	0.318625	0.55064	0.130735	1	0
0.904	5.400	1150	38621.1	686.043	1015.97	809.043	0.0608139	0.939186	0.319273	0.550335	0.130392	1	0
0.905	5.400	1150	38572.7	686.044	1015.97	809.042	0.0600137	0.939986	0.319654	0.549916	0.13043	1	0
0.906	5.400	1150	38509.1	686.046	1015.97	809.042	0.0663009	0.933699	0.319768	0.549992	0.130239	1	0
0.907	5.400	1150	38386.6	686.049	1015.97	809.042	0.0618427	0.938157	0.318663	0.55144	0.129896	1	0
0.908	5.400	1150	38391.6	686.049	1015.97	809.042	0.0635574	0.936443	0.318587	0.551326	0.130087	1	0
0.909	5.400	1150	38355.9	686.051	1015.97	809.042	0.0639003	0.9361	0.318854	0.551097	0.130049	1	0
0.91	5.400	1150	38015.1	686.058	1015.97	809.042	0.0618427	0.938157	0.319006	0.552164	0.128829	1	0
0.911	5.400	1150	38002.1	686.059	1015.97	809.042	0.063786	0.936214	0.318625	0.552583	0.128791	1	0
0.912	5.400	1150	37815.5	686.064	1015.97	809.042	0.0660722	0.933928	0.31813	0.55365	0.12822	1	0
0.913	5.400	1150	37690.1	686.067	1015.97	809.041	0.0641289	0.935871	0.318587	0.55365	0.127763	1	0
0.914	5.400	1150	37747.8	686.067	1015.97	809.041	0.0625286	0.937471	0.319959	0.552012	0.128029	1	0
0.915	5.400	1150	37768.1	686.066	1015.97	809.041	0.0628715	0.937128	0.319502	0.552507	0.127991	1	0
0.916	5.400	1150	37786.2	686.065	1015.97	809.041	0.0691587	0.930841	0.318435	0.553498	0.128067	1	0
0.917	5.400	1150	37746.7	686.064	1015.97	809.042	0.0613855	0.938615	0.319692	0.552431	0.127877	1	0
0.918	5.400	1150	38001.3	686.057	1015.97	809.042	0.061957	0.938043	0.319273	0.551974	0.128753	1	0
0.919	5.400	1150	38182.5	686.052	1015.97	809.042	0.0597851	0.940215	0.320416	0.550107	0.129477	1	0
0.92	5.400	1150	38268.6	686.049	1015.97	809.042	0.058642	0.941358	0.320607	0.549573	0.12982	1	0
0.921	5.400	1150	38367.1	686.046	1015.97	809.043	0.0600137	0.939986	0.319616	0.550183	0.130201	1	0
0.922	5.400	1150	38266.8	686.048	1015.97	809.043	0.0620713	0.937929	0.320759	0.549307	0.129934	1	0
0.923	5.400	1150	38255.1	686.048	1015.97	809.042	0.0556699	0.94433	0.319997	0.550145	0.129858	1	0
0.924	5.400	1150	38295.2	686.048	1015.97	809.042	0.0564701	0.94353	0.319997	0.55003	0.129973	1	0
0.925	5.400	1150	38209.4	686.049	1015.97	809.043	0.0564701	0.94353	0.320416	0.549954	0.12963	1	0
0.926	5.400	1150	38162.1	686.05	1015.97	809.042	0.056813	0.943187	0.321483	0.549154	0.129363	1	0
0.927	5.400	1150	38505.9	686.041	1015.97	809.043	0.058642	0.941358	0.321178	0.548354	0.130468	1	0
0.928	5.400	1150	38115.2	686.051	1015.97	809.042	0.0569273	0.943073	0.321064	0.549764	0.129172	1	0
0.929	5.400	1150	38166.5	686.048	1015.97	809.043	0.0618427	0.938157	0.320035	0.550564	0.129401	1	0
0.93	5.400	1150	38192.9	686.05	1015.97	809.042	0.0635574	0.936443	0.319959	0.550754	0.129287	1	0
0.931	5.400	1150	37947.8	686.056	1015.97	809.042	0.0633288	0.936671	0.320721	0.550716	0.128563	1	0
0.932	5.400	1150	38022.2	686.053	1015.97	809.042	0.0627572	0.937243	0.320416	0.550793	0.128791	1	0
0.933	5.400	1150	38288.4	686.048	1015.97	809.043	0.0675583	0.932442	0.320797	0.549611	0.129592	1	0
0.934	5.400	1150	38328	686.048	1015.97	809.043	0.0679012	0.932099	0.321712	0.54843	0.129858	1	0
0.935	5.400	1150	38439.2	686.046	1015.97	809.043	0.0661866	0.933813	0.322779	0.546982	0.130239	1	0
0.936	5.400	1150	38554.2	686.042	1015.97	809.043	0.0597851	0.940215	0.322055	0.547287	0.130658	1	0
0.937	5.400	1150	38778	686.038	1015.97	809.043	0.0611568	0.938843	0.321826	0.546715	0.131459	1	0
0.938	5.400	1150	38867.3	686.036	1015.98	809.043	0.060128	0.939872	0.321216	0.546982	0.131802	1	0
0.939	5.400	1150	38859.7	686.036	1015.98	809.043	0.0595565	0.940444	0.32114	0.547135	0.131725	1	0
0.94	5.400	1150	38610	686.042	1015.97	809.043	0.061957	0.938043	0.321331	0.54782	0.130849	1	0
0.941	5.400	1150	38650.3	686.041	1015.97	809.043	0.060128	0.939872	0.321292	0.547782	0.130925	1	0
0.942	5.400	1150	38667.3	686.04	1015.97	809.043	0.058299	0.941701	0.321102	0.547859	0.131039	1	0
0.943	5.400	1150	38493.9	686.044	1015.97	809.043	0.0595565	0.940444	0.32175	0.547744	0.130506	1	0
0.944	5.400	1150	38536.5	686.044	1015.97	809.043	0.0618427	0.938157	0.321254	0.548201	0.130544	1	0
0.945	5.400	1150	38688.9	686.042	1015.97	809.043	0.0578418	0.942158	0.320988	0.548049	0.130963	1	0
0.946	5.400	1150	38551	686.044	1015.97	809.043	0.0589849	0.941015	0.320759	0.548849	0.130392	1	0
0.947	5.400	1150	38520.2	686.046	1015.97	809.043	0.0593278	0.940672	0.321102	0.548621	0.130277	1	0
0.948	5.400	1150	38403.5	686.049	1015.97	809.042	0.0537266	0.946273	0.321674	0.548506	0.12982	1	0
0.949	5.400	1150	38402.5	686.05	1015.97	809.042	0.0593278	0.940672	0.32194	0.548278	0.129782	1	0
0.95	5.400	1150	38258.1	686.053	1015.97	809.042	0.0631001	0.9369	0.323045	0.547554	0.129401	1	0
0.951	5.400	1150	38133.3	686.056	1015.97	809.042	0.0602423	0.939758	0.32194	0.549154	0.128906	1	0
0.952	5.400	1150	38071.8	686.058	1015.97	809.042	0.0609282	0.939072	0.322169	0.549154	0.128677	1	0
0.953	5.400	1150	38085.9	686.058	1015.97	809.042	0.0587563	0.941244	0.321331	0.55003	0.128639	1	0
0.954	5.400	1150	38156.4	686.056	1015.97	809.042	0.0573845	0.942615	0.321483	0.549611	0.128906	1	0
0.955	5.400	1150	38060.6	686.058	1015.97	809.042	0.0572702	0.94273	0.322359	0.549078	0.128563	1	0
0.956	5.400	1150	37952.3	686.06	1015.97	809.042	0.0611568	0.938843	0.32316	0.548583	0.128258	1	0
0.957	5.400	1150	37786.5	686.064	1015.97	809.042	0.0610425	0.938957	0.32316	0.54923	0.12761	1	0
0.958	5.400	1150	37668.7	686.067	1015.97	809.042	0.058642	0.941358	0.323769	0.548964	0.127267	1	0
0.959	5.400	1150	37535.8	686.07	1015.97	809.041	0.0624143	0.937586	0.324112	0.549002	0.126886	1	0
0.96	5.400	1150	37282.6	686.077	1015.97	809.041	0.0624143	0.937586	0.323426	0.55045	0.126124	1	0
0.961	5.400	1150	37494.7	686.071	1015.97	809.041	0.0611568	0.938843	0.323503	0.549497	0.127	1	0
0.962	5.400	1150	37357.9	686.073	1015.97	809.041	0.0617284	0.938272	0.323426	0.549878	0.126696	1	0
0.963	5.400	1150	37233.3	686.075	1015.97	809.041	0.0641289	0.935871	0.323731	0.550069	0.1262	1	0
0.964	5.400	1150	36962.6	686.084	1015.97	809.041	0.0617284	0.938272	0.323845	0.551021	0.125133	1	0
0.965	5.400	1150	37032.5	686.082	1015.97	809.041	0.0618427	0.938157	0.323541	0.551174	0.125286	1	0
0.966	5.400	1150	37208.1	686.077	1015.97	809.041	0.0565844	0.943416	0.325179	0.548925	0.125895	1	0
0.967	5.400	1150	37118.7	686.081	1015.97	809.041	0.0537266	0.946273	0.325065	0.549307	0.125629	1	0
0.968	5.400	1150	37245	686.078	1015.97	809.041	0.0540695	0.94593	0.324265	0.549726	0.12601	1	0
0.969	5.400	1150	37145.5	686.081	1015.97	809.041	0.060128	0.939872	0.323884	0.55045	0.125667	1	0
0.97	5.400	1150	37235.3	686.078	1015.97	809.041	0.0609282	0.939072	0.323312	0.550793	0.125895	1	0
0.971	5.400	1150	37306.8	686.075	1015.97	809.041	0.0613855	0.938615	0.324036	0.54984	0.126124	1	0
0.972	5.400	1150	37217.8	686.077	1015.97	809.041	0.0580704	0.94193	0.324722	0.549497	0.125781	1	0
0.973	5.400	1150	37299.3	686.073	1015.97	809.041	0.061957	0.938043	0.324684	0.549345	0.125972	1	0
0.974	5.400	1150	37503.5	686.069	1015.97	809.042	0.0658436	0.934156	0.324989	0.548316	0.126696	1	0
0.975	5.400	1150	37572.3	686.067	1015.97	809.042	0.0614998	0.9385	0.325027	0.547973	0.127	1	0
0.976	5.400	1150	37534.4	686.068	1015.97	809.042	0.0644719	0.935528	0.324836	0.548278	0.126886	1	0
0.977	5.400	1150	37593.2	686.067	1015.97	809.042	0.0627572	0.937243	0.324874	0.548049	0.127077	1	0
0.978	5.400	1150	37499.3	686.069	1015.97	809.042	0.0608139	0.939186	0.325865	0.547249	0.126886	1	0
0.979	5.400	1150	37394	686.07	1015.97	809.042	0.0642433	0.935757	0.324798	0.548583	0.126619	1	0
0.98	5.400	1150	37243.7	686.074	1015.97	809.041	0.061957	0.938043	0.325217	0.548697	0.126086	1	0
0.981	5.400	1150	37313.2	686.073	1015.97	809.041	0.0634431	0.936557	0.324265	0.549535	0.1262	1	0
0.982	5.400	1150	37370.1	686.071	1015.97	809.042	0.0657293	0.934271	0.323769	0.549497	0.126734	1	0
0.983	5.400	1150	37290.5	686.073	1015.97	809.041	0.0657293	0.934271	0.323121	0.550526	0.126353	1	0
0.984	5.400	1150	37103.6	686.08	1015.97	809.041	0.0671011	0.932899	0.322474	0.551898	0.125629	1	0
0.985	5.400	1150	37267.7	686.078	1015.97	809.041	0.0667581	0.933242	0.321788	0.552088	0.126124	1	0
0.986	5.400	1150	37100.4	686.083	1015.97	809.041	0.0634431	0.936557	0.321902	0.552507	0.125591	1	0
0.987	5.400	1150	37127.7	686.081	1015.97	809.041	0.0603567	0.939643	0.323083	0.551212	0.125705	1	0
0.988	5.400	1150	37253.1	686.078	1015.97	809.041	0.0608139	0.939186	0.323693	0.550259	0.126048	1	0
0.989	5.400	1150	37360.8	686.074	1015.97	809.041	0.0643576	0.935642	0.323655	0.54984	0.126505	1	0
0.99	5.400	1150	37589.2	686.068	1015.97	809.041	0.0636717	0.936328	0.324265	0.548278	0.127458	1	0
0.991	5.400	1150	37680.5	686.065	1015.97	809.042	0.0649291	0.935071	0.32396	0.548316	0.127724	1	0
0.992	5.400	1150	37772.9	686.062	1015.97	809.042	0.0611568	0.938843	0.323693	0.548087	0.12822	1	0
0.993	5.400	1150	38058.8	686.057	1015.97	809.042	0.0631001	0.9369	0.322169	0.548735	0.129096	1	0
0.994	5.400	1150	38025.1	686.058	1015.97	809.042	0.0623	0.9377	0.323274	0.547744	0.128982	1	0
0.995	5.400	1150	38148.4	686.055	1015.97	809.042	0.0612711	0.938729	0.322893	0.547744	0.129363	1	0
0.996	5.400	1150	37933.6	686.059	1015.97	809.042	0.0618427	0.938157	0.322359	0.548925	0.128715	1	0
0.997	5.400	1150	37830.8	686.062	1015.97	809.042	0.0617284	0.938272	0.322169	0.549497	0.128334	1	0
0.998	5.400	1150	37863.9	686.061	1015.97	809.042	0.061957	0.938043	0.322702	0.548887	0.12841	1	0
0.999	5.400	1150	37959.6	686.059	1015.97	809.042	0.0590992	0.940901	0.321559	0.549726	0.128715	1	0
