time	pCa	hs_length	force	titin_force	extracellular_force	a_fil_length	m_fil_length	a_pop_0	a_pop_1	m_pop_0	m_pop_1	m_pop_2	c_pop_0	c_pop_1
0.001	9.000	950	1854.03	1854.03	0	1015.88	809.005	0.999891	0.000108507	0.990584	0.00941599	0	1	0
0.002	9.000	950	1854.03	1854.03	0	1015.88	809.005	0.999891	0.000108507	0.982048	0.0179519	0	1	0
0.003	9.000	950	1854.03	1854.03	0	1015.88	809.005	1	0	0.973862	0.0261381	0	1	0
0.004	9.000	950	1854.03	1854.03	0	1015.88	809.005	1	0	0.966423	0.0335769	0	1	0
0.005	9.000	950	1854.03	1854.03	0	1015.88	809.005	1	0	0.959563	0.0404369	0	1	0
0.006	9.000	950	1854.03	1854.03	0	1015.88	809.005	1	0	0.953752	0.0462481	0	1	0
0.007	9.000	950	1854.03	1854.03	0	1015.88	809.005	1	0	0.948773	0.0512273	0	1	0
0.008	9.000	950	1854.03	1854.03	0	1015.88	809.005	0.999964	3.6169e-05	0.943818	0.0561825	0	1	0
0.009	9.000	950	1854.03	1854.03	0	1015.88	809.005	1	0	0.939634	0.060366	0	1	0
0.01	9.000	950	1854.03	1854.03	0	1015.88	809.005	1	0	0.93627	0.0637297	0	1	0
0.011	9.000	950	1854.03	1854.03	0	1015.88	809.005	1	0	0.932786	0.067214	0	1	0
0.012	9.000	950	1854.03	1854.03	0	1015.88	809.005	0.999928	7.2338e-05	0.929253	0.0707465	0	1	0
0.013	9.000	950	1854.03	1854.03	0	1015.88	809.005	0.999964	3.6169e-05	0.926649	0.0733507	0	1	0
0.014	9.000	950	1854.03	1854.03	0	1015.88	809.005	0.999928	7.2338e-05	0.924539	0.0754606	0	1	0
0.015	9.000	950	1854.03	1854.03	0	1015.88	809.005	0.999964	3.6169e-05	0.922996	0.0770038	0	1	0
0.016	9.000	950	1854.03	1854.03	0	1015.88	809.005	0.999964	3.6169e-05	0.921055	0.0789448	0	1	0
0.017	9.000	950	1854.03	1854.03	0	1015.88	809.005	1	0	0.919174	0.0808256	0	1	0
0.018	9.000	950	1854.03	1854.03	0	1015.88	809.005	0.999964	3.6169e-05	0.917716	0.0822844	0	1	0
0.019	9.000	950	1854.03	1854.03	0	1015.88	809.005	1	0	0.915859	0.0841411	0	1	0
0.02	9.000	950	1859.07	1854.03	0	1015.88	809.005	0.999964	3.6169e-05	0.914979	0.0850092	1.20563e-05	1	0
0.021	9.000	950	1859.07	1854.03	0	1015.88	809.005	0.999928	7.2338e-05	0.914557	0.0854311	1.20563e-05	1	0
0.022	9.000	950	1859.07	1854.03	0	1015.88	809.005	0.999964	3.6169e-05	0.914159	0.085829	1.20563e-05	1	0
0.023	9.000	950	1859.07	1854.03	0	1015.88	809.005	0.999891	0.000108507	0.913424	0.0865644	1.20563e-05	1	0
0.024	9.000	950	1859.07	1854.03	0	1015.88	809.005	0.999964	3.6169e-05	0.91311	0.0868779	1.20563e-05	1	0
0.025	9.000	950	1859.07	1854.03	0	1015.88	809.005	0.999964	3.6169e-05	0.911579	0.088409	1.20563e-05	1	0
0.026	9.000	950	1859.07	1854.03	0	1015.88	809.005	0.999964	3.6169e-05	0.911024	0.0889636	1.20563e-05	1	0
0.027	9.000	950	1859.07	1854.03	0	1015.88	809.005	0.999964	3.6169e-05	0.909831	0.0901572	1.20563e-05	1	0
0.028	9.000	950	1859.07	1854.03	0	1015.88	809.005	0.999964	3.6169e-05	0.909204	0.0907841	1.20563e-05	1	0
0.029	9.000	950	1854.03	1854.03	0	1015.88	809.005	0.999928	7.2338e-05	0.909674	0.090326	0	1	0
0.03	9.000	950	1854.03	1854.03	0	1015.88	809.005	1	0	0.909071	0.0909288	0	1	0
0.031	9.000	950	1854.03	1854.03	0	1015.88	809.005	0.999964	3.6169e-05	0.908251	0.0917486	0	1	0
0.032	9.000	950	1854.03	1854.03	0	1015.88	809.005	1	0	0.907492	0.0925082	0	1	0
0.033	9.000	950	1854.03	1854.03	0	1015.88	809.005	0.999964	3.6169e-05	0.907251	0.0927493	0	1	0
0.034	9.000	950	1854.03	1854.03	0	1015.88	809.005	0.999964	3.6169e-05	0.907588	0.0924117	0	1	0
0.035	9.000	950	1854.03	1854.03	0	1015.88	809.005	0.999964	3.6169e-05	0.90707	0.0929302	0	1	0
0.036	9.000	950	1854.03	1854.03	0	1015.88	809.005	1	0	0.906588	0.0934124	0	1	0
0.037	9.000	950	1854.03	1854.03	0	1015.88	809.005	1	0	0.90672	0.0932798	0	1	0
0.038	9.000	950	1854.03	1854.03	0	1015.88	809.005	0.999964	3.6169e-05	0.906141	0.0938585	0	1	0
0.039	9.000	950	1854.03	1854.03	0	1015.88	809.005	0.999964	3.6169e-05	0.905864	0.0941358	0	1	0
0.04	9.000	950	1854.03	1854.03	0	1015.88	809.005	0.999964	3.6169e-05	0.906274	0.0937259	0	1	0
0.041	9.000	950	1854.03	1854.03	0	1015.88	809.005	0.999964	3.6169e-05	0.906226	0.0937741	0	1	0
0.042	9.000	950	1854.03	1854.03	0	1015.88	809.005	0.999928	7.2338e-05	0.905575	0.0944252	0	1	0
0.043	9.000	950	1854.03	1854.03	0	1015.88	809.005	0.999964	3.6169e-05	0.905382	0.0946181	0	1	0
0.044	9.000	950	1854.03	1854.03	0	1015.88	809.005	1	0	0.905068	0.0949315	0	1	0
0.045	9.000	950	1854.03	1854.03	0	1015.88	809.005	0.999964	3.6169e-05	0.905322	0.0946783	0	1	0
0.046	9.000	950	1854.03	1854.03	0	1015.88	809.005	0.999964	3.6169e-05	0.905129	0.0948712	0	1	0
0.047	9.000	950	1854.03	1854.03	0	1015.88	809.005	1	0	0.904659	0.0953414	0	1	0
0.048	9.000	950	1854.03	1854.03	0	1015.88	809.005	1	0	0.904839	0.0951606	0	1	0
0.049	9.000	950	1854.03	1854.03	0	1015.88	809.005	1	0	0.904972	0.095028	0	1	0
0.05	9.000	950	1854.03	1854.03	0	1015.88	809.005	0.999964	3.6169e-05	0.905105	0.0948954	0	1	0
0.051	9.000	950	1854.03	1854.03	0	1015.88	809.005	0.999964	3.6169e-05	0.905225	0.0947748	0	1	0
0.052	9.000	950	1854.03	1854.03	0	1015.88	809.005	1	0	0.905563	0.0944372	0	1	0
0.053	9.000	950	1854.03	1854.03	0	1015.88	809.005	1	0	0.90531	0.0946904	0	1	0
0.054	9.000	950	1854.03	1854.03	0	1015.88	809.005	0.999928	7.2338e-05	0.905804	0.0941961	0	1	0
0.055	9.000	950	1854.03	1854.03	0	1015.88	809.005	0.999964	3.6169e-05	0.905117	0.0948833	0	1	0
0.056	9.000	950	1854.03	1854.03	0	1015.88	809.005	0.999964	3.6169e-05	0.905093	0.0949074	0	1	0
0.057	9.000	950	1854.03	1854.03	0	1015.88	809.005	0.999891	0.000108507	0.904695	0.0953053	0	1	0
0.058	9.000	950	1854.03	1854.03	0	1015.88	809.005	0.999928	7.2338e-05	0.904249	0.0957514	0	1	0
0.059	9.000	950	1854.03	1854.03	0	1015.88	809.005	1	0	0.904598	0.0954017	0	1	0
0.06	9.000	950	1854.03	1854.03	0	1015.88	809.005	0.999964	3.6169e-05	0.905225	0.0947748	0	1	0
0.061	9.000	950	1854.03	1854.03	0	1015.88	809.005	0.999928	7.2338e-05	0.90584	0.0941599	0	1	0
0.062	9.000	950	1854.03	1854.03	0	1015.88	809.005	1	0	0.906346	0.0936535	0	1	0
0.063	9.000	950	1854.03	1854.03	0	1015.88	809.005	0.999928	7.2338e-05	0.906033	0.093967	0	1	0
0.064	9.000	950	1854.03	1854.03	0	1015.88	809.005	0.999964	3.6169e-05	0.905732	0.0942684	0	1	0
0.065	9.000	950	1854.03	1854.03	0	1015.88	809.005	1	0	0.905406	0.0945939	0	1	0
0.066	9.000	950	1854.03	1854.03	0	1015.88	809.005	1	0	0.905322	0.0946783	0	1	0
0.067	9.000	950	1854.03	1854.03	0	1015.88	809.005	0.999891	0.000108507	0.905478	0.0945216	0	1	0
0.068	9.000	950	1854.03	1854.03	0	1015.88	809.005	0.999928	7.2338e-05	0.905237	0.0947627	0	1	0
0.069	9.000	950	1854.03	1854.03	0	1015.88	809.005	1	0	0.904442	0.0955584	0	1	0
0.07	9.000	950	1854.03	1854.03	0	1015.88	809.005	1	0	0.904924	0.0950762	0	1	0
0.071	9.000	950	1854.03	1854.03	0	1015.88	809.005	0.999891	0.000108507	0.904815	0.0951847	0	1	0
0.072	9.000	950	1854.03	1854.03	0	1015.88	809.005	1	0	0.903791	0.0962095	0	1	0
0.073	9.000	950	1854.03	1854.03	0	1015.88	809.005	0.999964	3.6169e-05	0.903646	0.0963542	0	1	0
0.074	9.000	950	1854.03	1854.03	0	1015.88	809.005	1	0	0.903718	0.0962818	0	1	0
0.075	9.000	950	1854.03	1854.03	0	1015.88	809.005	1	0	0.903706	0.0962939	0	1	0
0.076	9.000	950	1854.03	1854.03	0	1015.88	809.005	1	0	0.903839	0.0961613	0	1	0
0.077	9.000	950	1854.03	1854.03	0	1015.88	809.005	0.999928	7.2338e-05	0.903537	0.0964627	0	1	0
0.078	9.000	950	1854.03	1854.03	0	1015.88	809.005	1	0	0.904634	0.0953655	0	1	0
0.079	9.000	950	1854.03	1854.03	0	1015.88	809.005	1	0	0.904888	0.0951124	0	1	0
0.08	9.000	950	1854.03	1854.03	0	1015.88	809.005	0.999964	3.6169e-05	0.904634	0.0953655	0	1	0
0.081	9.000	950	1854.03	1854.03	0	1015.88	809.005	1	0	0.904695	0.0953053	0	1	0
0.082	9.000	950	1854.03	1854.03	0	1015.88	809.005	0.999964	3.6169e-05	0.904357	0.0956428	0	1	0
0.083	9.000	950	1854.03	1854.03	0	1015.88	809.005	1	0	0.904851	0.0951485	0	1	0
0.084	9.000	950	1854.03	1854.03	0	1015.88	809.005	1	0	0.904116	0.095884	0	1	0
0.085	9.000	950	1854.03	1854.03	0	1015.88	809.005	1	0	0.904092	0.0959081	0	1	0
0.086	9.000	950	1854.03	1854.03	0	1015.88	809.005	1	0	0.903224	0.0967761	0	1	0
0.087	9.000	950	1854.03	1854.03	0	1015.88	809.005	0.999964	3.6169e-05	0.902947	0.0970534	0	1	0
0.088	9.000	950	1854.03	1854.03	0	1015.88	809.005	1	0	0.902862	0.0971378	0	1	0
0.089	9.000	950	1854.03	1854.03	0	1015.88	809.005	0.999964	3.6169e-05	0.904502	0.0954982	0	1	0
0.09	9.000	950	1854.03	1854.03	0	1015.88	809.005	1	0	0.904514	0.0954861	0	1	0
0.091	9.000	950	1854.03	1854.03	0	1015.88	809.005	0.999964	3.6169e-05	0.904417	0.0955826	0	1	0
0.092	9.000	950	1854.03	1854.03	0	1015.88	809.005	0.999964	3.6169e-05	0.904538	0.095462	0	1	0
0.093	9.000	950	1854.03	1854.03	0	1015.88	809.005	1	0	0.903694	0.0963059	0	1	0
0.094	9.000	950	1854.03	1854.03	0	1015.88	809.005	0.999891	0.000108507	0.903465	0.096535	0	1	0
0.095	9.000	950	1854.03	1854.03	0	1015.88	809.005	0.999964	3.6169e-05	0.90361	0.0963903	0	1	0
0.096	9.000	950	1854.03	1854.03	0	1015.88	809.005	1	0	0.903586	0.0964144	0	1	0
0.097	9.000	950	1854.03	1854.03	0	1015.88	809.005	0.999964	3.6169e-05	0.903911	0.0960889	0	1	0
0.098	9.000	950	1854.03	1854.03	0	1015.88	809.005	1	0	0.904634	0.0953655	0	1	0
0.099	9.000	950	1854.03	1854.03	0	1015.88	809.005	0.999964	3.6169e-05	0.905141	0.0948592	0	1	0
0.1	4.500	950	2173.92	1854	0	1015.88	809.005	0.527488	0.472512	0.90549	0.0936174	0.000892168	1	0
0.101	4.500	950	2718.57	1853.94	0	1015.88	809.006	0.339265	0.660735	0.905527	0.0920501	0.00242332	1	0
0.102	4.500	950	3168.96	1853.88	0	1015.88	809.006	0.315466	0.684534	0.904707	0.0916884	0.00360484	1	0
0.103	4.500	950	3659.52	1853.83	0	1015.88	809.007	0.305447	0.694553	0.905225	0.0898317	0.00494309	1	0
0.104	4.500	950	4155.43	1853.77	0	1015.88	809.007	0.297888	0.702112	0.904671	0.0889757	0.00635368	1	0
0.105	4.500	950	4534.69	1853.73	0	1015.88	809.008	0.296332	0.703668	0.903706	0.0889154	0.00737847	1	0
0.106	4.500	950	4843.2	1853.69	0	1015.88	809.008	0.293367	0.706633	0.903019	0.0887587	0.00822242	1	0
0.107	4.500	950	5236.4	1853.64	0	1015.88	809.009	0.296369	0.703631	0.902862	0.0878665	0.00927132	1	0
0.108	4.500	950	5580.16	1853.6	0	1015.88	809.009	0.289135	0.710865	0.901777	0.0879871	0.0102358	1	0
0.109	4.500	950	5939.67	1853.56	0	1015.88	809.01	0.286712	0.713288	0.901717	0.0870829	0.0112003	1	0
0.11	4.500	950	6260.14	1853.53	0	1015.89	809.01	0.289062	0.710938	0.901114	0.0867935	0.0120925	1	0
0.111	4.500	950	6641	1853.49	0	1015.89	809.011	0.286205	0.713795	0.899498	0.0873722	0.0131293	1	0
0.112	4.500	950	6957.33	1853.45	0	1015.89	809.011	0.27861	0.72139	0.898582	0.0873843	0.0140336	1	0
0.113	4.500	950	7219.07	1853.42	0	1015.89	809.011	0.279803	0.720197	0.898908	0.0862992	0.0147931	1	0
0.114	4.500	950	7333.72	1853.41	0	1015.89	809.011	0.276982	0.723018	0.898618	0.0863112	0.0150704	1	0
0.115	4.500	950	7480.07	1853.39	0	1015.89	809.012	0.279586	0.720414	0.897606	0.0869502	0.0154442	1	0
0.116	4.500	950	7736.76	1853.36	0	1015.89	809.012	0.278248	0.721752	0.89687	0.0869141	0.0162158	1	0
0.117	4.500	950	7849.71	1853.35	0	1015.89	809.012	0.275716	0.724284	0.896738	0.0866609	0.0166016	1	0
0.118	4.500	950	7962.16	1853.33	0	1015.89	809.012	0.275788	0.724212	0.896846	0.0861304	0.0170235	1	0
0.119	4.500	950	8168.49	1853.31	0	1015.89	809.013	0.273908	0.726092	0.896533	0.0858893	0.0175781	1	0
0.12	4.500	950	8395.33	1853.28	0	1015.89	809.013	0.272497	0.727503	0.895713	0.0860822	0.0182051	1	0
0.121	4.500	950	8499.16	1853.27	0	1015.89	809.013	0.272172	0.727828	0.895086	0.0863836	0.0185306	1	0
0.122	4.500	950	8579.12	1853.26	0	1015.89	809.013	0.27492	0.72508	0.894507	0.0867453	0.0187476	1	0
0.123	4.500	950	8727.5	1853.24	0	1015.89	809.013	0.27662	0.72338	0.893856	0.0870587	0.0190852	1	0
0.124	4.500	950	8756.86	1853.24	0	1015.89	809.013	0.274667	0.725333	0.893663	0.0871311	0.0192057	1	0
0.125	4.500	950	8967.04	1853.21	0	1015.89	809.014	0.27398	0.72602	0.89265	0.087553	0.0197965	1	0
0.126	4.500	950	9108.45	1853.2	0	1015.89	809.014	0.273763	0.726237	0.892048	0.087758	0.0201943	1	0
0.127	4.500	950	9183.23	1853.19	0	1015.89	809.014	0.272931	0.727069	0.892132	0.087541	0.020327	1	0
0.128	4.500	950	9341.9	1853.17	0	1015.89	809.014	0.273691	0.726309	0.891758	0.0875048	0.0207369	1	0
0.129	4.500	950	9429.92	1853.16	0	1015.89	809.014	0.272135	0.727865	0.890866	0.0881197	0.0210142	1	0
0.13	4.500	950	9577.92	1853.14	0	1015.89	809.014	0.271701	0.728299	0.890107	0.0884934	0.0214	1	0
0.131	4.500	950	9729.22	1853.12	0	1015.89	809.015	0.268591	0.731409	0.889648	0.0885658	0.0217858	1	0
0.132	4.500	950	9762.11	1853.12	0	1015.89	809.015	0.269097	0.730903	0.889034	0.0890963	0.0218702	1	0
0.133	4.500	950	9845.94	1853.11	0	1015.89	809.015	0.266565	0.733435	0.888624	0.0891927	0.0221836	1	0
0.134	4.500	950	9945.49	1853.1	0	1015.89	809.015	0.267253	0.732747	0.888202	0.0893736	0.0224248	1	0
0.135	4.500	950	10087.1	1853.08	0	1015.89	809.015	0.26501	0.73499	0.887997	0.0892048	0.0227985	1	0
0.136	4.500	950	10154.8	1853.07	0	1015.89	809.015	0.266276	0.733724	0.887864	0.0891927	0.0229432	1	0
0.137	4.500	950	10255.6	1853.06	0	1015.89	809.015	0.266059	0.733941	0.887551	0.0892409	0.0232084	1	0
0.138	4.500	950	10285.4	1853.05	0	1015.89	809.015	0.262514	0.737486	0.888081	0.088614	0.0233049	1	0
0.139	4.500	950	10304.5	1853.05	0	1015.89	809.015	0.268374	0.731626	0.887322	0.0893374	0.023341	1	0
0.14	4.500	950	10251	1853.06	0	1015.89	809.015	0.265155	0.734845	0.887358	0.0894459	0.0231964	1	0
0.141	4.500	950	10272.1	1853.05	0	1015.89	809.016	0.265299	0.734701	0.886695	0.0900849	0.0232205	1	0
0.142	4.500	950	10305.6	1853.04	0	1015.89	809.016	0.26718	0.73282	0.887153	0.0895182	0.023329	1	0
0.143	4.500	950	10528.7	1853.02	0	1015.89	809.016	0.264106	0.735894	0.886441	0.0895544	0.0240041	1	0
0.144	4.500	950	10532.5	1853.02	0	1015.89	809.016	0.266059	0.733941	0.885742	0.0902175	0.0240403	1	0
0.145	4.500	950	10704.3	1853	0	1015.89	809.016	0.264287	0.735713	0.885393	0.0900608	0.0245467	1	0
0.146	4.500	950	10685.7	1853	0	1015.89	809.016	0.261502	0.738498	0.885863	0.089675	0.0244623	1	0
0.147	4.500	950	10756.8	1853	0	1015.89	809.016	0.262153	0.737847	0.885634	0.0895785	0.0247878	1	0
0.148	4.500	950	10810.1	1852.99	0	1015.89	809.016	0.260742	0.739258	0.885959	0.0889757	0.0250651	1	0
0.149	4.500	950	10899.8	1852.99	0	1015.89	809.016	0.260272	0.739728	0.885634	0.0890842	0.0252821	1	0
0.15	4.500	950	10987.3	1852.97	0	1015.89	809.016	0.259693	0.740307	0.886068	0.088409	0.0255232	1	0
0.151	4.500	950	11090.3	1852.96	0	1015.89	809.016	0.260561	0.739439	0.885863	0.0883126	0.0258247	1	0
0.152	4.500	950	11242.6	1852.95	0	1015.9	809.017	0.261321	0.738679	0.885043	0.0887587	0.0261984	1	0
0.153	4.500	950	11399.4	1852.93	0	1015.9	809.017	0.260489	0.739511	0.884814	0.0885055	0.0266807	1	0
0.154	4.500	950	11383.7	1852.93	0	1015.9	809.017	0.259223	0.740777	0.883777	0.0896026	0.0266204	1	0
0.155	4.500	950	11604.2	1852.91	0	1015.9	809.017	0.258934	0.741066	0.884235	0.0886261	0.0271388	1	0
0.156	4.500	950	11732.9	1852.89	0	1015.9	809.017	0.259585	0.740415	0.883765	0.0886622	0.0275728	1	0
0.157	4.500	950	11721.5	1852.88	0	1015.9	809.017	0.258391	0.741609	0.881932	0.0906274	0.0274402	1	0
0.158	4.500	950	11614.6	1852.9	0	1015.9	809.017	0.260959	0.739041	0.882041	0.0908324	0.0271267	1	0
0.159	4.500	950	11656.1	1852.9	0	1015.9	809.017	0.258608	0.741392	0.882041	0.0907118	0.0272473	1	0
0.16	4.500	950	11659.6	1852.9	0	1015.9	809.017	0.260344	0.739656	0.882354	0.0904345	0.0272111	1	0
0.161	4.500	950	11793.9	1852.89	0	1015.9	809.017	0.261646	0.738354	0.882318	0.090109	0.0275728	1	0
0.162	4.500	950	11887.6	1852.88	0	1015.9	809.017	0.258536	0.741464	0.882005	0.0902537	0.0277416	1	0
0.163	4.500	950	11873.5	1852.89	0	1015.9	809.017	0.258066	0.741934	0.881474	0.09076	0.0277657	1	0
0.164	4.500	950	11855.3	1852.89	0	1015.9	809.017	0.260127	0.739873	0.881101	0.0911338	0.0277657	1	0
0.165	4.500	950	11938.7	1852.88	0	1015.9	809.017	0.259585	0.740415	0.881378	0.0906154	0.0280068	1	0
0.166	4.500	950	11901	1852.88	0	1015.9	809.017	0.259006	0.740994	0.88139	0.0907239	0.0278863	1	0
0.167	4.500	950	11901	1852.88	0	1015.9	809.017	0.26067	0.73933	0.881125	0.0910132	0.0278622	1	0
0.168	4.500	950	11907.3	1852.87	0	1015.9	809.017	0.261393	0.738607	0.881245	0.0909047	0.0278501	1	0
0.169	4.500	950	11963.5	1852.86	0	1015.9	809.017	0.261429	0.738571	0.880992	0.0910012	0.0280068	1	0
0.17	4.500	950	11963.4	1852.86	0	1015.9	809.018	0.25991	0.74009	0.880413	0.0915919	0.0279948	1	0
0.171	4.500	950	11949.4	1852.86	0	1015.9	809.017	0.263491	0.736509	0.880196	0.0919295	0.0278742	1	0
0.172	4.500	950	11918.5	1852.87	0	1015.9	809.017	0.264395	0.735605	0.880172	0.092038	0.0277898	1	0
0.173	4.500	950	11910	1852.87	0	1015.9	809.017	0.259187	0.740813	0.880245	0.0920501	0.0277054	1	0
0.174	4.500	950	11867.4	1852.88	0	1015.9	809.017	0.258898	0.741102	0.879943	0.0924117	0.0276452	1	0
0.175	4.500	950	11935.7	1852.87	0	1015.9	809.017	0.259151	0.740849	0.880305	0.0917969	0.0278983	1	0
0.176	4.500	950	11988.6	1852.87	0	1015.9	809.017	0.259259	0.740741	0.880112	0.0918451	0.028043	1	0
0.177	4.500	950	11994.5	1852.87	0	1015.9	809.017	0.25897	0.74103	0.878918	0.0930025	0.0280792	1	0
0.178	4.500	950	11897.9	1852.88	0	1015.9	809.017	0.25991	0.74009	0.878665	0.093533	0.0278019	1	0
0.179	4.500	950	11999	1852.87	0	1015.9	809.017	0.257885	0.742115	0.879003	0.092894	0.0281033	1	0
0.18	4.500	950	12046.5	1852.87	0	1015.9	809.017	0.255136	0.744864	0.879557	0.0921465	0.0282962	1	0
0.181	4.500	950	12034.4	1852.87	0	1015.9	809.017	0.257415	0.742585	0.879135	0.0925805	0.0282841	1	0
0.182	4.500	950	12069.8	1852.87	0	1015.9	809.017	0.253834	0.746166	0.879581	0.0920139	0.0284047	1	0
0.183	4.500	950	12081.7	1852.87	0	1015.9	809.017	0.255642	0.744358	0.880003	0.0915437	0.0284529	1	0
0.184	4.500	950	12162.2	1852.86	0	1015.9	809.017	0.256366	0.743634	0.880232	0.0911579	0.0286097	1	0
0.185	4.500	950	12140.8	1852.86	0	1015.9	809.017	0.259332	0.740668	0.879847	0.0915799	0.0285735	1	0
0.186	4.500	950	11976.3	1852.88	0	1015.9	809.017	0.256547	0.743453	0.880064	0.0917728	0.0281636	1	0
0.187	4.500	950	12022.2	1852.87	0	1015.9	809.017	0.257017	0.742983	0.879461	0.0923394	0.0281997	1	0
0.188	4.500	950	12099.2	1852.86	0	1015.9	809.017	0.256149	0.743851	0.879401	0.0921345	0.028465	1	0
0.189	4.500	950	11983.5	1852.88	0	1015.9	809.017	0.257595	0.742405	0.879437	0.0923756	0.0281877	1	0
0.19	4.500	950	12076.9	1852.86	0	1015.9	809.017	0.257198	0.742802	0.879364	0.0921586	0.028477	1	0
0.191	4.500	950	12182.1	1852.84	0	1015.9	809.018	0.258681	0.741319	0.879497	0.0917969	0.0287061	1	0
0.192	4.500	950	12154.9	1852.84	0	1015.9	809.018	0.253038	0.746962	0.879533	0.091821	0.0286458	1	0
0.193	4.500	950	12157.1	1852.85	0	1015.9	809.018	0.251845	0.748155	0.880172	0.0911579	0.0286699	1	0
0.194	4.500	950	12299.2	1852.83	0	1015.9	809.018	0.254557	0.745443	0.879292	0.0917486	0.0289593	1	0
0.195	4.500	950	12195.4	1852.85	0	1015.9	809.018	0.252496	0.747504	0.878858	0.09246	0.028682	1	0
0.196	4.500	950	12149.2	1852.85	0	1015.9	809.018	0.253798	0.746202	0.878653	0.0927493	0.0285976	1	0
0.197	4.500	950	12117.2	1852.85	0	1015.9	809.018	0.255751	0.744249	0.879702	0.0918572	0.0284409	1	0
0.198	4.500	950	12075.3	1852.85	0	1015.9	809.018	0.257451	0.742549	0.879714	0.0920018	0.0282841	1	0
0.199	4.500	950	12119.6	1852.85	0	1015.9	809.018	0.256185	0.743815	0.880196	0.091399	0.0284047	1	0
0.2	4.500	950	12094.4	1852.86	0	1015.9	809.018	0.253689	0.746311	0.880088	0.0915196	0.0283927	1	0
0.201	4.500	950	12064.5	1852.86	0	1015.9	809.018	0.253942	0.746058	0.880401	0.0913267	0.0282721	1	0
0.202	4.500	950	12138.6	1852.85	0	1015.9	809.018	0.254883	0.745117	0.880196	0.0912664	0.0285373	1	0
0.203	4.500	950	12106.1	1852.85	0	1015.9	809.018	0.259006	0.740994	0.880449	0.0911699	0.0283806	1	0
0.204	4.500	950	12135.3	1852.85	0	1015.9	809.018	0.256221	0.743779	0.880859	0.0906274	0.0285132	1	0
0.205	4.500	950	12230.2	1852.84	0	1015.9	809.018	0.255317	0.744683	0.880498	0.0907962	0.0287061	1	0
0.206	4.500	950	12156.7	1852.85	0	1015.9	809.018	0.2551	0.7449	0.880715	0.0907239	0.0285614	1	0
0.207	4.500	950	12053.2	1852.85	0	1015.9	809.018	0.256402	0.743598	0.880522	0.0912543	0.0282239	1	0
0.208	4.500	950	12052	1852.85	0	1015.9	809.018	0.255462	0.744538	0.881004	0.0906756	0.0283203	1	0
0.209	4.500	950	12043.3	1852.86	0	1015.9	809.018	0.259512	0.740488	0.881149	0.0905189	0.0283324	1	0
0.21	4.500	950	12031.9	1852.85	0	1015.9	809.018	0.25774	0.74226	0.88104	0.0906515	0.0283083	1	0
0.211	4.500	950	12024	1852.86	0	1015.9	809.018	0.2568	0.7432	0.880739	0.0909529	0.0283083	1	0
0.212	4.500	950	12234.6	1852.84	0	1015.9	809.018	0.258608	0.741392	0.880751	0.0904707	0.0287785	1	0
0.213	4.500	950	12345.4	1852.83	0	1015.9	809.018	0.257812	0.742188	0.880751	0.0902296	0.0290196	1	0
0.214	4.500	950	12245.1	1852.84	0	1015.9	809.018	0.255389	0.744611	0.881088	0.0900728	0.0288387	1	0
0.215	4.500	950	12282.9	1852.84	0	1015.9	809.018	0.255245	0.744755	0.880546	0.090543	0.0289111	1	0
0.216	4.500	950	12161.7	1852.85	0	1015.9	809.018	0.257921	0.742079	0.879702	0.0917366	0.0285614	1	0
0.217	4.500	950	12050.5	1852.86	0	1015.9	809.017	0.253545	0.746455	0.879123	0.0926046	0.0282721	1	0
0.218	4.500	950	12021.6	1852.87	0	1015.9	809.017	0.253436	0.746564	0.879606	0.0921586	0.0282359	1	0
0.219	4.500	950	12137	1852.86	0	1015.9	809.018	0.257812	0.742188	0.878858	0.0925805	0.0285614	1	0
0.22	4.500	950	12143.2	1852.85	0	1015.9	809.018	0.256293	0.743707	0.878882	0.0926046	0.0285132	1	0
0.221	4.500	950	12167.9	1852.85	0	1015.9	809.018	0.258066	0.741934	0.878303	0.0930266	0.0286699	1	0
0.222	4.500	950	12246.6	1852.84	0	1015.9	809.018	0.259476	0.740524	0.8784	0.0926649	0.0289352	1	0
0.223	4.500	950	12204.7	1852.85	0	1015.9	809.018	0.261755	0.738245	0.878665	0.0924841	0.0288508	1	0
0.224	4.500	950	12112.2	1852.86	0	1015.9	809.017	0.259512	0.740488	0.878967	0.0924359	0.0285976	1	0
0.225	4.500	950	12188.1	1852.85	0	1015.9	809.018	0.25944	0.74056	0.879147	0.0919898	0.0288628	1	0
0.226	4.500	950	12181.5	1852.85	0	1015.9	809.018	0.257523	0.742477	0.878725	0.0924479	0.0288267	1	0
0.227	4.500	950	12206.6	1852.86	0	1015.9	809.018	0.257451	0.742549	0.879123	0.0919657	0.0289111	1	0
0.228	4.500	950	12191.7	1852.85	0	1015.9	809.018	0.254955	0.745045	0.878713	0.0924117	0.0288749	1	0
0.229	4.500	950	12218.4	1852.85	0	1015.9	809.018	0.255679	0.744321	0.879533	0.0914472	0.0290196	1	0
0.23	4.500	950	12213.1	1852.85	0	1015.9	809.018	0.253545	0.746455	0.879979	0.0910132	0.0290075	1	0
0.231	4.500	950	12151.9	1852.86	0	1015.9	809.017	0.256257	0.743743	0.880594	0.0907359	0.0286699	1	0
0.232	4.500	950	12237.4	1852.85	0	1015.9	809.018	0.257849	0.742151	0.879702	0.0915075	0.0287905	1	0
0.233	4.500	950	12261.7	1852.84	0	1015.9	809.018	0.256076	0.743924	0.879316	0.0918451	0.0288387	1	0
0.234	4.500	950	12231.2	1852.84	0	1015.9	809.018	0.253942	0.746058	0.879569	0.0914834	0.0289472	1	0
0.235	4.500	950	12191.6	1852.85	0	1015.9	809.018	0.249566	0.750434	0.879509	0.0916522	0.0288387	1	0
0.236	4.500	950	12204.4	1852.85	0	1015.9	809.018	0.249349	0.750651	0.879425	0.0916643	0.0289111	1	0
0.237	4.500	950	12205.8	1852.86	0	1015.9	809.018	0.250687	0.749313	0.879714	0.0913387	0.0289472	1	0
0.238	4.500	950	12180.9	1852.85	0	1015.9	809.018	0.252025	0.747975	0.879557	0.0915437	0.028899	1	0
0.239	4.500	950	12185.9	1852.85	0	1015.9	809.018	0.254268	0.745732	0.879823	0.091182	0.0289955	1	0
0.24	4.500	950	12088.3	1852.86	0	1015.9	809.017	0.253255	0.746745	0.879557	0.0917245	0.0287182	1	0
0.241	4.500	950	12053.2	1852.87	0	1015.9	809.017	0.255172	0.744828	0.879485	0.0919536	0.0285614	1	0
0.242	4.500	950	12060.6	1852.87	0	1015.9	809.017	0.252568	0.747432	0.878653	0.0927614	0.0285856	1	0
0.243	4.500	950	12097	1852.87	0	1015.9	809.017	0.255896	0.744104	0.879316	0.0919898	0.0286941	1	0
0.244	4.500	950	12152.4	1852.87	0	1015.9	809.017	0.254196	0.745804	0.878798	0.0923635	0.0288387	1	0
0.245	4.500	950	12199.6	1852.87	0	1015.9	809.017	0.255317	0.744683	0.878617	0.0923515	0.0290316	1	0
0.246	4.500	950	12127.7	1852.88	0	1015.9	809.017	0.255027	0.744973	0.878545	0.0926408	0.0288146	1	0
0.247	4.500	950	12186.9	1852.87	0	1015.9	809.017	0.255498	0.744502	0.878762	0.0922188	0.0290196	1	0
0.248	4.500	950	12362.9	1852.85	0	1015.9	809.018	0.255317	0.744683	0.879208	0.0913508	0.0294416	1	0
0.249	4.500	950	12436.4	1852.83	0	1015.9	809.018	0.256185	0.743815	0.879401	0.0909529	0.0296465	1	0
0.25	4.500	950	12416.1	1852.83	0	1015.9	809.018	0.254449	0.745551	0.878665	0.0918089	0.0295259	1	0
0.251	4.500	950	12462.8	1852.83	0	1015.9	809.018	0.256366	0.743634	0.87922	0.0912182	0.0295621	1	0
0.252	4.500	950	12490.5	1852.82	0	1015.9	809.018	0.252713	0.747287	0.878412	0.0920018	0.0295862	1	0
0.253	4.500	950	12477	1852.83	0	1015.9	809.018	0.253183	0.746817	0.8784	0.0920259	0.0295742	1	0
0.254	4.500	950	12523.1	1852.82	0	1015.9	809.018	0.255245	0.744755	0.877411	0.0929663	0.0296224	1	0
0.255	4.500	950	12393.6	1852.83	0	1015.9	809.018	0.253074	0.746926	0.877363	0.093316	0.029321	1	0
0.256	4.500	950	12372.4	1852.83	0	1015.9	809.018	0.253762	0.746238	0.877833	0.0929302	0.0292366	1	0
0.257	4.500	950	12357.7	1852.84	0	1015.9	809.018	0.252315	0.747685	0.879051	0.091821	0.0291281	1	0
0.258	4.500	950	12368.4	1852.83	0	1015.9	809.018	0.254557	0.745443	0.879401	0.0914955	0.029104	1	0
0.259	4.500	950	12394.1	1852.83	0	1015.9	809.018	0.256221	0.743779	0.879461	0.0913508	0.0291884	1	0
0.26	4.500	950	12323.2	1852.84	0	1015.9	809.018	0.260308	0.739692	0.880088	0.0909168	0.0289955	1	0
0.261	4.500	950	12377.2	1852.84	0	1015.9	809.018	0.260453	0.739547	0.880522	0.0902778	0.0292004	1	0
0.262	4.500	950	12294.2	1852.84	0	1015.9	809.018	0.260236	0.739764	0.879943	0.0910494	0.0290075	1	0
0.263	4.500	950	12293.9	1852.84	0	1015.9	809.018	0.261936	0.738064	0.879268	0.0917607	0.0289714	1	0
0.264	4.500	950	12502.3	1852.82	0	1015.9	809.018	0.259042	0.740958	0.879304	0.0911458	0.0295501	1	0
0.265	4.500	950	12451.6	1852.82	0	1015.9	809.018	0.257161	0.742839	0.878979	0.0915799	0.0294416	1	0
0.266	4.500	950	12455.1	1852.82	0	1015.9	809.018	0.255968	0.744032	0.877869	0.0926288	0.0295018	1	0
0.267	4.500	950	12520.6	1852.81	0	1015.9	809.018	0.255859	0.744141	0.877821	0.0925323	0.0296465	1	0
0.268	4.500	950	12570.7	1852.8	0	1015.9	809.018	0.256547	0.743453	0.878786	0.0914352	0.0297791	1	0
0.269	4.500	950	12498.3	1852.81	0	1015.9	809.018	0.258608	0.741392	0.879123	0.0912785	0.0295983	1	0
0.27	4.500	950	12403.3	1852.81	0	1015.9	809.018	0.256293	0.743707	0.878581	0.0921345	0.0292848	1	0
0.271	4.500	950	12380.2	1852.81	0	1015.9	809.018	0.255281	0.744719	0.879171	0.091616	0.0292125	1	0
0.272	4.500	950	12407.1	1852.81	0	1015.9	809.018	0.257487	0.742513	0.87834	0.0924479	0.0292125	1	0
0.273	4.500	950	12347.6	1852.82	0	1015.9	809.018	0.256366	0.743634	0.878328	0.0926167	0.0290557	1	0
0.274	4.500	950	12284.8	1852.83	0	1015.9	809.018	0.259151	0.740849	0.878207	0.0929422	0.0288508	1	0
0.275	4.500	950	12386.6	1852.82	0	1015.9	809.018	0.256438	0.743562	0.878472	0.0924238	0.029104	1	0
0.276	4.500	950	12360.9	1852.82	0	1015.9	809.018	0.256113	0.743887	0.878303	0.0926288	0.0290678	1	0
0.277	4.500	950	12232.6	1852.83	0	1015.9	809.018	0.256257	0.743743	0.879147	0.092038	0.0288146	1	0
0.278	4.500	950	12205	1852.84	0	1015.9	809.018	0.257234	0.742766	0.880064	0.0912182	0.0287182	1	0
0.279	4.500	950	12275.9	1852.83	0	1015.9	809.018	0.252821	0.747179	0.879931	0.0911338	0.0289352	1	0
0.28	4.500	950	12324.4	1852.83	0	1015.9	809.018	0.256221	0.743779	0.87969	0.0912182	0.0290919	1	0
0.281	4.500	950	12302.7	1852.82	0	1015.9	809.018	0.253762	0.746238	0.880003	0.090977	0.0290196	1	0
0.282	4.500	950	12381.2	1852.81	0	1015.9	809.018	0.254159	0.745841	0.878967	0.0917728	0.0292607	1	0
0.283	4.500	950	12526.2	1852.8	0	1015.9	809.018	0.254521	0.745479	0.879569	0.0907721	0.0296586	1	0
0.284	4.500	950	12474	1852.81	0	1015.9	809.018	0.251447	0.748553	0.87975	0.09076	0.0294898	1	0
0.285	4.500	950	12507.9	1852.8	0	1015.9	809.018	0.251736	0.748264	0.88051	0.0899281	0.0295621	1	0
0.286	4.500	950	12509.4	1852.81	0	1015.9	809.018	0.254557	0.745443	0.880353	0.0900728	0.0295742	1	0
0.287	4.500	950	12529	1852.81	0	1015.9	809.018	0.253328	0.746672	0.880582	0.0898317	0.0295862	1	0
0.288	4.500	950	12536.7	1852.81	0	1015.9	809.018	0.253291	0.746709	0.880196	0.0901693	0.0296345	1	0
0.289	4.500	950	12536.6	1852.82	0	1015.9	809.018	0.254232	0.745768	0.879823	0.0904707	0.0297068	1	0
0.29	4.500	950	12440	1852.83	0	1015.9	809.018	0.251628	0.748372	0.878786	0.091821	0.0293933	1	0
0.291	4.500	950	12332	1852.84	0	1015.9	809.018	0.251374	0.748626	0.878581	0.0922791	0.0291401	1	0
0.292	4.500	950	12355.9	1852.84	0	1015.9	809.018	0.254919	0.745081	0.878762	0.092038	0.0292004	1	0
0.293	4.500	950	12433.2	1852.83	0	1015.9	809.018	0.256872	0.743128	0.878448	0.0921103	0.0294416	1	0
0.294	4.500	950	12426.8	1852.83	0	1015.9	809.018	0.259874	0.740126	0.87834	0.092255	0.0294054	1	0
0.295	4.500	950	12384.2	1852.83	0	1015.9	809.018	0.256474	0.743526	0.878822	0.0919416	0.0292366	1	0
0.296	4.500	950	12389.1	1852.84	0	1015.9	809.018	0.256944	0.743056	0.878822	0.0919777	0.0292004	1	0
0.297	4.500	950	12440	1852.83	0	1015.9	809.018	0.256004	0.743996	0.878315	0.0923756	0.0293089	1	0
0.298	4.500	950	12515.6	1852.82	0	1015.9	809.018	0.257089	0.742911	0.87834	0.0920139	0.0296465	1	0
0.299	4.500	950	12552.8	1852.81	0	1015.9	809.018	0.254557	0.745443	0.878605	0.0915919	0.0298032	1	0
0.3	4.500	950	12674.7	1852.8	0	1015.9	809.018	0.255498	0.744502	0.879135	0.0907118	0.0301529	1	0
0.301	4.500	950	12750.3	1852.79	0	1015.9	809.018	0.252062	0.747938	0.879063	0.090543	0.030394	1	0
0.302	4.500	950	12709.5	1852.8	0	1015.9	809.018	0.251628	0.748372	0.879171	0.0906274	0.0302011	1	0
0.303	4.500	950	12680.1	1852.8	0	1015.9	809.018	0.250723	0.749277	0.87893	0.0909288	0.0301408	1	0
0.304	4.500	950	12622.8	1852.81	0	1015.9	809.018	0.252496	0.747504	0.879738	0.0902537	0.0300082	1	0
0.305	4.500	950	12498.9	1852.82	0	1015.9	809.018	0.253291	0.746709	0.879437	0.0908203	0.029743	1	0
0.306	4.500	950	12462.2	1852.83	0	1015.9	809.018	0.255606	0.744394	0.879533	0.0907721	0.0296947	1	0
0.307	4.500	950	12499.7	1852.82	0	1015.9	809.018	0.252749	0.747251	0.878954	0.0912302	0.0298153	1	0
0.308	4.500	950	12426.9	1852.82	0	1015.9	809.018	0.254232	0.745768	0.878436	0.0919657	0.0295983	1	0
0.309	4.500	950	12463.8	1852.82	0	1015.9	809.018	0.25387	0.74613	0.878026	0.0924117	0.0295621	1	0
0.31	4.500	950	12498.2	1852.81	0	1015.9	809.018	0.251591	0.748409	0.878376	0.0919777	0.0296465	1	0
0.311	4.500	950	12376.5	1852.83	0	1015.9	809.018	0.2551	0.7449	0.87852	0.0920742	0.0294054	1	0
0.312	4.500	950	12394.3	1852.83	0	1015.9	809.018	0.253798	0.746202	0.878424	0.0921465	0.0294295	1	0
0.313	4.500	950	12197.9	1852.85	0	1015.9	809.018	0.255679	0.744321	0.87887	0.0922671	0.0288628	1	0
0.314	4.500	950	12218.5	1852.85	0	1015.9	809.018	0.253436	0.746564	0.879304	0.0917969	0.028899	1	0
0.315	4.500	950	12311	1852.84	0	1015.9	809.018	0.252206	0.747794	0.878858	0.0919416	0.0292004	1	0
0.316	4.500	950	12303.3	1852.84	0	1015.9	809.018	0.253834	0.746166	0.87852	0.0923274	0.0291522	1	0
0.317	4.500	950	12323.9	1852.84	0	1015.9	809.018	0.257812	0.742188	0.878267	0.0924961	0.0292366	1	0
0.318	4.500	950	12278.1	1852.84	0	1015.9	809.018	0.259838	0.740162	0.878352	0.09246	0.0291884	1	0
0.319	4.500	950	12178.1	1852.86	0	1015.9	809.017	0.258608	0.741392	0.879159	0.0918813	0.0289593	1	0
0.32	4.500	950	12176.3	1852.86	0	1015.9	809.017	0.254991	0.745009	0.878942	0.0921586	0.028899	1	0
0.321	4.500	950	12304.9	1852.84	0	1015.9	809.018	0.260236	0.739764	0.878725	0.0919657	0.0293089	1	0
0.322	4.500	950	12092.3	1852.87	0	1015.9	809.017	0.257668	0.742332	0.878725	0.0925323	0.0287423	1	0
0.323	4.500	950	12095.6	1852.87	0	1015.9	809.017	0.25774	0.74226	0.879051	0.0921465	0.0288026	1	0
0.324	4.500	950	12063.8	1852.87	0	1015.9	809.017	0.258066	0.741934	0.879075	0.0921706	0.0287543	1	0
0.325	4.500	950	12021.4	1852.87	0	1015.9	809.017	0.258138	0.741862	0.87922	0.0921224	0.0286579	1	0
0.326	4.500	950	12074	1852.87	0	1015.9	809.017	0.260778	0.739222	0.87922	0.0920139	0.0287664	1	0
0.327	4.500	950	12099.2	1852.86	0	1015.9	809.017	0.258681	0.741319	0.879196	0.0919657	0.0288387	1	0
0.328	4.500	950	12027	1852.87	0	1015.9	809.017	0.257849	0.742151	0.879389	0.0920742	0.0285373	1	0
0.329	4.500	950	12020.4	1852.87	0	1015.9	809.017	0.256619	0.743381	0.880184	0.0912785	0.0285373	1	0
0.33	4.500	950	12084.8	1852.86	0	1015.9	809.017	0.259802	0.740198	0.880606	0.0906154	0.0287785	1	0
0.331	4.500	950	11993.8	1852.87	0	1015.9	809.017	0.261827	0.738173	0.880727	0.0907721	0.0285012	1	0
0.332	4.500	950	11983.5	1852.88	0	1015.9	809.017	0.260923	0.739077	0.880727	0.090748	0.0285253	1	0
0.333	4.500	950	12065.5	1852.86	0	1015.9	809.017	0.26038	0.73962	0.881679	0.0896026	0.0287182	1	0
0.334	4.500	950	12080.5	1852.86	0	1015.9	809.017	0.256764	0.743236	0.882005	0.089265	0.0287302	1	0
0.335	4.500	950	12017.6	1852.87	0	1015.9	809.017	0.255932	0.744068	0.881293	0.0902296	0.028477	1	0
0.336	4.500	950	11910.2	1852.88	0	1015.9	809.017	0.255679	0.744321	0.881305	0.0904225	0.0282721	1	0
0.337	4.500	950	11863.7	1852.89	0	1015.9	809.017	0.257632	0.742368	0.880232	0.0917607	0.0280068	1	0
0.338	4.500	950	11845.8	1852.89	0	1015.9	809.017	0.255679	0.744321	0.881064	0.0910373	0.0278983	1	0
0.339	4.500	950	11795.1	1852.9	0	1015.9	809.017	0.255679	0.744321	0.881209	0.0910012	0.0277898	1	0
0.34	4.500	950	11785.2	1852.89	0	1015.9	809.017	0.259585	0.740415	0.881474	0.0907359	0.0277898	1	0
0.341	4.500	950	11777.5	1852.89	0	1015.9	809.017	0.254557	0.745443	0.881197	0.0910373	0.0277657	1	0
0.342	4.500	950	11751	1852.89	0	1015.9	809.017	0.260598	0.739402	0.881583	0.0907721	0.0276452	1	0
0.343	4.500	950	11668.9	1852.9	0	1015.9	809.017	0.25727	0.74273	0.881631	0.0909047	0.0274643	1	0
0.344	4.500	950	11637.1	1852.91	0	1015.9	809.017	0.257451	0.742549	0.88227	0.0903019	0.0274281	1	0
0.345	4.500	950	11743.6	1852.9	0	1015.9	809.017	0.256257	0.743743	0.881607	0.0906756	0.0277175	1	0
0.346	4.500	950	11815.4	1852.89	0	1015.9	809.017	0.255389	0.744611	0.8818	0.090326	0.0278742	1	0
0.347	4.500	950	11820.8	1852.89	0	1015.9	809.017	0.25633	0.74367	0.881281	0.0908806	0.0278381	1	0
0.348	4.500	950	11884.2	1852.88	0	1015.9	809.017	0.256402	0.743598	0.881824	0.090121	0.0280551	1	0
0.349	4.500	950	11807.5	1852.89	0	1015.9	809.017	0.257704	0.742296	0.881896	0.090326	0.0277778	1	0
0.35	4.500	950	11764.8	1852.9	0	1015.9	809.017	0.257523	0.742477	0.881137	0.0912302	0.0276331	1	0
0.351	4.500	950	11687.2	1852.9	0	1015.9	809.017	0.258536	0.741464	0.880896	0.0917004	0.027404	1	0
0.352	4.500	950	11826.1	1852.89	0	1015.9	809.017	0.255751	0.744249	0.880751	0.0914352	0.0278139	1	0
0.353	4.500	950	11794.6	1852.89	0	1015.9	809.017	0.259404	0.740596	0.88145	0.0907721	0.0277778	1	0
0.354	4.500	950	11737.1	1852.9	0	1015.9	809.017	0.262153	0.737847	0.881583	0.0908203	0.0275969	1	0
0.355	4.500	950	11823	1852.88	0	1015.9	809.017	0.259729	0.740271	0.882089	0.0900849	0.027826	1	0
0.356	4.500	950	11951.1	1852.87	0	1015.9	809.017	0.258355	0.741645	0.882318	0.0895544	0.0281274	1	0
0.357	4.500	950	11868.7	1852.88	0	1015.9	809.017	0.260778	0.739222	0.882692	0.0894097	0.0278983	1	0
0.358	4.500	950	11794.7	1852.88	0	1015.9	809.017	0.258283	0.741717	0.882041	0.0902175	0.0277416	1	0
0.359	4.500	950	11861.1	1852.88	0	1015.9	809.017	0.257053	0.742947	0.881414	0.0907239	0.0278622	1	0
0.36	4.500	950	11916.4	1852.87	0	1015.9	809.017	0.257306	0.742694	0.881643	0.0903622	0.0279948	1	0
0.361	4.500	950	11763	1852.89	0	1015.9	809.017	0.256076	0.743924	0.882475	0.0899884	0.0275367	1	0
0.362	4.500	950	11815.5	1852.88	0	1015.9	809.017	0.258717	0.741283	0.882065	0.0903019	0.0276331	1	0
0.363	4.500	950	11820.3	1852.88	0	1015.9	809.017	0.254485	0.745515	0.882053	0.0902296	0.0277175	1	0
0.364	4.500	950	11869.3	1852.88	0	1015.9	809.017	0.255751	0.744249	0.882065	0.0901813	0.0277537	1	0
0.365	4.500	950	11851.2	1852.87	0	1015.9	809.017	0.260598	0.739402	0.881812	0.0904707	0.0277175	1	0
0.366	4.500	950	11846	1852.87	0	1015.9	809.017	0.261972	0.738028	0.881752	0.090531	0.0277175	1	0
0.367	4.500	950	11833.6	1852.87	0	1015.9	809.018	0.262659	0.737341	0.8818	0.0905189	0.0276813	1	0
0.368	4.500	950	11824.6	1852.87	0	1015.9	809.018	0.261357	0.738643	0.880956	0.0913267	0.0277175	1	0
0.369	4.500	950	11948.8	1852.85	0	1015.9	809.018	0.258717	0.741283	0.880763	0.0911579	0.0280792	1	0
0.37	4.500	950	12102.3	1852.84	0	1015.9	809.018	0.257125	0.742875	0.880281	0.0912302	0.0284891	1	0
0.371	4.500	950	12084.7	1852.84	0	1015.9	809.018	0.262659	0.737341	0.880196	0.091387	0.0284168	1	0
0.372	4.500	950	12101.9	1852.83	0	1015.9	809.018	0.255823	0.744177	0.880269	0.0912302	0.0285012	1	0
0.373	4.500	950	12062.5	1852.85	0	1015.9	809.018	0.25897	0.74103	0.879871	0.0916763	0.0284529	1	0
0.374	4.500	950	12134.5	1852.83	0	1015.9	809.018	0.260344	0.739656	0.879461	0.0918813	0.0286579	1	0
0.375	4.500	950	12066.5	1852.84	0	1015.9	809.018	0.256655	0.743345	0.879244	0.0922791	0.028477	1	0
0.376	4.500	950	12113.8	1852.84	0	1015.9	809.018	0.254738	0.745262	0.878762	0.0925926	0.0286458	1	0
0.377	4.500	950	12161	1852.83	0	1015.9	809.018	0.25633	0.74367	0.878183	0.0929181	0.028899	1	0
0.378	4.500	950	12249.3	1852.82	0	1015.9	809.018	0.254702	0.745298	0.878279	0.0926167	0.029104	1	0
0.379	4.500	950	12317.7	1852.81	0	1015.9	809.018	0.255679	0.744321	0.877713	0.0929302	0.0293572	1	0
0.38	4.500	950	12307.9	1852.82	0	1015.9	809.018	0.256366	0.743634	0.877194	0.0933401	0.0294657	1	0
0.381	4.500	950	12199.8	1852.83	0	1015.9	809.018	0.257415	0.742585	0.877387	0.0934486	0.0291643	1	0
0.382	4.500	950	12255.5	1852.82	0	1015.9	809.018	0.258464	0.741536	0.878014	0.092689	0.0292969	1	0
0.383	4.500	950	12398.5	1852.8	0	1015.9	809.018	0.256727	0.743273	0.878918	0.0913628	0.0297188	1	0
0.384	4.500	950	12355	1852.81	0	1015.9	809.018	0.258898	0.741102	0.879232	0.0912182	0.0295501	1	0
0.385	4.500	950	12476.6	1852.79	0	1015.9	809.018	0.255281	0.744719	0.877978	0.0922912	0.0297309	1	0
0.386	4.500	950	12471.2	1852.79	0	1015.9	809.018	0.255353	0.744647	0.877677	0.092677	0.0296465	1	0
0.387	4.500	950	12410.4	1852.8	0	1015.9	809.018	0.254015	0.745985	0.877857	0.092677	0.0294657	1	0
0.388	4.500	950	12402.1	1852.81	0	1015.9	809.018	0.257415	0.742585	0.877351	0.0932798	0.0293692	1	0
0.389	4.500	950	12409.4	1852.81	0	1015.9	809.018	0.255968	0.744032	0.877773	0.0928699	0.0293572	1	0
0.39	4.500	950	12380.3	1852.81	0	1015.9	809.018	0.251628	0.748372	0.877242	0.0933521	0.0294054	1	0
0.391	4.500	950	12291.2	1852.82	0	1015.9	809.018	0.252894	0.747106	0.877339	0.0935209	0.0291401	1	0
0.392	4.500	950	12313.1	1852.82	0	1015.9	809.018	0.25094	0.74906	0.878147	0.0927011	0.0291522	1	0
0.393	4.500	950	12457.4	1852.8	0	1015.9	809.018	0.251772	0.748228	0.877773	0.0927493	0.0294777	1	0
0.394	4.500	950	12487.7	1852.8	0	1015.9	809.018	0.255064	0.744936	0.878388	0.0921465	0.0294657	1	0
0.395	4.500	950	12323.3	1852.82	0	1015.9	809.018	0.255896	0.744104	0.878183	0.0926649	0.0291522	1	0
0.396	4.500	950	12276.7	1852.83	0	1015.9	809.018	0.253762	0.746238	0.877701	0.0932075	0.0290919	1	0
0.397	4.500	950	12303.2	1852.83	0	1015.9	809.018	0.255606	0.744394	0.876808	0.093967	0.0292245	1	0
0.398	4.500	950	12407.4	1852.81	0	1015.9	809.018	0.255968	0.744032	0.876206	0.0943046	0.0294898	1	0
0.399	4.500	950	12427.6	1852.8	0	1015.9	809.018	0.255751	0.744249	0.876218	0.0943408	0.0294416	1	0
0.4	4.500	950	12449.5	1852.8	0	1015.9	809.018	0.257668	0.742332	0.87717	0.093316	0.0295139	1	0
0.401	4.500	950	12480.5	1852.79	0	1015.9	809.018	0.257632	0.742368	0.877194	0.0932195	0.0295862	1	0
0.402	4.500	950	12440.2	1852.8	0	1015.9	809.018	0.256691	0.743309	0.877267	0.0932798	0.0294536	1	0
0.403	4.500	950	12446.7	1852.8	0	1015.9	809.018	0.255679	0.744321	0.878352	0.0921827	0.0294657	1	0
0.404	4.500	950	12511.7	1852.79	0	1015.9	809.018	0.257125	0.742875	0.877942	0.092472	0.0295862	1	0
0.405	4.500	950	12510.4	1852.79	0	1015.9	809.018	0.253617	0.746383	0.877556	0.0928217	0.0296224	1	0
0.406	4.500	950	12544.9	1852.79	0	1015.9	809.018	0.255027	0.744973	0.877713	0.0925805	0.0297068	1	0
0.407	4.500	950	12597.7	1852.78	0	1015.9	809.018	0.254991	0.745009	0.877954	0.0921465	0.0298997	1	0
0.408	4.500	950	12505.3	1852.79	0	1015.9	809.018	0.250362	0.749638	0.878207	0.0921345	0.0296586	1	0
0.409	4.500	950	12581.8	1852.78	0	1015.9	809.019	0.253762	0.746238	0.87758	0.0924961	0.0299238	1	0
0.41	4.500	950	12560.5	1852.78	0	1015.9	809.018	0.254051	0.745949	0.876821	0.0933401	0.0298394	1	0
0.411	4.500	950	12421.5	1852.8	0	1015.9	809.018	0.253979	0.746021	0.877098	0.0933763	0.0295259	1	0
0.412	4.500	950	12299.8	1852.82	0	1015.9	809.018	0.250579	0.749421	0.8767	0.0941479	0.0291522	1	0
0.413	4.500	950	12349.7	1852.82	0	1015.9	809.018	0.250145	0.749855	0.876616	0.0941961	0.0291884	1	0
0.414	4.500	950	12433.4	1852.81	0	1015.9	809.018	0.251664	0.748336	0.877387	0.0931954	0.0294174	1	0
0.415	4.500	950	12516.4	1852.79	0	1015.9	809.018	0.253002	0.746998	0.878328	0.0920621	0.0296103	1	0
0.416	4.500	950	12506.4	1852.8	0	1015.9	809.018	0.250326	0.749674	0.877978	0.0923997	0.0296224	1	0
0.417	4.500	950	12507.4	1852.79	0	1015.9	809.018	0.252749	0.747251	0.877689	0.0927132	0.0295983	1	0
0.418	4.500	950	12535.9	1852.79	0	1015.9	809.018	0.255172	0.744828	0.877785	0.0925685	0.0296465	1	0
0.419	4.500	950	12591.7	1852.78	0	1015.9	809.018	0.253979	0.746021	0.878267	0.0919657	0.0297671	1	0
0.42	4.500	950	12617.6	1852.77	0	1015.9	809.019	0.255136	0.744864	0.878062	0.0920501	0.0298876	1	0
0.421	4.500	950	12579.2	1852.77	0	1015.9	809.019	0.255027	0.744973	0.878183	0.0920501	0.0297671	1	0
0.422	4.500	950	12572.6	1852.77	0	1015.9	809.019	0.256981	0.743019	0.878135	0.0920983	0.0297671	1	0
0.423	4.500	950	12516.5	1852.78	0	1015.9	809.018	0.253436	0.746564	0.878086	0.092255	0.0296586	1	0
0.424	4.500	950	12370.5	1852.8	0	1015.9	809.018	0.2585	0.7415	0.878894	0.091821	0.0292848	1	0
0.425	4.500	950	12315.2	1852.81	0	1015.9	809.018	0.257053	0.742947	0.878774	0.0922068	0.0290196	1	0
0.426	4.500	950	12264.1	1852.82	0	1015.9	809.018	0.258608	0.741392	0.879003	0.0920742	0.0289231	1	0
0.427	4.500	950	12315.8	1852.81	0	1015.9	809.018	0.255932	0.744068	0.879039	0.0918692	0.0290919	1	0
0.428	4.500	950	12399.1	1852.81	0	1015.9	809.018	0.255896	0.744104	0.878484	0.092255	0.0292607	1	0
0.429	4.500	950	12321.8	1852.81	0	1015.9	809.018	0.252351	0.747649	0.878834	0.0921345	0.0290316	1	0
0.43	4.500	950	12397.3	1852.81	0	1015.9	809.018	0.255245	0.744755	0.87969	0.0910494	0.0292607	1	0
0.431	4.500	950	12341.8	1852.82	0	1015.9	809.018	0.254449	0.745551	0.87922	0.0916643	0.029116	1	0
0.432	4.500	950	12490.5	1852.81	0	1015.9	809.018	0.257921	0.742079	0.878979	0.0914834	0.029538	1	0
0.433	4.500	950	12484.2	1852.81	0	1015.9	809.018	0.257017	0.742983	0.878533	0.0918813	0.0295862	1	0
0.434	4.500	950	12488.1	1852.8	0	1015.9	809.018	0.254485	0.745515	0.879147	0.0911579	0.0296947	1	0
0.435	4.500	950	12422.2	1852.81	0	1015.9	809.018	0.2551	0.7449	0.879196	0.0912905	0.0295139	1	0
0.436	4.500	950	12500	1852.81	0	1015.9	809.018	0.251736	0.748264	0.878967	0.0912785	0.029755	1	0
0.437	4.500	950	12347	1852.83	0	1015.9	809.018	0.254485	0.745515	0.879702	0.0908806	0.0294174	1	0
0.438	4.500	950	12283.1	1852.84	0	1015.9	809.018	0.255968	0.744032	0.879991	0.0907841	0.0292245	1	0
0.439	4.500	950	12256.8	1852.84	0	1015.9	809.018	0.25463	0.74537	0.879871	0.0909529	0.0291763	1	0
0.44	4.500	950	12203.7	1852.85	0	1015.9	809.018	0.255787	0.744213	0.879184	0.0917969	0.0290196	1	0
0.441	4.500	950	12167.3	1852.85	0	1015.9	809.018	0.254232	0.745768	0.878725	0.0923635	0.0289111	1	0
0.442	4.500	950	12224.4	1852.85	0	1015.9	809.018	0.25481	0.74519	0.878436	0.0925323	0.0290316	1	0
0.443	4.500	950	12189.9	1852.86	0	1015.9	809.018	0.258247	0.741753	0.879244	0.0918692	0.028887	1	0
0.444	4.500	950	12139.1	1852.86	0	1015.9	809.017	0.255787	0.744213	0.878328	0.0929181	0.0287543	1	0
0.445	4.500	950	12174.1	1852.85	0	1015.9	809.018	0.255642	0.744358	0.878725	0.092472	0.0288026	1	0
0.446	4.500	950	12142.7	1852.86	0	1015.9	809.017	0.253436	0.746564	0.879232	0.0920139	0.0287543	1	0
0.447	4.500	950	12047.6	1852.87	0	1015.9	809.017	0.256619	0.743381	0.879256	0.0922188	0.0285253	1	0
0.448	4.500	950	12000.3	1852.89	0	1015.9	809.017	0.25557	0.74443	0.879485	0.0920501	0.028465	1	0
0.449	4.500	950	11997.2	1852.89	0	1015.9	809.017	0.257776	0.742224	0.879449	0.0921224	0.0284288	1	0
0.45	4.500	950	12092.2	1852.88	0	1015.9	809.017	0.254883	0.745117	0.879871	0.0914111	0.0287182	1	0
0.451	4.500	950	12177.9	1852.87	0	1015.9	809.017	0.254376	0.745624	0.87963	0.0913267	0.0290437	1	0
0.452	4.500	950	12075	1852.89	0	1015.9	809.017	0.251808	0.748192	0.87963	0.0915678	0.0288026	1	0
0.453	4.500	950	12071.7	1852.88	0	1015.9	809.017	0.254449	0.745551	0.880003	0.0912182	0.0287785	1	0
0.454	4.500	950	11946.5	1852.9	0	1015.9	809.017	0.257632	0.742368	0.880172	0.0913146	0.0285132	1	0
0.455	4.500	950	11819.7	1852.91	0	1015.9	809.017	0.254376	0.745624	0.880968	0.0907962	0.0282359	1	0
0.456	4.500	950	11855.5	1852.9	0	1015.9	809.017	0.256547	0.743453	0.881185	0.0905189	0.0282962	1	0
0.457	4.500	950	11897.8	1852.9	0	1015.9	809.017	0.256872	0.743128	0.880293	0.0913749	0.0283324	1	0
0.458	4.500	950	11806.2	1852.9	0	1015.9	809.017	0.256655	0.743345	0.879039	0.0929061	0.0280551	1	0
0.459	4.500	950	11892	1852.9	0	1015.9	809.017	0.253219	0.746781	0.878581	0.0931713	0.028248	1	0
0.46	4.500	950	11974	1852.88	0	1015.9	809.017	0.254702	0.745298	0.877773	0.09375	0.028477	1	0
0.461	4.500	950	12008.4	1852.88	0	1015.9	809.017	0.252315	0.747685	0.879244	0.0921827	0.0285735	1	0
0.462	4.500	950	11966.5	1852.88	0	1015.9	809.017	0.249602	0.750398	0.879786	0.0917125	0.0285012	1	0
0.463	4.500	950	12048.4	1852.88	0	1015.9	809.017	0.252713	0.747287	0.879401	0.0918933	0.0287061	1	0
0.464	4.500	950	12031.7	1852.87	0	1015.9	809.017	0.257125	0.742875	0.879967	0.0914834	0.0285494	1	0
0.465	4.500	950	11894.6	1852.88	0	1015.9	809.017	0.25897	0.74103	0.879871	0.0919295	0.0281997	1	0
0.466	4.500	950	11910	1852.89	0	1015.9	809.017	0.254521	0.745479	0.87975	0.0919777	0.0282721	1	0
0.467	4.500	950	11856.7	1852.89	0	1015.9	809.017	0.255353	0.744647	0.879943	0.0918933	0.0281636	1	0
0.468	4.500	950	11880.5	1852.89	0	1015.9	809.017	0.255606	0.744394	0.880052	0.0917969	0.0281515	1	0
0.469	4.500	950	11839.2	1852.9	0	1015.9	809.017	0.254196	0.745804	0.880052	0.0919898	0.0279586	1	0
0.47	4.500	950	11915.9	1852.89	0	1015.9	809.017	0.256438	0.743562	0.879955	0.0919657	0.0280792	1	0
0.471	4.500	950	11789.1	1852.9	0	1015.9	809.017	0.259295	0.740705	0.880871	0.0914352	0.0276934	1	0
0.472	4.500	950	11801.5	1852.9	0	1015.9	809.017	0.258861	0.741139	0.880269	0.0921224	0.027609	1	0
0.473	4.500	950	11850.3	1852.89	0	1015.9	809.017	0.256257	0.743743	0.880172	0.0920621	0.0277657	1	0
0.474	4.500	950	11812.2	1852.89	0	1015.9	809.017	0.259187	0.740813	0.879991	0.0924117	0.0275969	1	0
0.475	4.500	950	11912.2	1852.88	0	1015.9	809.017	0.257885	0.742115	0.879557	0.0926408	0.0278019	1	0
0.476	4.500	950	12096.3	1852.86	0	1015.9	809.018	0.256366	0.743634	0.879521	0.0922188	0.02826	1	0
0.477	4.500	950	12207.2	1852.84	0	1015.9	809.018	0.253074	0.746926	0.880076	0.091387	0.0285373	1	0
0.478	4.500	950	12167.1	1852.85	0	1015.9	809.018	0.257885	0.742115	0.879931	0.0915437	0.0285253	1	0
0.479	4.500	950	12242.3	1852.83	0	1015.9	809.018	0.259259	0.740741	0.88092	0.0903622	0.0287182	1	0
0.48	4.500	950	12154.8	1852.84	0	1015.9	809.018	0.26067	0.73933	0.881366	0.090109	0.0285253	1	0
0.481	4.500	950	12037.5	1852.86	0	1015.9	809.017	0.258608	0.741392	0.880859	0.0908083	0.0283324	1	0
0.482	4.500	950	12039.1	1852.86	0	1015.9	809.017	0.257342	0.742658	0.880992	0.09076	0.028248	1	0
0.483	4.500	950	12089.7	1852.86	0	1015.9	809.017	0.258066	0.741934	0.881631	0.089904	0.028465	1	0
0.484	4.500	950	12013.9	1852.87	0	1015.9	809.017	0.257559	0.742441	0.881004	0.0907118	0.0282841	1	0
0.485	4.500	950	11977.3	1852.87	0	1015.9	809.017	0.253979	0.746021	0.880739	0.0911097	0.0281515	1	0
0.486	4.500	950	12005.6	1852.86	0	1015.9	809.017	0.253002	0.746998	0.880124	0.0915799	0.0282962	1	0
0.487	4.500	950	12023.6	1852.85	0	1015.9	809.018	0.251772	0.748228	0.879328	0.0923515	0.0283203	1	0
0.488	4.500	950	12104	1852.84	0	1015.9	809.018	0.253653	0.746347	0.879497	0.0919416	0.0285614	1	0
0.489	4.500	950	12012	1852.86	0	1015.9	809.018	0.256944	0.743056	0.879075	0.0925805	0.0283444	1	0
0.49	4.500	950	12066	1852.86	0	1015.9	809.018	0.256691	0.743309	0.879087	0.0924359	0.028477	1	0
0.491	4.500	950	12070	1852.85	0	1015.9	809.018	0.257487	0.742513	0.879714	0.0918089	0.028477	1	0
0.492	4.500	950	12034	1852.86	0	1015.9	809.018	0.256547	0.743453	0.879244	0.0924117	0.0283444	1	0
0.493	4.500	950	12078.5	1852.86	0	1015.9	809.018	0.255968	0.744032	0.878303	0.0932919	0.0284047	1	0
0.494	4.500	950	12163.4	1852.85	0	1015.9	809.018	0.257523	0.742477	0.879232	0.0920621	0.0287061	1	0
0.495	4.500	950	12181.9	1852.85	0	1015.9	809.018	0.253653	0.746347	0.879268	0.0918933	0.0288387	1	0
0.496	4.500	950	12232.6	1852.84	0	1015.9	809.018	0.254955	0.745045	0.87875	0.0922791	0.0289714	1	0
0.497	4.500	950	12248.5	1852.84	0	1015.9	809.018	0.254919	0.745081	0.879666	0.0913267	0.0290075	1	0
0.498	4.500	950	12170.5	1852.85	0	1015.9	809.018	0.253725	0.746275	0.880365	0.0908444	0.0287905	1	0
0.499	4.500	950	12059.9	1852.86	0	1015.9	809.017	0.2568	0.7432	0.880654	0.0907962	0.0285494	1	0
0.5	4.500	950	12107.6	1852.86	0	1015.9	809.017	0.259512	0.740488	0.880281	0.0910614	0.0286579	1	0
