time	m_length	m_force	sc_extension	sc_force	hs_1_pCa	hs_1_length	hs_1_command_length	hs_1_slack_length	hs_1_a_length	hs_1_m_length	hs_1_force	hs_1_titin_force	hs_1_viscous_force	hs_1_extracellular_force	hs_1_inter_hs_titin_force_effect	hs_1_a_pop_1	hs_1_a_pop_2	hs_1_m_pop_1	hs_1_m_pop_2	hs_1_m_pop_3	hs_1_c_pop_1	hs_1_c_pop_2	hs_1_c_pop_3
0.001	1100.000	4422.4	-nan(ind)	-nan(ind)	9.23	1100	1100	-nan(ind)	1015.9	809.117	4422.4	2.17317e-11	0	0	0	1	0	0.53858	0.46142	0	1	0	0
0.002	1100.000	4422.4	-nan(ind)	-nan(ind)	8.93	1100	1100	-nan(ind)	1015.9	809.117	4422.4	2.17317e-11	0	0	0	1	0	0.311728	0.688272	0	1	0	0
0.003	1100.000	4422.4	-nan(ind)	-nan(ind)	8.76	1100	1100	-nan(ind)	1015.9	809.117	4422.4	2.17317e-11	0	0	0	1	0	0.17284	0.82716	0	1	0	0
0.004	1100.000	4422.4	-nan(ind)	-nan(ind)	8.64	1100	1100	-nan(ind)	1015.9	809.117	4422.4	2.17317e-11	0	0	0	1	0	0.100309	0.899691	0	1	0	0
0.005	1100.000	4422.4	-nan(ind)	-nan(ind)	8.54	1100	1100	-nan(ind)	1015.9	809.117	4422.4	2.17317e-11	0	0	0	1	0	0.0756173	0.924383	0	1	0	0
0.006	1100.000	4422.4	-nan(ind)	-nan(ind)	8.47	1100	1100	-nan(ind)	1015.9	809.117	4422.4	2.17317e-11	0	0	0	1	0	0.0416667	0.958333	0	1	0	0
0.007	1100.000	4422.4	-nan(ind)	-nan(ind)	8.41	1100	1100	-nan(ind)	1015.9	809.117	4422.4	2.17317e-11	0	0	0	1	0	0.0262346	0.973765	0	1	0	0
0.008	1100.000	4422.4	-nan(ind)	-nan(ind)	8.35	1100	1100	-nan(ind)	1015.9	809.117	4422.4	2.17317e-11	0	0	0	1	0	0.0262346	0.973765	0	1	0	0
0.009	1100.000	4422.4	-nan(ind)	-nan(ind)	8.31	1100	1100	-nan(ind)	1015.9	809.117	4422.4	2.17317e-11	0	0	0	1	0	0.0231481	0.976852	0	1	0	0
0.01	1100.000	4422.4	-nan(ind)	-nan(ind)	8.26	1100	1100	-nan(ind)	1015.9	809.117	4422.4	2.17317e-11	0	0	0	1	0	0.0308642	0.969136	0	1	0	0
0.011	1100.000	4422.4	-nan(ind)	-nan(ind)	8.23	1100	1100	-nan(ind)	1015.9	809.117	4422.4	2.17317e-11	0	0	0	1	0	0.0339506	0.966049	0	1	0	0
0.012	1100.000	4422.4	-nan(ind)	-nan(ind)	8.19	1100	1100	-nan(ind)	1015.9	809.117	4422.4	2.17317e-11	0	0	0	1	0	0.0324074	0.967593	0	1	0	0
0.013	1100.000	4422.4	-nan(ind)	-nan(ind)	8.16	1100	1100	-nan(ind)	1015.9	809.117	4422.4	2.17317e-11	0	0	0	1	0	0.0262346	0.973765	0	1	0	0
0.014	1100.000	4422.4	-nan(ind)	-nan(ind)	8.14	1100	1100	-nan(ind)	1015.9	809.117	4422.4	2.17317e-11	0	0	0	1	0	0.0216049	0.978395	0	1	0	0
0.015	1100.000	4422.4	-nan(ind)	-nan(ind)	8.11	1100	1100	-nan(ind)	1015.9	809.117	4422.4	2.17317e-11	0	0	0	1	0	0.0123457	0.987654	0	1	0	0
0.016	1100.000	4422.4	-nan(ind)	-nan(ind)	8.09	1100	1100	-nan(ind)	1015.9	809.117	4422.4	2.17317e-11	0	0	0	1	0	0.0200617	0.979938	0	1	0	0
0.017	1100.000	4422.4	-nan(ind)	-nan(ind)	8.06	1100	1100	-nan(ind)	1015.9	809.117	4422.4	2.17317e-11	0	0	0	0.997685	0.00231481	0.0185185	0.981481	0	1	0	0
0.018	1100.000	4422.4	-nan(ind)	-nan(ind)	8.04	1100	1100	-nan(ind)	1015.9	809.117	4422.4	2.17317e-11	0	0	0	1	0	0.0185185	0.981481	0	1	0	0
0.019	1100.000	4422.4	-nan(ind)	-nan(ind)	8.02	1100	1100	-nan(ind)	1015.9	809.117	4422.4	2.17317e-11	0	0	0	1	0	0.0246914	0.975309	0	1	0	0
0.02	1100.000	4422.4	-nan(ind)	-nan(ind)	8	1100	1100	-nan(ind)	1015.9	809.117	4422.4	2.17317e-11	0	0	0	0.997685	0.00231481	0.0216049	0.978395	0	1	0	0
0.021	1100.000	4422.4	-nan(ind)	-nan(ind)	7.99	1100	1100	-nan(ind)	1015.9	809.117	4422.4	2.17317e-11	0	0	0	1	0	0.0262346	0.973765	0	1	0	0
0.022	1100.000	4707.8	-nan(ind)	-nan(ind)	7.97	1100	1100	-nan(ind)	1015.9	809.125	4707.8	2.17306e-11	0	0	0	0.997685	0.00231481	0.0324074	0.966821	0.000771605	1	0	0
0.023	1100.000	4704.49	-nan(ind)	-nan(ind)	7.96	1100	1100	-nan(ind)	1015.9	809.125	4704.49	2.17306e-11	0	0	0	0.997685	0.00231481	0.029321	0.969907	0.000771605	1	0	0
0.024	1100.000	4942.04	-nan(ind)	-nan(ind)	7.94	1100	1100	-nan(ind)	1015.91	809.128	4942.04	2.173e-11	0	0	0	0.99537	0.00462963	0.0277778	0.970679	0.00154321	1	0	0
0.025	1100.000	4704.42	-nan(ind)	-nan(ind)	7.93	1100	1100	-nan(ind)	1015.9	809.125	4704.42	2.17306e-11	0	0	0	0.99537	0.00462963	0.0246914	0.974537	0.000771605	1	0	0
0.026	1100.000	4704.53	-nan(ind)	-nan(ind)	7.91	1100	1100	-nan(ind)	1015.9	809.125	4704.53	2.17306e-11	0	0	0	0.99537	0.00462963	0.0277778	0.971451	0.000771605	1	0	0
0.027	1100.000	4704.53	-nan(ind)	-nan(ind)	7.9	1100	1100	-nan(ind)	1015.9	809.125	4704.53	2.17306e-11	0	0	0	0.997685	0.00231481	0.0262346	0.972994	0.000771605	1	0	0
0.028	1100.000	4572.31	-nan(ind)	-nan(ind)	7.89	1100	1100	-nan(ind)	1015.9	809.118	4572.31	2.17315e-11	0	0	0	0.997685	0.00231481	0.0324074	0.966821	0.000771605	1	0	0
0.029	1100.000	4851.13	-nan(ind)	-nan(ind)	7.88	1100	1100	-nan(ind)	1015.91	809.12	4851.13	2.17311e-11	0	0	0	0.997685	0.00231481	0.0354938	0.962963	0.00154321	1	0	0
0.03	1100.000	4845.14	-nan(ind)	-nan(ind)	7.87	1100	1100	-nan(ind)	1015.91	809.12	4845.14	2.17311e-11	0	0	0	0.997685	0.00231481	0.029321	0.968364	0.00231481	1	0	0
0.031	1100.000	4842.14	-nan(ind)	-nan(ind)	7.86	1100	1100	-nan(ind)	1015.91	809.12	4842.14	2.17311e-11	0	0	0	0.997685	0.00231481	0.0277778	0.970679	0.00154321	1	0	0
0.032	1100.000	4698.9	-nan(ind)	-nan(ind)	7.85	1100	1100	-nan(ind)	1015.91	809.119	4698.9	2.17313e-11	0	0	0	0.997685	0.00231481	0.0339506	0.965278	0.000771605	1	0	0
0.033	1100.000	4701.19	-nan(ind)	-nan(ind)	7.84	1100	1100	-nan(ind)	1015.91	809.119	4701.19	2.17313e-11	0	0	0	0.99537	0.00462963	0.0401235	0.959105	0.000771605	1	0	0
0.034	1100.000	4847.28	-nan(ind)	-nan(ind)	7.83	1100	1100	-nan(ind)	1015.91	809.12	4847.28	2.17311e-11	0	0	0	0.997685	0.00231481	0.0354938	0.962963	0.00154321	1	0	0
0.035	1100.000	4698.64	-nan(ind)	-nan(ind)	7.82	1100	1100	-nan(ind)	1015.91	809.119	4698.64	2.17313e-11	0	0	0	0.997685	0.00231481	0.0231481	0.97608	0.000771605	1	0	0
0.036	1100.000	4567.79	-nan(ind)	-nan(ind)	7.81	1100	1100	-nan(ind)	1015.9	809.118	4567.79	2.17315e-11	0	0	0	0.997685	0.00231481	0.0277778	0.971451	0.000771605	1	0	0
0.037	1100.000	5053.5	-nan(ind)	-nan(ind)	7.8	1100	1100	-nan(ind)	1015.92	809.119	5053.5	2.17311e-11	0	0	0	0.99537	0.00462963	0.0231481	0.974537	0.00231481	1	0	0
0.038	1100.000	5952.52	-nan(ind)	-nan(ind)	7.8	1100	1100	-nan(ind)	1015.96	809.128	5952.52	2.17293e-11	0	0	0	0.993056	0.00694444	0.0339506	0.962191	0.00385802	1	0	0
0.039	1100.000	5401.16	-nan(ind)	-nan(ind)	7.79	1100	1100	-nan(ind)	1015.94	809.124	5401.16	2.17303e-11	0	0	0	0.99537	0.00462963	0.0262346	0.970679	0.00308642	1	0	0
0.04	1100.000	5034.74	-nan(ind)	-nan(ind)	7.78	1100	1100	-nan(ind)	1015.92	809.12	5034.74	2.1731e-11	0	0	0	0.99537	0.00462963	0.0231481	0.974537	0.00231481	1	0	0
0.041	1100.000	5034.65	-nan(ind)	-nan(ind)	7.78	1100	1100	-nan(ind)	1015.92	809.12	5034.65	2.1731e-11	0	0	0	0.99537	0.00462963	0.0308642	0.966821	0.00231481	1	0	0
0.042	1100.000	5190.94	-nan(ind)	-nan(ind)	7.77	1100	1100	-nan(ind)	1015.93	809.121	5190.94	2.17307e-11	0	0	0	0.99537	0.00462963	0.029321	0.966821	0.00385802	1	0	0
0.043	1100.000	5185.08	-nan(ind)	-nan(ind)	7.76	1100	1100	-nan(ind)	1015.93	809.121	5185.08	2.17307e-11	0	0	0	0.99537	0.00462963	0.0200617	0.97608	0.00385802	1	0	0
0.044	1100.000	5599.16	-nan(ind)	-nan(ind)	7.76	1100	1100	-nan(ind)	1015.94	809.127	5599.16	2.17298e-11	0	0	0	0.993056	0.00694444	0.0169753	0.979167	0.00385802	1	0	0
0.045	1100.000	5661.62	-nan(ind)	-nan(ind)	7.75	1100	1100	-nan(ind)	1015.95	809.125	5661.62	2.17299e-11	0	0	0	0.993056	0.00694444	0.0216049	0.974537	0.00385802	1	0	0
0.046	1100.000	5794.99	-nan(ind)	-nan(ind)	7.74	1100	1100	-nan(ind)	1015.95	809.127	5794.99	2.17296e-11	0	0	0	0.993056	0.00694444	0.0216049	0.974537	0.00385802	1	0	0
0.047	1100.000	5971.05	-nan(ind)	-nan(ind)	7.74	1100	1100	-nan(ind)	1015.96	809.127	5971.05	2.17295e-11	0	0	0	0.990741	0.00925926	0.0200617	0.974537	0.00540123	1	0	0
0.048	1100.000	5591.13	-nan(ind)	-nan(ind)	7.73	1100	1100	-nan(ind)	1015.94	809.124	5591.13	2.17301e-11	0	0	0	0.993056	0.00694444	0.0216049	0.973765	0.00462963	1	0	0
0.049	1100.000	5706.82	-nan(ind)	-nan(ind)	7.73	1100	1100	-nan(ind)	1015.95	809.126	5706.82	2.17297e-11	0	0	0	0.990741	0.00925926	0.0277778	0.966821	0.00540123	1	0	0
0.05	1100.000	5949.73	-nan(ind)	-nan(ind)	7.72	1100	1100	-nan(ind)	1015.96	809.128	5949.73	2.17294e-11	0	0	0	0.993056	0.00694444	0.029321	0.964506	0.00617284	1	0	0
0.051	1100.000	6102.3	-nan(ind)	-nan(ind)	7.72	1100	1100	-nan(ind)	1015.96	809.128	6102.3	2.17293e-11	0	0	0	0.993056	0.00694444	0.0262346	0.968364	0.00540123	1	0	0
0.052	1100.000	5776.1	-nan(ind)	-nan(ind)	7.71	1100	1100	-nan(ind)	1015.95	809.127	5776.1	2.17296e-11	0	0	0	0.993056	0.00694444	0.0262346	0.968364	0.00540123	1	0	0
0.053	1100.000	5847.03	-nan(ind)	-nan(ind)	7.71	1100	1100	-nan(ind)	1015.95	809.127	5847.03	2.17296e-11	0	0	0	0.990741	0.00925926	0.0308642	0.963735	0.00540123	1	0	0
0.054	1100.000	5903.92	-nan(ind)	-nan(ind)	7.7	1100	1100	-nan(ind)	1015.96	809.123	5903.92	2.17301e-11	0	0	0	0.993056	0.00694444	0.0262346	0.968364	0.00540123	1	0	0
0.055	1100.000	6007.95	-nan(ind)	-nan(ind)	7.7	1100	1100	-nan(ind)	1015.96	809.126	6007.95	2.17296e-11	0	0	0	0.990741	0.00925926	0.0216049	0.972222	0.00617284	1	0	0
0.056	1100.000	5871.82	-nan(ind)	-nan(ind)	7.69	1100	1100	-nan(ind)	1015.96	809.125	5871.82	2.17298e-11	0	0	0	0.990741	0.00925926	0.0185185	0.976852	0.00462963	1	0	0
0.057	1100.000	6150.39	-nan(ind)	-nan(ind)	7.69	1100	1100	-nan(ind)	1015.97	809.127	6150.39	2.17294e-11	0	0	0	0.990741	0.00925926	0.0169753	0.976852	0.00617284	1	0	0
0.058	1100.000	6412.75	-nan(ind)	-nan(ind)	7.69	1100	1100	-nan(ind)	1015.98	809.13	6412.75	2.17289e-11	0	0	0	0.990741	0.00925926	0.0154321	0.976852	0.00771605	1	0	0
0.059	1100.000	6092.28	-nan(ind)	-nan(ind)	7.68	1100	1100	-nan(ind)	1015.96	809.129	6092.28	2.17291e-11	0	0	0	0.988426	0.0115741	0.0216049	0.972222	0.00617284	1	0	0
0.06	1100.000	5316.06	-nan(ind)	-nan(ind)	7.68	1100	1100	-nan(ind)	1015.94	809.121	5316.06	2.17307e-11	0	0	0	0.993056	0.00694444	0.0277778	0.969136	0.00308642	1	0	0
0.061	1100.000	5795.09	-nan(ind)	-nan(ind)	7.67	1100	1100	-nan(ind)	1015.94	809.131	5795.09	2.17291e-11	0	0	0	0.990741	0.00925926	0.0354938	0.959877	0.00462963	1	0	0
0.062	1100.000	6468.03	-nan(ind)	-nan(ind)	7.67	1100	1100	-nan(ind)	1015.96	809.14	6468.03	2.17275e-11	0	0	0	0.990741	0.00925926	0.0169753	0.976852	0.00617284	1	0	0
0.063	1100.000	5910.37	-nan(ind)	-nan(ind)	7.67	1100	1100	-nan(ind)	1015.95	809.135	5910.37	2.17286e-11	0	0	0	0.990741	0.00925926	0.00925926	0.986111	0.00462963	1	0	0
0.064	1100.000	6366.68	-nan(ind)	-nan(ind)	7.66	1100	1100	-nan(ind)	1015.97	809.134	6366.68	2.17284e-11	0	0	0	0.990741	0.00925926	0.0169753	0.976852	0.00617284	1	0	0
0.065	1100.000	5876.19	-nan(ind)	-nan(ind)	7.66	1100	1100	-nan(ind)	1015.96	809.124	5876.19	2.173e-11	0	0	0	0.993056	0.00694444	0.0216049	0.973765	0.00462963	1	0	0
0.066	1100.000	5316.41	-nan(ind)	-nan(ind)	7.66	1100	1100	-nan(ind)	1015.93	809.121	5316.41	2.17306e-11	0	0	0	0.993056	0.00694444	0.029321	0.966821	0.00385802	1	0	0
0.067	1100.000	5312.33	-nan(ind)	-nan(ind)	7.65	1100	1100	-nan(ind)	1015.93	809.121	5312.33	2.17306e-11	0	0	0	0.993056	0.00694444	0.0246914	0.972222	0.00308642	1	0	0
0.068	1100.000	5145.54	-nan(ind)	-nan(ind)	7.65	1100	1100	-nan(ind)	1015.93	809.121	5145.54	2.17308e-11	0	0	0	0.99537	0.00462963	0.0262346	0.971451	0.00231481	1	0	0
0.069	1100.000	6115.86	-nan(ind)	-nan(ind)	7.65	1100	1100	-nan(ind)	1015.96	809.134	6115.86	2.17285e-11	0	0	0	0.993056	0.00694444	0.0354938	0.959877	0.00462963	1	0	0
0.07	1100.000	5710.46	-nan(ind)	-nan(ind)	7.65	1100	1100	-nan(ind)	1015.94	809.129	5710.46	2.17294e-11	0	0	0	0.990741	0.00925926	0.0308642	0.965278	0.00385802	1	0	0
0.071	1100.000	5626.47	-nan(ind)	-nan(ind)	7.64	1100	1100	-nan(ind)	1015.93	809.133	5626.47	2.1729e-11	0	0	0	0.990741	0.00925926	0.0324074	0.962963	0.00462963	1	0	0
0.072	1100.000	6350.84	-nan(ind)	-nan(ind)	7.64	1100	1100	-nan(ind)	1015.96	809.142	6350.84	2.17273e-11	0	0	0	0.990741	0.00925926	0.0324074	0.962191	0.00540123	1	0	0
0.073	1100.000	6829.65	-nan(ind)	-nan(ind)	7.64	1100	1100	-nan(ind)	1015.98	809.14	6829.65	2.17274e-11	0	0	0	0.988426	0.0115741	0.0308642	0.962191	0.00694444	1	0	0
0.074	1100.000	7752.69	-nan(ind)	-nan(ind)	7.64	1100	1100	-nan(ind)	1016.02	809.145	7752.69	2.17261e-11	0	0	0	0.983796	0.0162037	0.0354938	0.954475	0.0100309	1	0	0
0.075	1100.000	7755.72	-nan(ind)	-nan(ind)	7.63	1100	1100	-nan(ind)	1016.01	809.15	7755.72	2.17255e-11	0	0	0	0.976852	0.0231481	0.0354938	0.954475	0.0100309	1	0	0
0.076	1100.000	7040.48	-nan(ind)	-nan(ind)	7.63	1100	1100	-nan(ind)	1015.99	809.145	7040.48	2.17266e-11	0	0	0	0.983796	0.0162037	0.029321	0.962963	0.00771605	1	0	0
0.077	1100.000	7442.37	-nan(ind)	-nan(ind)	7.63	1100	1100	-nan(ind)	1016.01	809.141	7442.37	2.17268e-11	0	0	0	0.979167	0.0208333	0.0231481	0.966049	0.0108025	1	0	0
0.078	1100.000	6944.99	-nan(ind)	-nan(ind)	7.63	1100	1100	-nan(ind)	1015.98	809.142	6944.99	2.1727e-11	0	0	0	0.983796	0.0162037	0.0200617	0.972994	0.00694444	1	0	0
0.079	1100.000	7256.4	-nan(ind)	-nan(ind)	7.62	1100	1100	-nan(ind)	1016	809.144	7256.4	2.17266e-11	0	0	0	0.983796	0.0162037	0.0216049	0.970679	0.00771605	1	0	0
0.08	1100.000	6623.26	-nan(ind)	-nan(ind)	7.62	1100	1100	-nan(ind)	1015.98	809.136	6623.26	2.17279e-11	0	0	0	0.990741	0.00925926	0.0246914	0.969136	0.00617284	1	0	0
0.081	1100.000	6352.58	-nan(ind)	-nan(ind)	7.62	1100	1100	-nan(ind)	1015.97	809.135	6352.58	2.17282e-11	0	0	0	0.990741	0.00925926	0.0339506	0.960648	0.00540123	1	0	0
0.082	1100.000	6658.14	-nan(ind)	-nan(ind)	7.62	1100	1100	-nan(ind)	1015.98	809.136	6658.14	2.17279e-11	0	0	0	0.988426	0.0115741	0.0277778	0.965278	0.00694444	1	0	0
0.083	1100.000	6354.29	-nan(ind)	-nan(ind)	7.61	1100	1100	-nan(ind)	1015.97	809.135	6354.29	2.17282e-11	0	0	0	0.990741	0.00925926	0.0185185	0.97608	0.00540123	1	0	0
0.084	1100.000	6653	-nan(ind)	-nan(ind)	7.61	1100	1100	-nan(ind)	1015.98	809.136	6653	2.1728e-11	0	0	0	0.988426	0.0115741	0.0308642	0.962963	0.00617284	1	0	0
0.085	1100.000	6533.35	-nan(ind)	-nan(ind)	7.61	1100	1100	-nan(ind)	1015.97	809.135	6533.35	2.17282e-11	0	0	0	0.986111	0.0138889	0.0216049	0.972222	0.00617284	1	0	0
0.086	1100.000	6825.41	-nan(ind)	-nan(ind)	7.61	1100	1100	-nan(ind)	1015.99	809.136	6825.41	2.17278e-11	0	0	0	0.988426	0.0115741	0.0262346	0.966821	0.00694444	1	0	0
0.087	1100.000	6384.28	-nan(ind)	-nan(ind)	7.61	1100	1100	-nan(ind)	1015.97	809.129	6384.28	2.17289e-11	0	0	0	0.988426	0.0115741	0.0138889	0.979938	0.00617284	1	0	0
0.088	1100.000	6554.07	-nan(ind)	-nan(ind)	7.6	1100	1100	-nan(ind)	1015.98	809.135	6554.07	2.17282e-11	0	0	0	0.988426	0.0115741	0.0231481	0.969907	0.00694444	1	0	0
0.089	1100.000	7093.95	-nan(ind)	-nan(ind)	7.6	1100	1100	-nan(ind)	1016	809.137	7093.95	2.17275e-11	0	0	0	0.988426	0.0115741	0.0216049	0.969907	0.00848765	1	0	0
0.09	1100.000	6933.5	-nan(ind)	-nan(ind)	7.6	1100	1100	-nan(ind)	1015.99	809.141	6933.5	2.17272e-11	0	0	0	0.988426	0.0115741	0.0200617	0.972222	0.00771605	1	0	0
0.091	1100.000	5922.18	-nan(ind)	-nan(ind)	7.6	1100	1100	-nan(ind)	1015.95	809.133	5922.18	2.17288e-11	0	0	0	0.993056	0.00694444	0.0169753	0.979167	0.00385802	1	0	0
0.092	1100.000	6235.77	-nan(ind)	-nan(ind)	7.6	1100	1100	-nan(ind)	1015.96	809.135	6235.77	2.17284e-11	0	0	0	0.993056	0.00694444	0.0185185	0.97608	0.00540123	1	0	0
0.093	1100.000	5985.1	-nan(ind)	-nan(ind)	7.6	1100	1100	-nan(ind)	1015.96	809.129	5985.1	2.17292e-11	0	0	0	0.988426	0.0115741	0.0262346	0.969136	0.00462963	1	0	0
0.094	1100.000	6078.86	-nan(ind)	-nan(ind)	7.59	1100	1100	-nan(ind)	1015.96	809.132	6078.86	2.17288e-11	0	0	0	0.990741	0.00925926	0.0277778	0.967593	0.00462963	1	0	0
0.095	1100.000	6784.26	-nan(ind)	-nan(ind)	7.59	1100	1100	-nan(ind)	1015.98	809.14	6784.26	2.17273e-11	0	0	0	0.988426	0.0115741	0.0262346	0.966821	0.00694444	1	0	0
0.096	1100.000	6504.67	-nan(ind)	-nan(ind)	7.59	1100	1100	-nan(ind)	1015.97	809.14	6504.67	2.17275e-11	0	0	0	0.986111	0.0138889	0.0200617	0.973765	0.00617284	1	0	0
0.097	1100.000	6304.16	-nan(ind)	-nan(ind)	7.59	1100	1100	-nan(ind)	1015.96	809.141	6304.16	2.17275e-11	0	0	0	0.990741	0.00925926	0.0138889	0.979938	0.00617284	1	0	0
0.098	1100.000	6355.99	-nan(ind)	-nan(ind)	7.59	1100	1100	-nan(ind)	1015.96	809.14	6355.99	2.17277e-11	0	0	0	0.988426	0.0115741	0.0154321	0.979167	0.00540123	1	0	0
0.099	1100.000	6508.43	-nan(ind)	-nan(ind)	7.59	1100	1100	-nan(ind)	1015.97	809.14	6508.43	2.17275e-11	0	0	0	0.990741	0.00925926	0.0123457	0.982253	0.00540123	1	0	0
0.1	1100.000	6871.42	-nan(ind)	-nan(ind)	7.59	1100	1100	-nan(ind)	1015.97	809.147	6871.42	2.17264e-11	0	0	0	0.988426	0.0115741	0.0185185	0.974537	0.00694444	1	0	0
0.101	1100.000	7589.28	-nan(ind)	-nan(ind)	6.97	1100	1100	-nan(ind)	1015.99	809.158	7589.28	2.17246e-11	0	0	0	0.983796	0.0162037	0.0154321	0.974537	0.0100309	1	0	0
0.102	1100.000	9080.46	-nan(ind)	-nan(ind)	6.73	1100	1100	-nan(ind)	1016.04	809.178	9080.46	2.17211e-11	0	0	0	0.967593	0.0324074	0.0154321	0.972222	0.0123457	1	0	0
0.103	1100.000	13167.9	-nan(ind)	-nan(ind)	6.58	1100	1100	-nan(ind)	1016.16	809.231	13167.9	2.17118e-11	0	0	0	0.928241	0.0717593	0.0138889	0.958333	0.0277778	1	0	0
0.104	1100.000	18289.8	-nan(ind)	-nan(ind)	6.47	1100	1100	-nan(ind)	1016.33	809.286	18289.8	2.17018e-11	0	0	0	0.886574	0.113426	0.0185185	0.93287	0.0486111	1	0	0
0.105	1100.000	22317.2	-nan(ind)	-nan(ind)	6.38	1100	1100	-nan(ind)	1016.43	809.355	22317.2	2.16906e-11	0	0	0	0.851852	0.148148	0.0185185	0.919753	0.0617284	1	0	0
0.106	1100.000	26340.8	-nan(ind)	-nan(ind)	6.31	1100	1100	-nan(ind)	1016.55	809.412	26340.8	2.16808e-11	0	0	0	0.833333	0.166667	0.0169753	0.907407	0.0756173	1	0	0
0.107	1100.000	35377.6	-nan(ind)	-nan(ind)	6.25	1100	1100	-nan(ind)	1016.84	809.515	35377.6	2.16622e-11	0	0	0	0.740741	0.259259	0.00925926	0.880401	0.11034	1	0	0
0.108	1100.000	45837.1	-nan(ind)	-nan(ind)	6.2	1100	1100	-nan(ind)	1017.18	809.634	45837.1	2.16406e-11	0	0	0	0.652778	0.347222	0.00771605	0.841821	0.150463	1	0	0
0.109	1100.000	58457	-nan(ind)	-nan(ind)	6.15	1100	1100	-nan(ind)	1017.53	809.821	58457	2.16091e-11	0	0	0	0.583333	0.416667	0.0108025	0.789352	0.199846	1	0	0
0.11	1100.000	70369.1	-nan(ind)	-nan(ind)	6.11	1100	1100	-nan(ind)	1017.81	810.038	70369.1	2.15743e-11	0	0	0	0.5	0.5	0.00925926	0.750772	0.239969	1	0	0
0.111	1100.000	78217.7	-nan(ind)	-nan(ind)	6.08	1100	1100	-nan(ind)	1018.05	810.137	78217.7	2.1557e-11	0	0	0	0.428241	0.571759	0.00308642	0.738426	0.258488	1	0	0
0.112	1100.000	91962.8	-nan(ind)	-nan(ind)	6.09	1100	1100	-nan(ind)	1018.45	810.324	91962.8	2.15247e-11	0	0	0	0.358796	0.641204	0.00308642	0.685957	0.310957	1	0	0
0.113	1100.000	93995.9	-nan(ind)	-nan(ind)	6.09	1100	1100	-nan(ind)	1018.51	810.353	93995.9	2.15199e-11	0	0	0	0.344907	0.655093	0.00462963	0.681327	0.314043	1	0	0
0.114	1100.000	97675.8	-nan(ind)	-nan(ind)	6.1	1100	1100	-nan(ind)	1018.62	810.402	97675.8	2.15113e-11	0	0	0	0.333333	0.666667	0.00462963	0.672068	0.323302	1	0	0
0.115	1100.000	105787	-nan(ind)	-nan(ind)	6.11	1100	1100	-nan(ind)	1018.91	810.469	105787	2.14978e-11	0	0	0	0.303241	0.696759	0.00462963	0.63966	0.35571	1	0	0
0.116	1100.000	108607	-nan(ind)	-nan(ind)	6.12	1100	1100	-nan(ind)	1019	810.501	108607	2.1492e-11	0	0	0	0.300926	0.699074	0.00462963	0.641975	0.353395	1	0	0
0.117	1100.000	109018	-nan(ind)	-nan(ind)	6.13	1100	1100	-nan(ind)	1019	810.516	109018	2.14899e-11	0	0	0	0.303241	0.696759	0.00154321	0.649691	0.348765	1	0	0
0.118	1100.000	109786	-nan(ind)	-nan(ind)	6.14	1100	1100	-nan(ind)	1019	810.54	109786	2.14864e-11	0	0	0	0.321759	0.678241	0	0.652778	0.347222	1	0	0
0.119	1100.000	114480	-nan(ind)	-nan(ind)	6.14	1100	1100	-nan(ind)	1019.19	810.565	114480	2.14802e-11	0	0	0	0.310185	0.689815	0	0.627315	0.372685	1	0	0
0.12	1100.000	112052	-nan(ind)	-nan(ind)	6.15	1100	1100	-nan(ind)	1019.13	810.525	112052	2.14868e-11	0	0	0	0.298611	0.701389	0.00617284	0.637346	0.356481	1	0	0
0.121	1100.000	111204	-nan(ind)	-nan(ind)	6.16	1100	1100	-nan(ind)	1019.13	810.492	111204	2.14914e-11	0	0	0	0.328704	0.671296	0.00462963	0.652778	0.342593	1	0	0
0.122	1100.000	110760	-nan(ind)	-nan(ind)	6.17	1100	1100	-nan(ind)	1019.06	810.535	110760	2.14863e-11	0	0	0	0.31713	0.68287	0.00617284	0.652778	0.341049	1	0	0
0.123	1100.000	108592	-nan(ind)	-nan(ind)	6.18	1100	1100	-nan(ind)	1018.97	810.523	108592	2.14893e-11	0	0	0	0.31713	0.68287	0.00462963	0.658179	0.337191	1	0	0
0.124	1100.000	109931	-nan(ind)	-nan(ind)	6.19	1100	1100	-nan(ind)	1019.05	810.508	109931	2.14902e-11	0	0	0	0.319444	0.680556	0	0.660494	0.339506	1	0	0
0.125	1100.000	111569	-nan(ind)	-nan(ind)	6.19	1100	1100	-nan(ind)	1019.12	810.518	111569	2.1488e-11	0	0	0	0.333333	0.666667	0.00308642	0.638889	0.358025	1	0	0
0.126	1100.000	112311	-nan(ind)	-nan(ind)	6.2	1100	1100	-nan(ind)	1019.13	810.532	112311	2.14858e-11	0	0	0	0.319444	0.680556	0.00154321	0.643519	0.354938	1	0	0
0.127	1100.000	111718	-nan(ind)	-nan(ind)	6.21	1100	1100	-nan(ind)	1019.16	810.491	111718	2.14913e-11	0	0	0	0.314815	0.685185	0.00308642	0.646605	0.350309	1	0	0
0.128	1100.000	112994	-nan(ind)	-nan(ind)	6.22	1100	1100	-nan(ind)	1019.16	810.533	112994	2.14851e-11	0	0	0	0.296296	0.703704	0.00462963	0.636574	0.358796	1	0	0
0.129	1100.000	111745	-nan(ind)	-nan(ind)	6.23	1100	1100	-nan(ind)	1019.13	810.512	111745	2.14886e-11	0	0	0	0.293981	0.706019	0.00308642	0.650463	0.346451	1	0	0
0.13	1100.000	112920	-nan(ind)	-nan(ind)	6.24	1100	1100	-nan(ind)	1019.2	810.5	112920	2.14893e-11	0	0	0	0.30787	0.69213	0.00154321	0.645062	0.353395	1	0	0
0.131	1100.000	113870	-nan(ind)	-nan(ind)	6.24	1100	1100	-nan(ind)	1019.17	810.555	113870	2.14818e-11	0	0	0	0.319444	0.680556	0	0.63966	0.36034	1	0	0
0.132	1100.000	115401	-nan(ind)	-nan(ind)	6.25	1100	1100	-nan(ind)	1019.2	810.592	115401	2.14763e-11	0	0	0	0.333333	0.666667	0.00308642	0.640432	0.356481	1	0	0
0.133	1100.000	111235	-nan(ind)	-nan(ind)	6.26	1100	1100	-nan(ind)	1019.09	810.525	111235	2.14873e-11	0	0	0	0.3125	0.6875	0.00154321	0.655864	0.342593	1	0	0
0.134	1100.000	111211	-nan(ind)	-nan(ind)	6.27	1100	1100	-nan(ind)	1019.09	810.525	111211	2.14873e-11	0	0	0	0.321759	0.678241	0	0.648148	0.351852	1	0	0
0.135	1100.000	106515	-nan(ind)	-nan(ind)	6.28	1100	1100	-nan(ind)	1019	810.421	106515	2.15034e-11	0	0	0	0.354167	0.645833	0	0.67284	0.32716	1	0	0
0.136	1100.000	108221	-nan(ind)	-nan(ind)	6.28	1100	1100	-nan(ind)	1019.04	810.456	108221	2.14979e-11	0	0	0	0.333333	0.666667	0.00308642	0.654321	0.342593	1	0	0
0.137	1100.000	107763	-nan(ind)	-nan(ind)	6.29	1100	1100	-nan(ind)	1019.02	810.456	107763	2.14982e-11	0	0	0	0.344907	0.655093	0.00154321	0.665123	0.333333	1	0	0
0.138	1100.000	108114	-nan(ind)	-nan(ind)	6.3	1100	1100	-nan(ind)	1019.07	810.426	108114	2.15016e-11	0	0	0	0.349537	0.650463	0.00771605	0.662037	0.330247	1	0	0
0.139	1100.000	108597	-nan(ind)	-nan(ind)	6.31	1100	1100	-nan(ind)	1019.06	810.455	108597	2.14977e-11	0	0	0	0.354167	0.645833	0.00462963	0.654321	0.341049	1	0	0
0.14	1100.000	109517	-nan(ind)	-nan(ind)	6.32	1100	1100	-nan(ind)	1019.01	810.523	109517	2.14887e-11	0	0	0	0.344907	0.655093	0.00154321	0.655864	0.342593	1	0	0
0.141	1100.000	112471	-nan(ind)	-nan(ind)	6.33	1100	1100	-nan(ind)	1019.11	810.555	112471	2.14827e-11	0	0	0	0.321759	0.678241	0	0.648148	0.351852	1	0	0
0.142	1100.000	110549	-nan(ind)	-nan(ind)	6.33	1100	1100	-nan(ind)	1019.1	810.492	110549	2.14919e-11	0	0	0	0.342593	0.657407	0.00308642	0.665895	0.331019	1	0	0
0.143	1100.000	110201	-nan(ind)	-nan(ind)	6.34	1100	1100	-nan(ind)	1019.09	810.489	110201	2.14924e-11	0	0	0	0.358796	0.641204	0.00154321	0.665123	0.333333	1	0	0
0.144	1100.000	109764	-nan(ind)	-nan(ind)	6.35	1100	1100	-nan(ind)	1019.07	810.489	109764	2.14928e-11	0	0	0	0.365741	0.634259	0.00154321	0.671296	0.32716	1	0	0
0.145	1100.000	109293	-nan(ind)	-nan(ind)	6.36	1100	1100	-nan(ind)	1019.06	810.479	109293	2.14943e-11	0	0	0	0.361111	0.638889	0.00154321	0.662037	0.33642	1	0	0
0.146	1100.000	109221	-nan(ind)	-nan(ind)	6.37	1100	1100	-nan(ind)	1019.06	810.474	109221	2.14949e-11	0	0	0	0.361111	0.638889	0	0.658951	0.341049	1	0	0
0.147	1100.000	110193	-nan(ind)	-nan(ind)	6.37	1100	1100	-nan(ind)	1019.1	810.479	110193	2.14937e-11	0	0	0	0.351852	0.648148	0.00154321	0.649691	0.348765	1	0	0
0.148	1100.000	107366	-nan(ind)	-nan(ind)	6.38	1100	1100	-nan(ind)	1019	810.453	107366	2.14988e-11	0	0	0	0.361111	0.638889	0.00462963	0.659722	0.335648	1	0	0
0.149	1100.000	106755	-nan(ind)	-nan(ind)	6.39	1100	1100	-nan(ind)	1018.94	810.482	106755	2.14956e-11	0	0	0	0.354167	0.645833	0.00462963	0.661265	0.334105	1	0	0
0.15	1100.000	107702	-nan(ind)	-nan(ind)	6.4	1100	1100	-nan(ind)	1018.94	810.512	107702	2.14912e-11	0	0	0	0.358796	0.641204	0	0.662037	0.337963	1	0	0
0.151	1100.000	106288	-nan(ind)	-nan(ind)	6.41	1100	1100	-nan(ind)	1018.9	810.494	106288	2.14944e-11	0	0	0	0.358796	0.641204	0.00154321	0.673611	0.324846	1	0	0
0.152	1100.000	109845	-nan(ind)	-nan(ind)	6.41	1100	1100	-nan(ind)	1019.03	810.524	109845	2.14884e-11	0	0	0	0.363426	0.636574	0.00154321	0.654321	0.344136	1	0	0
0.153	1100.000	108063	-nan(ind)	-nan(ind)	6.42	1100	1100	-nan(ind)	1018.96	810.513	108063	2.14909e-11	0	0	0	0.351852	0.648148	0.00154321	0.665895	0.332562	1	0	0
0.154	1100.000	108171	-nan(ind)	-nan(ind)	6.43	1100	1100	-nan(ind)	1018.96	810.515	108171	2.14905e-11	0	0	0	0.361111	0.638889	0.00308642	0.668981	0.327932	1	0	0
0.155	1100.000	104055	-nan(ind)	-nan(ind)	6.44	1100	1100	-nan(ind)	1018.87	810.432	104055	2.15036e-11	0	0	0	0.393519	0.606481	0.00308642	0.691358	0.305556	1	0	0
0.156	1100.000	103401	-nan(ind)	-nan(ind)	6.45	1100	1100	-nan(ind)	1018.81	810.458	103401	2.15007e-11	0	0	0	0.395833	0.604167	0	0.694444	0.305556	1	0	0
0.157	1100.000	105694	-nan(ind)	-nan(ind)	6.45	1100	1100	-nan(ind)	1018.86	810.502	105694	2.14937e-11	0	0	0	0.372685	0.627315	0.00154321	0.668981	0.329475	1	0	0
0.158	1100.000	104505	-nan(ind)	-nan(ind)	6.46	1100	1100	-nan(ind)	1018.86	810.459	104505	2.14999e-11	0	0	0	0.365741	0.634259	0.00308642	0.677469	0.319444	1	0	0
0.159	1100.000	106881	-nan(ind)	-nan(ind)	6.47	1100	1100	-nan(ind)	1018.97	810.459	106881	2.14983e-11	0	0	0	0.365741	0.634259	0	0.668981	0.331019	1	0	0
0.16	1100.000	110161	-nan(ind)	-nan(ind)	6.48	1100	1100	-nan(ind)	1019.1	810.481	110161	2.14935e-11	0	0	0	0.37037	0.62963	0.00308642	0.656636	0.340278	1	0	0
0.161	1100.000	108876	-nan(ind)	-nan(ind)	6.49	1100	1100	-nan(ind)	1019.05	810.467	108876	2.14961e-11	0	0	0	0.398148	0.601852	0	0.671296	0.328704	1	0	0
0.162	1100.000	107825	-nan(ind)	-nan(ind)	6.49	1100	1100	-nan(ind)	1018.98	810.484	107825	2.14946e-11	0	0	0	0.372685	0.627315	0.00462963	0.670525	0.324846	1	0	0
0.163	1100.000	106437	-nan(ind)	-nan(ind)	6.5	1100	1100	-nan(ind)	1018.98	810.44	106437	2.15011e-11	0	0	0	0.363426	0.636574	0	0.676698	0.323302	1	0	0
0.164	1100.000	107445	-nan(ind)	-nan(ind)	6.51	1100	1100	-nan(ind)	1018.98	810.476	107445	2.14959e-11	0	0	0	0.37037	0.62963	0	0.66821	0.33179	1	0	0
0.165	1100.000	106013	-nan(ind)	-nan(ind)	6.52	1100	1100	-nan(ind)	1018.92	810.467	106013	2.1498e-11	0	0	0	0.402778	0.597222	0.00154321	0.677469	0.320988	1	0	0
0.166	1100.000	105584	-nan(ind)	-nan(ind)	6.53	1100	1100	-nan(ind)	1018.87	810.489	105584	2.14954e-11	0	0	0	0.395833	0.604167	0	0.682099	0.317901	1	0	0
0.167	1100.000	105834	-nan(ind)	-nan(ind)	6.53	1100	1100	-nan(ind)	1018.91	810.47	105834	2.14976e-11	0	0	0	0.384259	0.615741	0.00308642	0.680556	0.316358	1	0	0
0.168	1100.000	104536	-nan(ind)	-nan(ind)	6.54	1100	1100	-nan(ind)	1018.85	810.471	104536	2.14984e-11	0	0	0	0.391204	0.608796	0	0.681327	0.318673	1	0	0
0.169	1100.000	103152	-nan(ind)	-nan(ind)	6.55	1100	1100	-nan(ind)	1018.82	810.438	103152	2.15034e-11	0	0	0	0.395833	0.604167	0.00154321	0.685957	0.3125	1	0	0
0.17	1100.000	102072	-nan(ind)	-nan(ind)	6.56	1100	1100	-nan(ind)	1018.81	810.409	102072	2.15077e-11	0	0	0	0.421296	0.578704	0	0.694444	0.305556	1	0	0
0.171	1100.000	103084	-nan(ind)	-nan(ind)	6.56	1100	1100	-nan(ind)	1018.82	810.437	103084	2.15036e-11	0	0	0	0.407407	0.592593	0.00308642	0.683642	0.313272	1	0	0
0.172	1100.000	101979	-nan(ind)	-nan(ind)	6.57	1100	1100	-nan(ind)	1018.8	810.415	101979	2.1507e-11	0	0	0	0.405093	0.594907	0.00462963	0.682099	0.313272	1	0	0
0.173	1100.000	101128	-nan(ind)	-nan(ind)	6.58	1100	1100	-nan(ind)	1018.77	810.411	101128	2.15081e-11	0	0	0	0.418981	0.581019	0.00462963	0.685957	0.309414	1	0	0
0.174	1100.000	99191.8	-nan(ind)	-nan(ind)	6.59	1100	1100	-nan(ind)	1018.69	810.397	99191.8	2.15111e-11	0	0	0	0.416667	0.583333	0.00462963	0.689815	0.305556	1	0	0
0.175	1100.000	102239	-nan(ind)	-nan(ind)	6.59	1100	1100	-nan(ind)	1018.78	810.443	102239	2.15033e-11	0	0	0	0.405093	0.594907	0.00308642	0.678241	0.318673	1	0	0
0.176	1100.000	100978	-nan(ind)	-nan(ind)	6.6	1100	1100	-nan(ind)	1018.71	810.446	100978	2.15037e-11	0	0	0	0.430556	0.569444	0.00308642	0.68287	0.314043	1	0	0
0.177	1100.000	99898	-nan(ind)	-nan(ind)	6.61	1100	1100	-nan(ind)	1018.74	810.388	99898	2.15117e-11	0	0	0	0.43287	0.56713	0.00308642	0.691358	0.305556	1	0	0
0.178	1100.000	97844.3	-nan(ind)	-nan(ind)	6.62	1100	1100	-nan(ind)	1018.67	810.368	97844.3	2.15155e-11	0	0	0	0.425926	0.574074	0.00308642	0.706019	0.290895	1	0	0
0.179	1100.000	98651.2	-nan(ind)	-nan(ind)	6.63	1100	1100	-nan(ind)	1018.68	810.39	98651.2	2.15123e-11	0	0	0	0.435185	0.564815	0.00154321	0.693673	0.304784	1	0	0
0.18	1100.000	100133	-nan(ind)	-nan(ind)	6.63	1100	1100	-nan(ind)	1018.75	810.388	100133	2.15115e-11	0	0	0	0.418981	0.581019	0	0.693673	0.306327	1	0	0
0.181	1100.000	103582	-nan(ind)	-nan(ind)	6.64	1100	1100	-nan(ind)	1018.87	810.42	103582	2.15053e-11	0	0	0	0.416667	0.583333	0	0.683642	0.316358	1	0	0
0.182	1100.000	102329	-nan(ind)	-nan(ind)	6.65	1100	1100	-nan(ind)	1018.85	810.387	102329	2.15102e-11	0	0	0	0.412037	0.587963	0.00308642	0.688272	0.308642	1	0	0
0.183	1100.000	100774	-nan(ind)	-nan(ind)	6.66	1100	1100	-nan(ind)	1018.77	810.397	100774	2.151e-11	0	0	0	0.425926	0.574074	0.00154321	0.695216	0.303241	1	0	0
0.184	1100.000	96480.2	-nan(ind)	-nan(ind)	6.66	1100	1100	-nan(ind)	1018.65	810.331	96480.2	2.15211e-11	0	0	0	0.4375	0.5625	0.00154321	0.70679	0.291667	1	0	0
0.185	1100.000	98177.6	-nan(ind)	-nan(ind)	6.67	1100	1100	-nan(ind)	1018.67	810.375	98177.6	2.15144e-11	0	0	0	0.430556	0.569444	0.00308642	0.698302	0.298611	1	0	0
0.186	1100.000	100005	-nan(ind)	-nan(ind)	6.68	1100	1100	-nan(ind)	1018.71	810.411	100005	2.15087e-11	0	0	0	0.423611	0.576389	0.00308642	0.692901	0.304012	1	0	0
0.187	1100.000	99848.6	-nan(ind)	-nan(ind)	6.69	1100	1100	-nan(ind)	1018.78	810.355	99848.6	2.15158e-11	0	0	0	0.43287	0.56713	0	0.693673	0.306327	1	0	0
0.188	1100.000	100377	-nan(ind)	-nan(ind)	6.69	1100	1100	-nan(ind)	1018.75	810.394	100377	2.15106e-11	0	0	0	0.453704	0.546296	0.00308642	0.688272	0.308642	1	0	0
0.189	1100.000	100821	-nan(ind)	-nan(ind)	6.7	1100	1100	-nan(ind)	1018.82	810.357	100821	2.1515e-11	0	0	0	0.4375	0.5625	0.00462963	0.690586	0.304784	1	0	0
0.19	1100.000	98592.1	-nan(ind)	-nan(ind)	6.71	1100	1100	-nan(ind)	1018.74	810.34	98592.1	2.15185e-11	0	0	0	0.472222	0.527778	0.00308642	0.70216	0.294753	1	0	0
0.191	1100.000	98132.4	-nan(ind)	-nan(ind)	6.72	1100	1100	-nan(ind)	1018.7	810.355	98132.4	2.1517e-11	0	0	0	0.460648	0.539352	0.00154321	0.699846	0.298611	1	0	0
0.192	1100.000	100093	-nan(ind)	-nan(ind)	6.72	1100	1100	-nan(ind)	1018.74	810.395	100093	2.15107e-11	0	0	0	0.444444	0.555556	0.00462963	0.684414	0.310957	1	0	0
0.193	1100.000	100029	-nan(ind)	-nan(ind)	6.73	1100	1100	-nan(ind)	1018.76	810.373	100029	2.15135e-11	0	0	0	0.425926	0.574074	0.00154321	0.690586	0.30787	1	0	0
0.194	1100.000	100684	-nan(ind)	-nan(ind)	6.74	1100	1100	-nan(ind)	1018.78	810.383	100684	2.15118e-11	0	0	0	0.439815	0.560185	0.00308642	0.681327	0.315586	1	0	0
0.195	1100.000	100566	-nan(ind)	-nan(ind)	6.74	1100	1100	-nan(ind)	1018.76	810.395	100566	2.15104e-11	0	0	0	0.439815	0.560185	0.00308642	0.685185	0.311728	1	0	0
0.196	1100.000	98251	-nan(ind)	-nan(ind)	6.75	1100	1100	-nan(ind)	1018.72	810.34	98251	2.15187e-11	0	0	0	0.435185	0.564815	0.00308642	0.70679	0.290123	1	0	0
0.197	1100.000	98796.7	-nan(ind)	-nan(ind)	6.76	1100	1100	-nan(ind)	1018.71	810.368	98796.7	2.1515e-11	0	0	0	0.421296	0.578704	0.00154321	0.695988	0.302469	1	0	0
0.198	1100.000	97347	-nan(ind)	-nan(ind)	6.77	1100	1100	-nan(ind)	1018.65	810.364	97347	2.15163e-11	0	0	0	0.435185	0.564815	0.00308642	0.699074	0.29784	1	0	0
0.199	1100.000	98208.8	-nan(ind)	-nan(ind)	6.77	1100	1100	-nan(ind)	1018.71	810.349	98208.8	2.15176e-11	0	0	0	0.439815	0.560185	0.00154321	0.69213	0.306327	1	0	0
0.2	1100.000	95421.9	-nan(ind)	-nan(ind)	6.78	1100	1100	-nan(ind)	1018.6	810.334	95421.9	2.15214e-11	0	0	0	0.451389	0.548611	0.00308642	0.709105	0.287809	1	0	0
0.201	1100.000	91201	-nan(ind)	-nan(ind)	6.79	1100	1100	-nan(ind)	1018.48	810.272	91201	2.15318e-11	0	0	0	0.488426	0.511574	0.00462963	0.722222	0.273148	1	0	0
0.202	1100.000	91058.5	-nan(ind)	-nan(ind)	6.79	1100	1100	-nan(ind)	1018.44	810.297	91058.5	2.15287e-11	0	0	0	0.493056	0.506944	0.00154321	0.721451	0.277006	1	0	0
0.203	1100.000	93812.9	-nan(ind)	-nan(ind)	6.8	1100	1100	-nan(ind)	1018.53	810.329	93812.9	2.1523e-11	0	0	0	0.486111	0.513889	0.00462963	0.704475	0.290895	1	0	0
0.204	1100.000	95768.2	-nan(ind)	-nan(ind)	6.81	1100	1100	-nan(ind)	1018.57	810.367	95768.2	2.1517e-11	0	0	0	0.490741	0.509259	0.00462963	0.698302	0.297068	1	0	0
0.205	1100.000	95943	-nan(ind)	-nan(ind)	6.82	1100	1100	-nan(ind)	1018.6	810.349	95943	2.15191e-11	0	0	0	0.472222	0.527778	0.00154321	0.703704	0.294753	1	0	0
0.206	1100.000	97314.2	-nan(ind)	-nan(ind)	6.82	1100	1100	-nan(ind)	1018.65	810.36	97314.2	2.15168e-11	0	0	0	0.486111	0.513889	0.00308642	0.701389	0.295525	1	0	0
0.207	1100.000	94518.8	-nan(ind)	-nan(ind)	6.83	1100	1100	-nan(ind)	1018.6	810.296	94518.8	2.15266e-11	0	0	0	0.486111	0.513889	0.00154321	0.722994	0.275463	1	0	0
0.208	1100.000	93162.8	-nan(ind)	-nan(ind)	6.84	1100	1100	-nan(ind)	1018.52	810.309	93162.8	2.15259e-11	0	0	0	0.49537	0.50463	0.00154321	0.719907	0.278549	1	0	0
0.209	1100.000	96036.2	-nan(ind)	-nan(ind)	6.84	1100	1100	-nan(ind)	1018.62	810.335	96036.2	2.15208e-11	0	0	0	0.483796	0.516204	0.00154321	0.701389	0.297068	1	0	0
0.21	1100.000	89822.1	-nan(ind)	-nan(ind)	6.85	1100	1100	-nan(ind)	1018.44	810.251	89822.1	2.15353e-11	0	0	0	0.497685	0.502315	0	0.733025	0.266975	1	0	0
0.211	1100.000	87752.9	-nan(ind)	-nan(ind)	6.86	1100	1100	-nan(ind)	1018.37	810.233	87752.9	2.15388e-11	0	0	0	0.511574	0.488426	0	0.746142	0.253858	1	0	0
0.212	1100.000	89306.5	-nan(ind)	-nan(ind)	6.86	1100	1100	-nan(ind)	1018.39	810.272	89306.5	2.1533e-11	0	0	0	0.520833	0.479167	0.00617284	0.727623	0.266204	1	0	0
0.213	1100.000	90220.3	-nan(ind)	-nan(ind)	6.87	1100	1100	-nan(ind)	1018.42	810.284	90220.3	2.15309e-11	0	0	0	0.5	0.5	0	0.725309	0.274691	1	0	0
0.214	1100.000	92250.5	-nan(ind)	-nan(ind)	6.88	1100	1100	-nan(ind)	1018.46	810.323	92250.5	2.15247e-11	0	0	0	0.506944	0.493056	0	0.719136	0.280864	1	0	0
0.215	1100.000	88869.8	-nan(ind)	-nan(ind)	6.88	1100	1100	-nan(ind)	1018.4	810.25	88869.8	2.1536e-11	0	0	0	0.511574	0.488426	0.00308642	0.731481	0.265432	1	0	0
0.216	1100.000	91647.4	-nan(ind)	-nan(ind)	6.89	1100	1100	-nan(ind)	1018.46	810.308	91647.4	2.15271e-11	0	0	0	0.5	0.5	0.00617284	0.712963	0.280864	1	0	0
0.217	1100.000	88492.4	-nan(ind)	-nan(ind)	6.9	1100	1100	-nan(ind)	1018.34	810.282	88492.4	2.15323e-11	0	0	0	0.518519	0.481481	0.00925926	0.729938	0.260802	1	0	0
0.218	1100.000	89619.9	-nan(ind)	-nan(ind)	6.9	1100	1100	-nan(ind)	1018.36	810.31	89619.9	2.15281e-11	0	0	0	0.516204	0.483796	0.00771605	0.719907	0.272377	1	0	0
0.219	1100.000	92719.5	-nan(ind)	-nan(ind)	6.91	1100	1100	-nan(ind)	1018.42	810.378	92719.5	2.15176e-11	0	0	0	0.511574	0.488426	0.00771605	0.710648	0.281636	1	0	0
0.22	1100.000	89471.3	-nan(ind)	-nan(ind)	6.92	1100	1100	-nan(ind)	1018.34	810.317	89471.3	2.15273e-11	0	0	0	0.513889	0.486111	0.00308642	0.728395	0.268519	1	0	0
0.221	1100.000	85199.3	-nan(ind)	-nan(ind)	6.92	1100	1100	-nan(ind)	1018.24	810.239	85199.3	2.15397e-11	0	0	0	0.537037	0.462963	0.00462963	0.739198	0.256173	1	0	0
0.222	1100.000	87950.2	-nan(ind)	-nan(ind)	6.93	1100	1100	-nan(ind)	1018.32	810.278	87950.2	2.15331e-11	0	0	0	0.553241	0.446759	0.00462963	0.732253	0.263117	1	0	0
0.223	1100.000	84826.2	-nan(ind)	-nan(ind)	6.94	1100	1100	-nan(ind)	1018.26	810.21	84826.2	2.15435e-11	0	0	0	0.543981	0.456019	0.00308642	0.748457	0.248457	1	0	0
0.224	1100.000	82288.5	-nan(ind)	-nan(ind)	6.94	1100	1100	-nan(ind)	1018.18	810.185	82288.5	2.15484e-11	0	0	0	0.5625	0.4375	0.00462963	0.753858	0.241512	1	0	0
0.225	1100.000	81739.2	-nan(ind)	-nan(ind)	6.95	1100	1100	-nan(ind)	1018.17	810.166	81739.2	2.15511e-11	0	0	0	0.569444	0.430556	0.00925926	0.756944	0.233796	1	0	0
0.226	1100.000	81463.8	-nan(ind)	-nan(ind)	6.96	1100	1100	-nan(ind)	1018.09	810.22	81463.8	2.15445e-11	0	0	0	0.578704	0.421296	0.00462963	0.761574	0.233796	1	0	0
0.227	1100.000	82913.2	-nan(ind)	-nan(ind)	6.96	1100	1100	-nan(ind)	1018.16	810.217	82913.2	2.1544e-11	0	0	0	0.574074	0.425926	0.00154321	0.75463	0.243827	1	0	0
0.228	1100.000	82420.2	-nan(ind)	-nan(ind)	6.97	1100	1100	-nan(ind)	1018.17	810.197	82420.2	2.15467e-11	0	0	0	0.5625	0.4375	0.00308642	0.757716	0.239198	1	0	0
0.229	1100.000	80017.5	-nan(ind)	-nan(ind)	6.97	1100	1100	-nan(ind)	1018.1	810.165	80017.5	2.15523e-11	0	0	0	0.581019	0.418981	0.00462963	0.756173	0.239198	1	0	0
0.23	1100.000	77387.1	-nan(ind)	-nan(ind)	6.98	1100	1100	-nan(ind)	1018.01	810.133	77387.1	2.1558e-11	0	0	0	0.585648	0.414352	0.00771605	0.767747	0.224537	1	0	0
0.231	1100.000	78640.6	-nan(ind)	-nan(ind)	6.99	1100	1100	-nan(ind)	1018.09	810.122	78640.6	2.15586e-11	0	0	0	0.587963	0.412037	0.00771605	0.761574	0.23071	1	0	0
0.232	1100.000	76705.5	-nan(ind)	-nan(ind)	6.99	1100	1100	-nan(ind)	1018	810.121	76705.5	2.15599e-11	0	0	0	0.585648	0.414352	0.00462963	0.772377	0.222994	1	0	0
0.233	1100.000	78362.1	-nan(ind)	-nan(ind)	7	1100	1100	-nan(ind)	1018.04	810.146	78362.1	2.15557e-11	0	0	0	0.592593	0.407407	0.00617284	0.760802	0.233025	1	0	0
0.234	1100.000	77646.8	-nan(ind)	-nan(ind)	7	1100	1100	-nan(ind)	1018.02	810.138	77646.8	2.15572e-11	0	0	0	0.592593	0.407407	0.00308642	0.770833	0.22608	1	0	0
0.235	1100.000	77120	-nan(ind)	-nan(ind)	7.01	1100	1100	-nan(ind)	1018.04	810.098	77120	2.15625e-11	0	0	0	0.594907	0.405093	0.00462963	0.774691	0.220679	1	0	0
0.236	1100.000	76606.7	-nan(ind)	-nan(ind)	7.02	1100	1100	-nan(ind)	1018	810.114	76606.7	2.15609e-11	0	0	0	0.594907	0.405093	0.00154321	0.773148	0.225309	1	0	0
0.237	1100.000	75132.3	-nan(ind)	-nan(ind)	7.02	1100	1100	-nan(ind)	1017.92	810.122	75132.3	2.15608e-11	0	0	0	0.606481	0.393519	0.00462963	0.775463	0.219907	1	0	0
0.238	1100.000	76661.4	-nan(ind)	-nan(ind)	7.03	1100	1100	-nan(ind)	1017.93	810.173	76661.4	2.15535e-11	0	0	0	0.606481	0.393519	0.00462963	0.768519	0.226852	1	0	0
0.239	1100.000	77914.1	-nan(ind)	-nan(ind)	7.03	1100	1100	-nan(ind)	1017.99	810.169	77914.1	2.15532e-11	0	0	0	0.606481	0.393519	0.00308642	0.766204	0.23071	1	0	0
0.24	1100.000	75766.6	-nan(ind)	-nan(ind)	7.04	1100	1100	-nan(ind)	1017.89	810.169	75766.6	2.15546e-11	0	0	0	0.613426	0.386574	0	0.782407	0.217593	1	0	0
0.241	1100.000	71653.3	-nan(ind)	-nan(ind)	7.05	1100	1100	-nan(ind)	1017.81	810.085	71653.3	2.15677e-11	0	0	0	0.634259	0.365741	0.00462963	0.796296	0.199074	1	0	0
0.242	1100.000	74034.8	-nan(ind)	-nan(ind)	7.05	1100	1100	-nan(ind)	1017.87	810.126	74034.8	2.1561e-11	0	0	0	0.62963	0.37037	0.00462963	0.781636	0.213735	1	0	0
0.243	1100.000	70048.5	-nan(ind)	-nan(ind)	7.06	1100	1100	-nan(ind)	1017.73	810.084	70048.5	2.15688e-11	0	0	0	0.631944	0.368056	0.00308642	0.797068	0.199846	1	0	0
0.244	1100.000	69103.4	-nan(ind)	-nan(ind)	7.06	1100	1100	-nan(ind)	1017.73	810.056	69103.4	2.15729e-11	0	0	0	0.634259	0.365741	0.00462963	0.799383	0.195988	1	0	0
0.245	1100.000	70605.7	-nan(ind)	-nan(ind)	7.07	1100	1100	-nan(ind)	1017.77	810.074	70605.7	2.15697e-11	0	0	0	0.62963	0.37037	0.00308642	0.790895	0.206019	1	0	0
0.246	1100.000	71036.5	-nan(ind)	-nan(ind)	7.07	1100	1100	-nan(ind)	1017.75	810.108	71036.5	2.15651e-11	0	0	0	0.638889	0.361111	0.00462963	0.781636	0.213735	1	0	0
0.247	1100.000	70408.1	-nan(ind)	-nan(ind)	7.08	1100	1100	-nan(ind)	1017.75	810.082	70408.1	2.15689e-11	0	0	0	0.636574	0.363426	0.00462963	0.786265	0.209105	1	0	0
0.248	1100.000	70404	-nan(ind)	-nan(ind)	7.09	1100	1100	-nan(ind)	1017.72	810.108	70404	2.15656e-11	0	0	0	0.634259	0.365741	0.00462963	0.790895	0.204475	1	0	0
0.249	1100.000	66035	-nan(ind)	-nan(ind)	7.09	1100	1100	-nan(ind)	1017.58	810.057	66035	2.15747e-11	0	0	0	0.641204	0.358796	0.00462963	0.808642	0.186728	1	0	0
0.25	1100.000	65818.8	-nan(ind)	-nan(ind)	7.1	1100	1100	-nan(ind)	1017.59	810.044	65818.8	2.15766e-11	0	0	0	0.648148	0.351852	0.00462963	0.804012	0.191358	1	0	0
0.251	1100.000	67176.5	-nan(ind)	-nan(ind)	7.1	1100	1100	-nan(ind)	1017.64	810.049	67176.5	2.1575e-11	0	0	0	0.652778	0.347222	0.00462963	0.804784	0.190586	1	0	0
0.252	1100.000	67146.9	-nan(ind)	-nan(ind)	7.11	1100	1100	-nan(ind)	1017.66	810.036	67146.9	2.15767e-11	0	0	0	0.648148	0.351852	0.00308642	0.801698	0.195216	1	0	0
0.253	1100.000	65077.2	-nan(ind)	-nan(ind)	7.11	1100	1100	-nan(ind)	1017.6	810.01	65077.2	2.15813e-11	0	0	0	0.659722	0.340278	0.00462963	0.804784	0.190586	1	0	0
0.254	1100.000	65418.7	-nan(ind)	-nan(ind)	7.12	1100	1100	-nan(ind)	1017.59	810.032	65418.7	2.15783e-11	0	0	0	0.666667	0.333333	0.00154321	0.805556	0.192901	1	0	0
0.255	1100.000	64472.9	-nan(ind)	-nan(ind)	7.12	1100	1100	-nan(ind)	1017.55	810.025	64472.9	2.15798e-11	0	0	0	0.680556	0.319444	0.0108025	0.806327	0.18287	1	0	0
0.256	1100.000	64888.2	-nan(ind)	-nan(ind)	7.13	1100	1100	-nan(ind)	1017.56	810.034	64888.2	2.15784e-11	0	0	0	0.659722	0.340278	0.00617284	0.807099	0.186728	1	0	0
0.257	1100.000	61123.2	-nan(ind)	-nan(ind)	7.13	1100	1100	-nan(ind)	1017.5	809.939	61123.2	2.15927e-11	0	0	0	0.689815	0.310185	0.0108025	0.815586	0.173611	1	0	0
0.258	1100.000	59787.8	-nan(ind)	-nan(ind)	7.14	1100	1100	-nan(ind)	1017.46	809.927	59787.8	2.1595e-11	0	0	0	0.717593	0.282407	0.00617284	0.823302	0.170525	1	0	0
0.259	1100.000	56155	-nan(ind)	-nan(ind)	7.14	1100	1100	-nan(ind)	1017.34	809.881	56155	2.16031e-11	0	0	0	0.724537	0.275463	0.00462963	0.837191	0.158179	1	0	0
0.26	1100.000	55065.1	-nan(ind)	-nan(ind)	7.15	1100	1100	-nan(ind)	1017.32	809.861	55065.1	2.16063e-11	0	0	0	0.724537	0.275463	0.00617284	0.841821	0.152006	1	0	0
0.261	1100.000	59077.3	-nan(ind)	-nan(ind)	7.15	1100	1100	-nan(ind)	1017.43	809.921	59077.3	2.15963e-11	0	0	0	0.712963	0.287037	0.00154321	0.831019	0.167438	1	0	0
0.262	1100.000	58775.1	-nan(ind)	-nan(ind)	7.16	1100	1100	-nan(ind)	1017.39	809.94	58775.1	2.1594e-11	0	0	0	0.710648	0.289352	0.00308642	0.829475	0.167438	1	0	0
0.263	1100.000	56209.1	-nan(ind)	-nan(ind)	7.16	1100	1100	-nan(ind)	1017.35	809.88	56209.1	2.16033e-11	0	0	0	0.717593	0.282407	0.00308642	0.837191	0.159722	1	0	0
0.264	1100.000	60591.7	-nan(ind)	-nan(ind)	7.17	1100	1100	-nan(ind)	1017.45	809.958	60591.7	2.15906e-11	0	0	0	0.710648	0.289352	0.00308642	0.824074	0.17284	1	0	0
0.265	1100.000	60801.4	-nan(ind)	-nan(ind)	7.17	1100	1100	-nan(ind)	1017.45	809.965	60801.4	2.15896e-11	0	0	0	0.701389	0.298611	0.00154321	0.828704	0.169753	1	0	0
0.266	1100.000	58659.8	-nan(ind)	-nan(ind)	7.18	1100	1100	-nan(ind)	1017.42	809.915	58659.8	2.15972e-11	0	0	0	0.701389	0.298611	0.00462963	0.826389	0.168981	1	0	0
0.267	1100.000	59568.5	-nan(ind)	-nan(ind)	7.18	1100	1100	-nan(ind)	1017.46	809.916	59568.5	2.15966e-11	0	0	0	0.680556	0.319444	0.00154321	0.824846	0.173611	1	0	0
0.268	1100.000	60994.9	-nan(ind)	-nan(ind)	7.19	1100	1100	-nan(ind)	1017.52	809.922	60994.9	2.15949e-11	0	0	0	0.689815	0.310185	0.00308642	0.818673	0.178241	1	0	0
0.269	1100.000	59268.7	-nan(ind)	-nan(ind)	7.19	1100	1100	-nan(ind)	1017.44	809.923	59268.7	2.15959e-11	0	0	0	0.708333	0.291667	0.00462963	0.827932	0.167438	1	0	0
0.27	1100.000	57359.2	-nan(ind)	-nan(ind)	7.2	1100	1100	-nan(ind)	1017.41	809.878	57359.2	2.16027e-11	0	0	0	0.703704	0.296296	0.00617284	0.830247	0.16358	1	0	0
0.271	1100.000	56105.2	-nan(ind)	-nan(ind)	7.2	1100	1100	-nan(ind)	1017.36	809.865	56105.2	2.16051e-11	0	0	0	0.703704	0.296296	0.0123457	0.828704	0.158951	1	0	0
0.272	1100.000	58205	-nan(ind)	-nan(ind)	7.21	1100	1100	-nan(ind)	1017.47	809.861	58205	2.16042e-11	0	0	0	0.715278	0.284722	0.00925926	0.818673	0.172068	1	0	0
0.273	1100.000	57636.5	-nan(ind)	-nan(ind)	7.21	1100	1100	-nan(ind)	1017.43	809.867	57636.5	2.16038e-11	0	0	0	0.708333	0.291667	0.00925926	0.815586	0.175154	1	0	0
0.274	1100.000	55411.9	-nan(ind)	-nan(ind)	7.22	1100	1100	-nan(ind)	1017.36	809.839	55411.9	2.16089e-11	0	0	0	0.729167	0.270833	0.00462963	0.832562	0.162809	1	0	0
0.275	1100.000	58900.6	-nan(ind)	-nan(ind)	7.22	1100	1100	-nan(ind)	1017.43	809.914	58900.6	2.15972e-11	0	0	0	0.726852	0.273148	0.00925926	0.819444	0.171296	1	0	0
0.276	1100.000	55323.3	-nan(ind)	-nan(ind)	7.22	1100	1100	-nan(ind)	1017.3	809.886	55323.3	2.1603e-11	0	0	0	0.726852	0.273148	0.00462963	0.846451	0.14892	1	0	0
0.277	1100.000	54484.5	-nan(ind)	-nan(ind)	7.23	1100	1100	-nan(ind)	1017.28	809.868	54484.5	2.16058e-11	0	0	0	0.738426	0.261574	0.00462963	0.840278	0.155093	1	0	0
0.278	1100.000	52470.6	-nan(ind)	-nan(ind)	7.23	1100	1100	-nan(ind)	1017.23	809.834	52470.6	2.16113e-11	0	0	0	0.747685	0.252315	0.00308642	0.851852	0.145062	1	0	0
0.279	1100.000	52351	-nan(ind)	-nan(ind)	7.24	1100	1100	-nan(ind)	1017.22	809.84	52351	2.16107e-11	0	0	0	0.740741	0.259259	0.00771605	0.839506	0.152778	1	0	0
0.28	1100.000	51039.4	-nan(ind)	-nan(ind)	7.24	1100	1100	-nan(ind)	1017.19	809.813	51039.4	2.16149e-11	0	0	0	0.752315	0.247685	0.0108025	0.843364	0.145833	1	0	0
0.281	1100.000	49922.5	-nan(ind)	-nan(ind)	7.24	1100	1100	-nan(ind)	1017.17	809.789	49922.5	2.16186e-11	0	0	0	0.761574	0.238426	0.00617284	0.851852	0.141975	1	0	0
0.282	1100.000	51374.3	-nan(ind)	-nan(ind)	7.25	1100	1100	-nan(ind)	1017.2	809.818	51374.3	2.16141e-11	0	0	0	0.761574	0.238426	0.00617284	0.847994	0.145833	1	0	0
0.283	1100.000	50945.5	-nan(ind)	-nan(ind)	7.25	1100	1100	-nan(ind)	1017.19	809.811	50945.5	2.16152e-11	0	0	0	0.775463	0.224537	0.00617284	0.854938	0.138889	1	0	0
0.284	1100.000	47611.8	-nan(ind)	-nan(ind)	7.26	1100	1100	-nan(ind)	1017.1	809.761	47611.8	2.16236e-11	0	0	0	0.775463	0.224537	0.00771605	0.865741	0.126543	1	0	0
0.285	1100.000	44154.8	-nan(ind)	-nan(ind)	7.26	1100	1100	-nan(ind)	1017.04	809.683	44154.8	2.16355e-11	0	0	0	0.787037	0.212963	0.0108025	0.871142	0.118056	1	0	0
0.286	1100.000	43263.9	-nan(ind)	-nan(ind)	7.26	1100	1100	-nan(ind)	1017.05	809.642	43263.9	2.16413e-11	0	0	0	0.796296	0.203704	0.00462963	0.875772	0.119599	1	0	0
0.287	1100.000	42295.5	-nan(ind)	-nan(ind)	7.27	1100	1100	-nan(ind)	1017	809.647	42295.5	2.16412e-11	0	0	0	0.796296	0.203704	0.00617284	0.878086	0.115741	1	0	0
0.288	1100.000	39918.9	-nan(ind)	-nan(ind)	7.27	1100	1100	-nan(ind)	1016.93	809.611	39918.9	2.16473e-11	0	0	0	0.805556	0.194444	0.00925926	0.881944	0.108796	1	0	0
0.289	1100.000	39382.4	-nan(ind)	-nan(ind)	7.28	1100	1100	-nan(ind)	1016.92	809.597	39382.4	2.16493e-11	0	0	0	0.80787	0.19213	0.00154321	0.890432	0.108025	1	0	0
0.29	1100.000	38897.8	-nan(ind)	-nan(ind)	7.28	1100	1100	-nan(ind)	1016.9	809.601	38897.8	2.16492e-11	0	0	0	0.814815	0.185185	0.00308642	0.888117	0.108796	1	0	0
0.291	1100.000	40035.5	-nan(ind)	-nan(ind)	7.28	1100	1100	-nan(ind)	1016.93	809.614	40035.5	2.16468e-11	0	0	0	0.819444	0.180556	0.00462963	0.888889	0.106481	1	0	0
0.292	1100.000	38189.1	-nan(ind)	-nan(ind)	7.29	1100	1100	-nan(ind)	1016.86	809.602	38189.1	2.16495e-11	0	0	0	0.833333	0.166667	0.0123457	0.887346	0.100309	1	0	0
0.293	1100.000	35901.1	-nan(ind)	-nan(ind)	7.29	1100	1100	-nan(ind)	1016.82	809.549	35901.1	2.16576e-11	0	0	0	0.844907	0.155093	0.00462963	0.902778	0.0925926	1	0	0
0.294	1100.000	36320.7	-nan(ind)	-nan(ind)	7.29	1100	1100	-nan(ind)	1016.85	809.544	36320.7	2.16579e-11	0	0	0	0.831019	0.168981	0.00925926	0.895062	0.095679	1	0	0
0.295	1100.000	35169.3	-nan(ind)	-nan(ind)	7.3	1100	1100	-nan(ind)	1016.81	809.529	35169.3	2.16605e-11	0	0	0	0.835648	0.164352	0.0123457	0.895062	0.0925926	1	0	0
0.296	1100.000	34725.6	-nan(ind)	-nan(ind)	7.3	1100	1100	-nan(ind)	1016.8	809.519	34725.6	2.16621e-11	0	0	0	0.837963	0.162037	0.00617284	0.896605	0.0972222	1	0	0
0.297	1100.000	32968.8	-nan(ind)	-nan(ind)	7.31	1100	1100	-nan(ind)	1016.77	809.482	32968.8	2.16678e-11	0	0	0	0.840278	0.159722	0.00462963	0.906636	0.0887346	1	0	0
0.298	1100.000	33023.8	-nan(ind)	-nan(ind)	7.31	1100	1100	-nan(ind)	1016.78	809.473	33023.8	2.16689e-11	0	0	0	0.847222	0.152778	0.00154321	0.912809	0.0856481	1	0	0
0.299	1100.000	35951.8	-nan(ind)	-nan(ind)	7.31	1100	1100	-nan(ind)	1016.87	809.511	35951.8	2.16622e-11	0	0	0	0.835648	0.164352	0.00462963	0.895062	0.100309	1	0	0
0.3	1100.000	33485.2	-nan(ind)	-nan(ind)	7.32	1100	1100	-nan(ind)	1016.79	809.487	33485.2	2.16668e-11	0	0	0	0.847222	0.152778	0.00771605	0.901235	0.0910494	1	0	0
0.301	1100.000	32352.3	-nan(ind)	-nan(ind)	7.32	1100	1100	-nan(ind)	1016.74	809.485	32352.3	2.16679e-11	0	0	0	0.844907	0.155093	0.00462963	0.908951	0.0864198	1	0	0
0.302	1100.000	33867.5	-nan(ind)	-nan(ind)	7.32	1100	1100	-nan(ind)	1016.79	809.498	33867.5	2.16652e-11	0	0	0	0.851852	0.148148	0.0108025	0.895833	0.0933642	1	0	0
0.303	1100.000	32036.4	-nan(ind)	-nan(ind)	7.32	1100	1100	-nan(ind)	1016.75	809.462	32036.4	2.16709e-11	0	0	0	0.856481	0.143519	0.00771605	0.905093	0.0871914	1	0	0
0.304	1100.000	31215.6	-nan(ind)	-nan(ind)	7.33	1100	1100	-nan(ind)	1016.72	809.456	31215.6	2.16722e-11	0	0	0	0.865741	0.134259	0.00771605	0.906636	0.0856481	1	0	0
0.305	1100.000	29883.8	-nan(ind)	-nan(ind)	7.33	1100	1100	-nan(ind)	1016.68	809.438	29883.8	2.16753e-11	0	0	0	0.865741	0.134259	0.00308642	0.920525	0.0763889	1	0	0
0.306	1100.000	29736	-nan(ind)	-nan(ind)	7.33	1100	1100	-nan(ind)	1016.68	809.434	29736	2.16759e-11	0	0	0	0.868056	0.131944	0.00462963	0.91821	0.0771605	1	0	0
0.307	1100.000	29001.8	-nan(ind)	-nan(ind)	7.34	1100	1100	-nan(ind)	1016.66	809.419	29001.8	2.16782e-11	0	0	0	0.877315	0.122685	0.00925926	0.916667	0.0740741	1	0	0
0.308	1100.000	28470.6	-nan(ind)	-nan(ind)	7.34	1100	1100	-nan(ind)	1016.65	809.409	28470.6	2.16798e-11	0	0	0	0.877315	0.122685	0.0108025	0.916667	0.0725309	1	0	0
0.309	1100.000	25970	-nan(ind)	-nan(ind)	7.34	1100	1100	-nan(ind)	1016.59	809.365	25970	2.16869e-11	0	0	0	0.888889	0.111111	0.0108025	0.925926	0.0632716	1	0	0
0.31	1100.000	26712.8	-nan(ind)	-nan(ind)	7.35	1100	1100	-nan(ind)	1016.59	809.391	26712.8	2.16833e-11	0	0	0	0.884259	0.115741	0.0154321	0.918981	0.0655864	1	0	0
0.311	1100.000	25451.9	-nan(ind)	-nan(ind)	7.35	1100	1100	-nan(ind)	1016.56	809.367	25451.9	2.1687e-11	0	0	0	0.888889	0.111111	0.0138889	0.924383	0.0617284	1	0	0
0.312	1100.000	26620.6	-nan(ind)	-nan(ind)	7.35	1100	1100	-nan(ind)	1016.57	809.408	26620.6	2.16812e-11	0	0	0	0.891204	0.108796	0.0154321	0.918981	0.0655864	1	0	0
0.313	1100.000	26500.3	-nan(ind)	-nan(ind)	7.35	1100	1100	-nan(ind)	1016.55	809.419	26500.3	2.16799e-11	0	0	0	0.891204	0.108796	0.0108025	0.919753	0.0694444	1	0	0
0.314	1100.000	25665.4	-nan(ind)	-nan(ind)	7.36	1100	1100	-nan(ind)	1016.53	809.405	25665.4	2.16821e-11	0	0	0	0.895833	0.104167	0.00617284	0.929784	0.0640432	1	0	0
0.315	1100.000	24880.3	-nan(ind)	-nan(ind)	7.36	1100	1100	-nan(ind)	1016.5	809.398	24880.3	2.16835e-11	0	0	0	0.895833	0.104167	0.0123457	0.925154	0.0625	1	0	0
0.316	1100.000	25021.8	-nan(ind)	-nan(ind)	7.36	1100	1100	-nan(ind)	1016.52	809.389	25021.8	2.16845e-11	0	0	0	0.907407	0.0925926	0.00771605	0.928241	0.0640432	1	0	0
0.317	1100.000	25534.1	-nan(ind)	-nan(ind)	7.37	1100	1100	-nan(ind)	1016.53	809.398	25534.1	2.1683e-11	0	0	0	0.893519	0.106481	0.00617284	0.927469	0.066358	1	0	0
0.318	1100.000	25029.7	-nan(ind)	-nan(ind)	7.37	1100	1100	-nan(ind)	1016.5	809.399	25029.7	2.16833e-11	0	0	0	0.900463	0.099537	0.00617284	0.931327	0.0625	1	0	0
0.319	1100.000	23082.7	-nan(ind)	-nan(ind)	7.37	1100	1100	-nan(ind)	1016.47	809.353	23082.7	2.16903e-11	0	0	0	0.902778	0.0972222	0.0123457	0.93287	0.054784	1	0	0
0.32	1100.000	23305.9	-nan(ind)	-nan(ind)	7.37	1100	1100	-nan(ind)	1016.47	809.359	23305.9	2.16893e-11	0	0	0	0.905093	0.0949074	0.0123457	0.929012	0.058642	1	0	0
0.321	1100.000	21610.1	-nan(ind)	-nan(ind)	7.38	1100	1100	-nan(ind)	1016.42	809.335	21610.1	2.16935e-11	0	0	0	0.912037	0.087963	0.0154321	0.932099	0.0524691	1	0	0
0.322	1100.000	17330.7	-nan(ind)	-nan(ind)	7.38	1100	1100	-nan(ind)	1016.32	809.263	17330.7	2.17052e-11	0	0	0	0.912037	0.087963	0.0185185	0.940586	0.0408951	1	0	0
0.323	1100.000	17675.4	-nan(ind)	-nan(ind)	7.38	1100	1100	-nan(ind)	1016.31	809.281	17675.4	2.17028e-11	0	0	0	0.921296	0.0787037	0.0246914	0.931327	0.0439815	1	0	0
0.324	1100.000	20337.1	-nan(ind)	-nan(ind)	7.38	1100	1100	-nan(ind)	1016.41	809.303	20337.1	2.16983e-11	0	0	0	0.912037	0.087963	0.0216049	0.927469	0.0509259	1	0	0
0.325	1100.000	21519.1	-nan(ind)	-nan(ind)	7.39	1100	1100	-nan(ind)	1016.43	809.324	21519.1	2.16949e-11	0	0	0	0.912037	0.087963	0.0185185	0.929012	0.0524691	1	0	0
0.326	1100.000	20318.2	-nan(ind)	-nan(ind)	7.39	1100	1100	-nan(ind)	1016.4	809.305	20318.2	2.1698e-11	0	0	0	0.918981	0.0810185	0.00617284	0.945216	0.0486111	1	0	0
0.327	1100.000	18745.1	-nan(ind)	-nan(ind)	7.39	1100	1100	-nan(ind)	1016.35	809.29	18745.1	2.1701e-11	0	0	0	0.923611	0.0763889	0.0154321	0.94213	0.0424383	1	0	0
0.328	1100.000	18843.4	-nan(ind)	-nan(ind)	7.39	1100	1100	-nan(ind)	1016.35	809.289	18843.4	2.1701e-11	0	0	0	0.925926	0.0740741	0.00925926	0.945988	0.0447531	1	0	0
0.329	1100.000	18780.6	-nan(ind)	-nan(ind)	7.39	1100	1100	-nan(ind)	1016.33	809.302	18780.6	2.16994e-11	0	0	0	0.925926	0.0740741	0.0169753	0.9375	0.0455247	1	0	0
0.33	1100.000	19205.2	-nan(ind)	-nan(ind)	7.4	1100	1100	-nan(ind)	1016.35	809.303	19205.2	2.1699e-11	0	0	0	0.928241	0.0717593	0.0154321	0.9375	0.0470679	1	0	0
0.331	1100.000	18485.4	-nan(ind)	-nan(ind)	7.4	1100	1100	-nan(ind)	1016.33	809.292	18485.4	2.17008e-11	0	0	0	0.925926	0.0740741	0.00925926	0.945216	0.0455247	1	0	0
0.332	1100.000	19108.2	-nan(ind)	-nan(ind)	7.4	1100	1100	-nan(ind)	1016.36	809.294	19108.2	2.17001e-11	0	0	0	0.928241	0.0717593	0.0108025	0.944444	0.0447531	1	0	0
0.333	1100.000	18387.6	-nan(ind)	-nan(ind)	7.4	1100	1100	-nan(ind)	1016.34	809.284	18387.6	2.17019e-11	0	0	0	0.928241	0.0717593	0.0200617	0.936728	0.0432099	1	0	0
0.334	1100.000	18963.8	-nan(ind)	-nan(ind)	7.41	1100	1100	-nan(ind)	1016.37	809.278	18963.8	2.17023e-11	0	0	0	0.928241	0.0717593	0.0169753	0.939043	0.0439815	1	0	0
0.335	1100.000	17370.7	-nan(ind)	-nan(ind)	7.41	1100	1100	-nan(ind)	1016.32	809.26	17370.7	2.17055e-11	0	0	0	0.928241	0.0717593	0.00925926	0.949846	0.0408951	1	0	0
0.336	1100.000	16111.1	-nan(ind)	-nan(ind)	7.41	1100	1100	-nan(ind)	1016.28	809.248	16111.1	2.17078e-11	0	0	0	0.94213	0.0578704	0.00462963	0.959877	0.0354938	1	0	0
0.337	1100.000	16119.9	-nan(ind)	-nan(ind)	7.41	1100	1100	-nan(ind)	1016.28	809.247	16119.9	2.1708e-11	0	0	0	0.94213	0.0578704	0.00617284	0.955247	0.0385802	1	0	0
0.338	1100.000	16542.1	-nan(ind)	-nan(ind)	7.41	1100	1100	-nan(ind)	1016.29	809.257	16542.1	2.17064e-11	0	0	0	0.9375	0.0625	0.0138889	0.949074	0.037037	1	0	0
0.339	1100.000	18022.4	-nan(ind)	-nan(ind)	7.42	1100	1100	-nan(ind)	1016.34	809.272	18022.4	2.17037e-11	0	0	0	0.935185	0.0648148	0.0138889	0.945988	0.0401235	1	0	0
0.34	1100.000	16982.1	-nan(ind)	-nan(ind)	7.42	1100	1100	-nan(ind)	1016.3	809.264	16982.1	2.17054e-11	0	0	0	0.93287	0.0671296	0.0185185	0.94213	0.0393519	1	0	0
0.341	1100.000	17768.1	-nan(ind)	-nan(ind)	7.42	1100	1100	-nan(ind)	1016.32	809.275	17768.1	2.17034e-11	0	0	0	0.925926	0.0740741	0.0138889	0.942901	0.0432099	1	0	0
0.342	1100.000	16723.2	-nan(ind)	-nan(ind)	7.42	1100	1100	-nan(ind)	1016.29	809.258	16723.2	2.17062e-11	0	0	0	0.930556	0.0694444	0.0154321	0.945988	0.0385802	1	0	0
0.343	1100.000	16480.8	-nan(ind)	-nan(ind)	7.42	1100	1100	-nan(ind)	1016.29	809.254	16480.8	2.17068e-11	0	0	0	0.930556	0.0694444	0.00925926	0.952932	0.0378086	1	0	0
0.344	1100.000	18092.9	-nan(ind)	-nan(ind)	7.42	1100	1100	-nan(ind)	1016.33	809.278	18092.9	2.17029e-11	0	0	0	0.930556	0.0694444	0.00925926	0.949074	0.0416667	1	0	0
0.345	1100.000	16023.3	-nan(ind)	-nan(ind)	7.43	1100	1100	-nan(ind)	1016.26	809.256	16023.3	2.17069e-11	0	0	0	0.935185	0.0648148	0.00771605	0.956019	0.0362654	1	0	0
0.346	1100.000	15144.4	-nan(ind)	-nan(ind)	7.43	1100	1100	-nan(ind)	1016.23	809.251	15144.4	2.17082e-11	0	0	0	0.939815	0.0601852	0.0154321	0.951389	0.033179	1	0	0
0.347	1100.000	15722.1	-nan(ind)	-nan(ind)	7.43	1100	1100	-nan(ind)	1016.25	809.254	15722.1	2.17074e-11	0	0	0	0.9375	0.0625	0.0185185	0.946759	0.0347222	1	0	0
0.348	1100.000	17165.5	-nan(ind)	-nan(ind)	7.43	1100	1100	-nan(ind)	1016.29	809.278	17165.5	2.17035e-11	0	0	0	0.930556	0.0694444	0.0138889	0.945988	0.0401235	1	0	0
0.349	1100.000	16824.2	-nan(ind)	-nan(ind)	7.43	1100	1100	-nan(ind)	1016.28	809.276	16824.2	2.17039e-11	0	0	0	0.928241	0.0717593	0.0154321	0.945216	0.0393519	1	0	0
0.35	1100.000	16094.6	-nan(ind)	-nan(ind)	7.43	1100	1100	-nan(ind)	1016.26	809.26	16094.6	2.17063e-11	0	0	0	0.93287	0.0671296	0.0154321	0.948302	0.0362654	1	0	0
0.351	1100.000	17857.3	-nan(ind)	-nan(ind)	7.44	1100	1100	-nan(ind)	1016.31	809.287	17857.3	2.17019e-11	0	0	0	0.930556	0.0694444	0.0138889	0.944444	0.0416667	1	0	0
0.352	1100.000	16843.5	-nan(ind)	-nan(ind)	7.44	1100	1100	-nan(ind)	1016.29	809.266	16843.5	2.17051e-11	0	0	0	0.928241	0.0717593	0.0169753	0.945988	0.037037	1	0	0
0.353	1100.000	18959.3	-nan(ind)	-nan(ind)	7.44	1100	1100	-nan(ind)	1016.35	809.297	18959.3	2.16999e-11	0	0	0	0.930556	0.0694444	0.0216049	0.93287	0.0455247	1	0	0
0.354	1100.000	17187.1	-nan(ind)	-nan(ind)	7.44	1100	1100	-nan(ind)	1016.3	809.274	17187.1	2.17039e-11	0	0	0	0.930556	0.0694444	0.00925926	0.952932	0.0378086	1	0	0
0.355	1100.000	17973.1	-nan(ind)	-nan(ind)	7.44	1100	1100	-nan(ind)	1016.3	809.299	17973.1	2.17004e-11	0	0	0	0.930556	0.0694444	0.0185185	0.940586	0.0408951	1	0	0
0.356	1100.000	17738.4	-nan(ind)	-nan(ind)	7.44	1100	1100	-nan(ind)	1016.3	809.29	17738.4	2.17015e-11	0	0	0	0.930556	0.0694444	0.0138889	0.945988	0.0401235	1	0	0
0.357	1100.000	18916.5	-nan(ind)	-nan(ind)	7.45	1100	1100	-nan(ind)	1016.34	809.302	18916.5	2.16993e-11	0	0	0	0.928241	0.0717593	0.0185185	0.936728	0.0447531	1	0	0
0.358	1100.000	18957.9	-nan(ind)	-nan(ind)	7.45	1100	1100	-nan(ind)	1016.34	809.302	18957.9	2.16993e-11	0	0	0	0.925926	0.0740741	0.0216049	0.933642	0.0447531	1	0	0
0.359	1100.000	18921.1	-nan(ind)	-nan(ind)	7.45	1100	1100	-nan(ind)	1016.33	809.312	18921.1	2.1698e-11	0	0	0	0.921296	0.0787037	0.0108025	0.944444	0.0447531	1	0	0
0.36	1100.000	17770.9	-nan(ind)	-nan(ind)	7.45	1100	1100	-nan(ind)	1016.29	809.298	17770.9	2.17006e-11	0	0	0	0.923611	0.0763889	0.00617284	0.953704	0.0401235	1	0	0
0.361	1100.000	19699.5	-nan(ind)	-nan(ind)	7.45	1100	1100	-nan(ind)	1016.35	809.322	19699.5	2.16963e-11	0	0	0	0.923611	0.0763889	0.0200617	0.929784	0.0501543	1	0	0
0.362	1100.000	20403.3	-nan(ind)	-nan(ind)	7.45	1100	1100	-nan(ind)	1016.38	809.329	20403.3	2.1695e-11	0	0	0	0.916667	0.0833333	0.0108025	0.938272	0.0509259	1	0	0
0.363	1100.000	21070.7	-nan(ind)	-nan(ind)	7.45	1100	1100	-nan(ind)	1016.38	809.348	21070.7	2.16922e-11	0	0	0	0.909722	0.0902778	0.0108025	0.935957	0.0532407	1	0	0
0.364	1100.000	21414.6	-nan(ind)	-nan(ind)	7.45	1100	1100	-nan(ind)	1016.41	809.341	21414.6	2.16929e-11	0	0	0	0.907407	0.0925926	0.00925926	0.936728	0.0540123	1	0	0
0.365	1100.000	20352.3	-nan(ind)	-nan(ind)	7.46	1100	1100	-nan(ind)	1016.37	809.329	20352.3	2.1695e-11	0	0	0	0.914352	0.0856481	0.0138889	0.935185	0.0509259	1	0	0
0.366	1100.000	21844.5	-nan(ind)	-nan(ind)	7.46	1100	1100	-nan(ind)	1016.43	809.339	21844.5	2.16928e-11	0	0	0	0.912037	0.087963	0.00771605	0.938272	0.0540123	1	0	0
0.367	1100.000	22196	-nan(ind)	-nan(ind)	7.46	1100	1100	-nan(ind)	1016.43	809.356	22196	2.16904e-11	0	0	0	0.914352	0.0856481	0.0138889	0.931327	0.054784	1	0	0
0.368	1100.000	22467.1	-nan(ind)	-nan(ind)	7.46	1100	1100	-nan(ind)	1016.45	809.346	22467.1	2.16915e-11	0	0	0	0.912037	0.087963	0.0169753	0.925926	0.0570988	1	0	0
0.369	1100.000	19539.4	-nan(ind)	-nan(ind)	7.46	1100	1100	-nan(ind)	1016.36	809.31	19539.4	2.16979e-11	0	0	0	0.921296	0.0787037	0.00771605	0.945988	0.0462963	1	0	0
0.37	1100.000	20397.3	-nan(ind)	-nan(ind)	7.46	1100	1100	-nan(ind)	1016.38	809.326	20397.3	2.16954e-11	0	0	0	0.916667	0.0833333	0.0138889	0.939043	0.0470679	1	0	0
0.371	1100.000	19209.6	-nan(ind)	-nan(ind)	7.46	1100	1100	-nan(ind)	1016.33	809.322	19209.6	2.16966e-11	0	0	0	0.925926	0.0740741	0.0138889	0.941358	0.0447531	1	0	0
0.372	1100.000	20519.5	-nan(ind)	-nan(ind)	7.46	1100	1100	-nan(ind)	1016.37	809.34	20519.5	2.16936e-11	0	0	0	0.921296	0.0787037	0.00925926	0.941358	0.0493827	1	0	0
0.373	1100.000	19206.5	-nan(ind)	-nan(ind)	7.47	1100	1100	-nan(ind)	1016.33	809.318	19206.5	2.16971e-11	0	0	0	0.921296	0.0787037	0.0108025	0.94213	0.0470679	1	0	0
0.374	1100.000	18833.5	-nan(ind)	-nan(ind)	7.47	1100	1100	-nan(ind)	1016.33	809.309	18833.5	2.16985e-11	0	0	0	0.928241	0.0717593	0.0108025	0.945216	0.0439815	1	0	0
0.375	1100.000	17942.6	-nan(ind)	-nan(ind)	7.47	1100	1100	-nan(ind)	1016.31	809.291	17942.6	2.17014e-11	0	0	0	0.93287	0.0671296	0.0138889	0.945988	0.0401235	1	0	0
0.376	1100.000	17973.5	-nan(ind)	-nan(ind)	7.47	1100	1100	-nan(ind)	1016.32	809.287	17973.5	2.17018e-11	0	0	0	0.93287	0.0671296	0.0200617	0.940586	0.0393519	1	0	0
0.377	1100.000	17808.4	-nan(ind)	-nan(ind)	7.47	1100	1100	-nan(ind)	1016.32	809.277	17808.4	2.17031e-11	0	0	0	0.928241	0.0717593	0.0169753	0.943673	0.0393519	1	0	0
0.378	1100.000	17253.2	-nan(ind)	-nan(ind)	7.47	1100	1100	-nan(ind)	1016.29	809.277	17253.2	2.17035e-11	0	0	0	0.930556	0.0694444	0.0123457	0.948302	0.0393519	1	0	0
0.379	1100.000	17982.2	-nan(ind)	-nan(ind)	7.47	1100	1100	-nan(ind)	1016.32	809.284	17982.2	2.17022e-11	0	0	0	0.93287	0.0671296	0.00925926	0.949074	0.0416667	1	0	0
0.38	1100.000	17504.5	-nan(ind)	-nan(ind)	7.47	1100	1100	-nan(ind)	1016.31	809.277	17504.5	2.17033e-11	0	0	0	0.928241	0.0717593	0.0154321	0.945216	0.0393519	1	0	0
0.381	1100.000	18226.5	-nan(ind)	-nan(ind)	7.47	1100	1100	-nan(ind)	1016.33	809.284	18226.5	2.17021e-11	0	0	0	0.925926	0.0740741	0.0200617	0.936728	0.0432099	1	0	0
0.382	1100.000	18027.5	-nan(ind)	-nan(ind)	7.47	1100	1100	-nan(ind)	1016.32	809.284	18027.5	2.17022e-11	0	0	0	0.928241	0.0717593	0.0216049	0.938272	0.0401235	1	0	0
0.383	1100.000	17492.4	-nan(ind)	-nan(ind)	7.47	1100	1100	-nan(ind)	1016.3	809.278	17492.4	2.17033e-11	0	0	0	0.935185	0.0648148	0.0216049	0.939815	0.0385802	1	0	0
0.384	1100.000	17266.4	-nan(ind)	-nan(ind)	7.48	1100	1100	-nan(ind)	1016.3	809.271	17266.4	2.17043e-11	0	0	0	0.93287	0.0671296	0.0200617	0.94213	0.0378086	1	0	0
0.385	1100.000	18090	-nan(ind)	-nan(ind)	7.48	1100	1100	-nan(ind)	1016.32	809.286	18090	2.17018e-11	0	0	0	0.930556	0.0694444	0.0154321	0.945216	0.0393519	1	0	0
0.386	1100.000	17252.7	-nan(ind)	-nan(ind)	7.48	1100	1100	-nan(ind)	1016.3	809.274	17252.7	2.17039e-11	0	0	0	0.935185	0.0648148	0.0123457	0.951389	0.0362654	1	0	0
0.387	1100.000	17963.6	-nan(ind)	-nan(ind)	7.48	1100	1100	-nan(ind)	1016.32	809.283	17963.6	2.17023e-11	0	0	0	0.935185	0.0648148	0.0154321	0.943673	0.0408951	1	0	0
0.388	1100.000	17362.2	-nan(ind)	-nan(ind)	7.48	1100	1100	-nan(ind)	1016.3	809.277	17362.2	2.17035e-11	0	0	0	0.93287	0.0671296	0.0169753	0.945216	0.0378086	1	0	0
0.389	1100.000	16798.5	-nan(ind)	-nan(ind)	7.48	1100	1100	-nan(ind)	1016.29	809.267	16798.5	2.17051e-11	0	0	0	0.93287	0.0671296	0.0138889	0.950617	0.0354938	1	0	0
0.39	1100.000	15814.6	-nan(ind)	-nan(ind)	7.48	1100	1100	-nan(ind)	1016.25	809.258	15814.6	2.17069e-11	0	0	0	0.939815	0.0601852	0.0262346	0.940586	0.033179	1	0	0
0.391	1100.000	15862.2	-nan(ind)	-nan(ind)	7.48	1100	1100	-nan(ind)	1016.26	809.255	15862.2	2.17072e-11	0	0	0	0.944444	0.0555556	0.0231481	0.94213	0.0347222	1	0	0
0.392	1100.000	15587.8	-nan(ind)	-nan(ind)	7.48	1100	1100	-nan(ind)	1016.26	809.246	15587.8	2.17085e-11	0	0	0	0.951389	0.0486111	0.0169753	0.949074	0.0339506	1	0	0
0.393	1100.000	15207.5	-nan(ind)	-nan(ind)	7.48	1100	1100	-nan(ind)	1016.24	809.245	15207.5	2.17088e-11	0	0	0	0.951389	0.0486111	0.0216049	0.947531	0.0308642	1	0	0
0.394	1100.000	14843.6	-nan(ind)	-nan(ind)	7.48	1100	1100	-nan(ind)	1016.23	809.241	14843.6	2.17095e-11	0	0	0	0.944444	0.0555556	0.00771605	0.959105	0.033179	1	0	0
0.395	1100.000	14963.8	-nan(ind)	-nan(ind)	7.48	1100	1100	-nan(ind)	1016.23	809.244	14963.8	2.17091e-11	0	0	0	0.944444	0.0555556	0.00925926	0.95679	0.0339506	1	0	0
0.396	1100.000	15189.8	-nan(ind)	-nan(ind)	7.49	1100	1100	-nan(ind)	1016.24	809.242	15189.8	2.17092e-11	0	0	0	0.944444	0.0555556	0.0138889	0.954475	0.0316358	1	0	0
0.397	1100.000	13401.6	-nan(ind)	-nan(ind)	7.49	1100	1100	-nan(ind)	1016.18	809.228	13401.6	2.17121e-11	0	0	0	0.953704	0.0462963	0.0108025	0.962191	0.0270062	1	0	0
0.398	1100.000	14518	-nan(ind)	-nan(ind)	7.49	1100	1100	-nan(ind)	1016.21	809.24	14518	2.17099e-11	0	0	0	0.953704	0.0462963	0.0138889	0.954475	0.0316358	1	0	0
0.399	1100.000	14384.3	-nan(ind)	-nan(ind)	7.49	1100	1100	-nan(ind)	1016.21	809.238	14384.3	2.17103e-11	0	0	0	0.953704	0.0462963	0.00925926	0.960648	0.0300926	1	0	0
0.4	1100.000	15853.5	-nan(ind)	-nan(ind)	7.49	1100	1100	-nan(ind)	1016.25	809.265	15853.5	2.1706e-11	0	0	0	0.946759	0.0532407	0.0169753	0.948302	0.0347222	1	0	0
