time	pCa	hs_length	force	passive_force	a_fil_length	m_fil_length	a_pop_0	a_pop_1	m_pop_0	m_pop_1	m_pop_2	c_pop_0	c_pop_1
0.001	5.800	1150	686.977	686.977	1015.88	809.001	0.951075	0.0489255	0.991389	0.00861149	0	1	0
0.002	5.800	1150	686.977	686.977	1015.88	809.001	0.890832	0.109168	0.982434	0.0175659	0	1	0
0.003	5.800	1150	701.045	686.977	1015.88	809.001	0.825789	0.174211	0.971879	0.0280826	3.81039e-05	1	0
0.004	5.800	1150	711.835	686.977	1015.88	809.001	0.766575	0.233425	0.962087	0.0378372	7.62079e-05	1	0
0.005	5.800	1150	711.835	686.977	1015.88	809.001	0.70759	0.29241	0.951989	0.0479348	7.62079e-05	1	0
0.006	5.800	1150	767.332	686.975	1015.88	809.001	0.658779	0.341221	0.942539	0.057194	0.000266728	1	0
0.007	5.800	1150	787.376	686.975	1015.88	809.001	0.605738	0.394262	0.933204	0.0664914	0.000304832	1	0
0.008	5.800	1150	838.637	686.973	1015.88	809.001	0.555784	0.444216	0.924707	0.074798	0.000495351	1	0
0.009	5.800	1150	884.5	686.972	1015.88	809.001	0.508802	0.491198	0.916629	0.0827237	0.000647767	1	0
0.01	5.800	1150	976.01	686.97	1015.88	809.002	0.477938	0.522062	0.908246	0.0908017	0.000952599	1	0
0.011	5.800	1150	1042.27	686.968	1015.88	809.002	0.451075	0.548925	0.900282	0.0985368	0.00118122	1	0
0.012	5.800	1150	1181.15	686.964	1015.88	809.002	0.42444	0.57556	0.892166	0.106158	0.00167657	1	0
0.013	5.800	1150	1396.47	686.958	1015.88	809.002	0.399063	0.600937	0.88405	0.113474	0.00247676	1	0
0.014	5.800	1150	1547.8	686.954	1015.88	809.002	0.379858	0.620142	0.876086	0.120942	0.00297211	1	0
0.015	5.800	1150	1685.17	686.951	1015.88	809.002	0.355053	0.644947	0.868656	0.127839	0.00350556	1	0
0.016	5.800	1150	1875.41	686.946	1015.88	809.003	0.342707	0.657293	0.860654	0.135193	0.00415333	1	0
0.017	5.800	1150	1926.82	686.945	1015.88	809.003	0.335277	0.664723	0.852766	0.142814	0.00442006	1	0
0.018	5.800	1150	2072.89	686.941	1015.88	809.003	0.323731	0.676269	0.844879	0.15013	0.00499162	1	0
0.019	5.800	1150	2283.1	686.936	1015.88	809.003	0.313557	0.686443	0.836572	0.157712	0.00571559	1	0
0.02	5.800	1150	2510.19	686.93	1015.88	809.003	0.300983	0.699017	0.828685	0.164838	0.00647767	1	0
0.021	5.800	1150	2600.28	686.927	1015.88	809.004	0.286808	0.713192	0.820569	0.172649	0.0067825	1	0
0.022	5.800	1150	2736.43	686.924	1015.88	809.004	0.281893	0.718107	0.813977	0.178708	0.00731596	1	0
0.023	5.800	1150	3001.37	686.918	1015.88	809.004	0.270348	0.729652	0.807689	0.18408	0.00823045	1	0
0.024	5.800	1150	3220.69	686.912	1015.88	809.004	0.270348	0.729652	0.801174	0.18991	0.00891632	1	0
0.025	5.800	1150	3432.01	686.907	1015.88	809.004	0.263489	0.736511	0.79401	0.196273	0.00971651	1	0
0.026	5.800	1150	3667.1	686.9	1015.88	809.005	0.268861	0.731139	0.786808	0.202675	0.0105167	1	0
0.027	5.800	1150	3884.56	686.895	1015.88	809.005	0.263603	0.736397	0.780597	0.208086	0.0113169	1	0
0.028	5.800	1150	4156.04	686.888	1015.88	809.005	0.254344	0.745656	0.773815	0.213916	0.0122695	1	0
0.029	5.800	1150	4292.08	686.885	1015.88	809.005	0.254915	0.745085	0.76768	0.219517	0.0128029	1	0
0.03	5.800	1150	4580.88	686.878	1015.89	809.006	0.25	0.75	0.762346	0.223823	0.0138317	1	0
0.031	5.800	1150	4911.53	686.87	1015.89	809.006	0.242227	0.757773	0.755144	0.229881	0.0149749	1	0
0.032	5.800	1150	5171.68	686.863	1015.89	809.006	0.234454	0.765546	0.748323	0.235863	0.0158131	1	0
0.033	5.800	1150	5515.01	686.854	1015.89	809.007	0.231596	0.768404	0.742227	0.240703	0.0170706	1	0
0.034	5.800	1150	5894.15	686.843	1015.89	809.007	0.225537	0.774463	0.735482	0.24619	0.018328	1	0
0.035	5.800	1150	6117.79	686.838	1015.89	809.008	0.22588	0.77412	0.729576	0.251296	0.0191282	1	0
0.036	5.800	1150	6435.76	686.83	1015.89	809.008	0.225309	0.774691	0.72348	0.256287	0.0202332	1	0
0.037	5.800	1150	6829.99	686.82	1015.89	809.009	0.223594	0.776406	0.717726	0.260669	0.0216049	1	0
0.038	5.800	1150	7234.42	686.809	1015.89	809.009	0.221422	0.778578	0.711172	0.266004	0.0228243	1	0
0.039	5.800	1150	7475.38	686.803	1015.89	809.009	0.22085	0.77915	0.706219	0.270119	0.0236626	1	0
0.04	5.800	1150	7842.08	686.794	1015.89	809.01	0.223251	0.776749	0.700312	0.274729	0.0249581	1	0
0.041	5.800	1150	8206.09	686.785	1015.89	809.01	0.215135	0.784865	0.695054	0.278768	0.0261774	1	0
0.042	5.800	1150	8406.83	686.78	1015.89	809.01	0.217307	0.782693	0.688957	0.284217	0.0268252	1	0
0.043	5.800	1150	8735.07	686.772	1015.9	809.011	0.21685	0.78315	0.684233	0.287761	0.0280064	1	0
0.044	5.800	1150	8985.9	686.766	1015.9	809.011	0.215364	0.784636	0.680194	0.290924	0.0288828	1	0
0.045	5.800	1150	9191.54	686.761	1015.9	809.011	0.215021	0.784979	0.676002	0.294391	0.0296068	1	0
0.046	5.800	1150	9536.85	686.752	1015.9	809.012	0.212048	0.787952	0.670134	0.299116	0.0307499	1	0
0.047	5.800	1150	9984.66	686.741	1015.9	809.012	0.206333	0.793667	0.665181	0.302583	0.0322359	1	0
0.048	5.800	1150	10399.8	686.731	1015.9	809.013	0.198674	0.801326	0.660303	0.305975	0.033722	1	0
0.049	5.800	1150	10711.3	686.723	1015.9	809.013	0.19936	0.80064	0.654778	0.310433	0.0347889	1	0
0.05	5.800	1150	10778.9	686.721	1015.9	809.013	0.19856	0.80144	0.649939	0.315043	0.0350175	1	0
0.051	5.800	1150	11031.2	686.715	1015.9	809.013	0.201075	0.798925	0.6443	0.319768	0.035932	1	0
0.052	5.800	1150	11414.5	686.706	1015.9	809.014	0.19936	0.80064	0.639118	0.323617	0.0372657	1	0
0.053	5.800	1150	11582.2	686.702	1015.9	809.014	0.199246	0.800754	0.633592	0.328608	0.0377991	1	0
0.054	5.800	1150	11916.9	686.693	1015.9	809.014	0.200732	0.799268	0.629553	0.331428	0.0390184	1	0
0.055	5.800	1150	12179.9	686.687	1015.9	809.014	0.200389	0.799611	0.6246	0.335353	0.0400472	1	0
0.056	5.800	1150	12559.6	686.677	1015.91	809.015	0.200046	0.799954	0.62018	0.338439	0.0413809	1	0
0.057	5.800	1150	12650.3	686.675	1015.91	809.015	0.199703	0.800297	0.615607	0.342593	0.0418	1	0
0.058	5.800	1150	12915	686.67	1015.91	809.015	0.199017	0.800983	0.610882	0.346403	0.0427145	1	0
0.059	5.800	1150	13125	686.664	1015.91	809.015	0.193873	0.806127	0.604748	0.351852	0.0434004	1	0
0.06	5.800	1150	13345.7	686.66	1015.91	809.016	0.190215	0.809785	0.600861	0.354976	0.0441625	1	0
0.061	5.800	1150	13501.7	686.656	1015.91	809.016	0.188615	0.811385	0.597013	0.35833	0.0446578	1	0
0.062	5.800	1150	13914.6	686.646	1015.91	809.016	0.185871	0.814129	0.591297	0.362711	0.0459915	1	0
0.063	5.800	1150	14161.4	686.64	1015.91	809.016	0.184271	0.815729	0.587944	0.365226	0.0468298	1	0
0.064	5.800	1150	14456.3	686.632	1015.91	809.017	0.180727	0.819273	0.58341	0.368656	0.0479348	1	0
0.065	5.800	1150	14821.2	686.623	1015.91	809.017	0.177755	0.822245	0.581009	0.369723	0.0492684	1	0
0.066	5.800	1150	15062.7	686.617	1015.91	809.018	0.173525	0.826475	0.576665	0.373076	0.0502591	1	0
0.067	5.800	1150	15389.3	686.607	1015.91	809.018	0.177183	0.822817	0.57316	0.375438	0.0514022	1	0
0.068	5.800	1150	15548.6	686.602	1015.91	809.018	0.176269	0.823731	0.568397	0.379706	0.0518976	1	0
0.069	5.800	1150	15726.8	686.598	1015.91	809.018	0.175126	0.824874	0.564777	0.382678	0.0525453	1	0
0.07	5.800	1150	15997.7	686.592	1015.91	809.019	0.175126	0.824874	0.561043	0.38546	0.0534979	1	0
0.071	5.800	1150	16190.5	686.588	1015.92	809.019	0.173411	0.826589	0.556813	0.388965	0.0542219	1	0
0.072	5.800	1150	16582.9	686.578	1015.92	809.019	0.171468	0.828532	0.553993	0.390489	0.0555175	1	0
0.073	5.800	1150	16903	686.571	1015.92	809.02	0.168267	0.831733	0.549535	0.393842	0.0566225	1	0
0.074	5.800	1150	17164.2	686.565	1015.92	809.02	0.168267	0.831733	0.54561	0.396853	0.057537	1	0
0.075	5.800	1150	17323.7	686.561	1015.92	809.02	0.165981	0.834019	0.541952	0.399939	0.0581085	1	0
0.076	5.800	1150	17558	686.554	1015.92	809.02	0.161523	0.838477	0.538599	0.402416	0.0589849	1	0
0.077	5.800	1150	17870.3	686.546	1015.92	809.021	0.162094	0.837906	0.53536	0.40455	0.0600899	1	0
0.078	5.800	1150	18061.6	686.542	1015.92	809.021	0.16438	0.83562	0.532388	0.406836	0.0607758	1	0
0.079	5.800	1150	18233.9	686.538	1015.92	809.021	0.16278	0.83722	0.529797	0.408855	0.0613474	1	0
0.08	5.800	1150	18474.6	686.533	1015.92	809.021	0.161408	0.838592	0.526901	0.410875	0.0622237	1	0
0.081	5.800	1150	18780.5	686.526	1015.92	809.022	0.157865	0.842135	0.523853	0.412742	0.063405	1	0
0.082	5.800	1150	19100.2	686.518	1015.92	809.022	0.156036	0.843964	0.521986	0.413466	0.0645481	1	0
0.083	5.800	1150	19240	686.515	1015.92	809.022	0.158551	0.841449	0.519242	0.415752	0.0650053	1	0
0.084	5.800	1150	19377.7	686.512	1015.92	809.022	0.160037	0.839963	0.517261	0.417276	0.0654626	1	0
0.085	5.800	1150	19712.4	686.506	1015.92	809.022	0.157522	0.842478	0.515242	0.418229	0.0665295	1	0
0.086	5.800	1150	20112.8	686.497	1015.93	809.023	0.154321	0.845679	0.512917	0.419143	0.0679393	1	0
0.087	5.800	1150	20258.5	686.493	1015.93	809.023	0.14872	0.85128	0.509412	0.421963	0.0686252	1	0
0.088	5.800	1150	20447	686.487	1015.93	809.023	0.146776	0.853224	0.507316	0.423411	0.069273	1	0
0.089	5.800	1150	20677.8	686.481	1015.93	809.023	0.152378	0.847622	0.503544	0.426345	0.0701113	1	0
0.09	5.800	1150	20905.5	686.475	1015.93	809.024	0.159236	0.840764	0.500343	0.428708	0.0709496	1	0
0.091	5.800	1150	21349.4	686.465	1015.93	809.024	0.162094	0.837906	0.497104	0.430346	0.0725499	1	0
0.092	5.800	1150	21281.6	686.466	1015.93	809.024	0.162666	0.837334	0.494894	0.432861	0.0722451	1	0
0.093	5.800	1150	21465.2	686.461	1015.93	809.024	0.158779	0.841221	0.491465	0.435681	0.0728547	1	0
0.094	5.800	1150	21682.4	686.456	1015.93	809.024	0.156493	0.843507	0.488683	0.437586	0.0737311	1	0
0.095	5.800	1150	21545.2	686.46	1015.93	809.024	0.151692	0.848308	0.485978	0.440748	0.0732739	1	0
0.096	5.800	1150	21719.8	686.457	1015.93	809.024	0.150892	0.849108	0.48392	0.442234	0.0738455	1	0
0.097	5.800	1150	21888.8	686.453	1015.93	809.025	0.153406	0.846594	0.480072	0.445511	0.074417	1	0
0.098	5.800	1150	22318.6	686.442	1015.93	809.025	0.153406	0.846594	0.478205	0.445892	0.0759031	1	0
0.099	5.800	1150	22795.5	686.431	1015.93	809.026	0.15615	0.84385	0.475271	0.447302	0.0774272	1	0
0.1	5.800	1150	22972.3	686.426	1015.93	809.026	0.151235	0.848765	0.471803	0.45016	0.0780369	1	0
0.101	5.800	1150	23182.8	686.421	1015.93	809.026	0.149063	0.850937	0.468945	0.452332	0.0787228	1	0
0.102	5.800	1150	23391.6	686.416	1015.93	809.026	0.149977	0.850023	0.466507	0.454009	0.0794848	1	0
0.103	5.800	1150	23754	686.407	1015.94	809.027	0.145633	0.854367	0.464068	0.455114	0.0808185	1	0
0.104	5.800	1150	24007.3	686.401	1015.94	809.027	0.144033	0.855967	0.461667	0.4566	0.081733	1	0
0.105	5.800	1150	24163	686.396	1015.94	809.027	0.142433	0.857567	0.458543	0.459038	0.0824188	1	0
0.106	5.800	1150	24232.7	686.395	1015.94	809.027	0.13706	0.86294	0.45519	0.462315	0.082495	1	0
0.107	5.800	1150	24630.1	686.386	1015.94	809.027	0.135802	0.864198	0.453018	0.463153	0.0838287	1	0
0.108	5.800	1150	24834.5	686.382	1015.94	809.028	0.136603	0.863397	0.451036	0.464449	0.0845146	1	0
0.109	5.800	1150	25121.5	686.375	1015.94	809.028	0.133173	0.866827	0.44856	0.466011	0.0854291	1	0
0.11	5.800	1150	25286.4	686.371	1015.94	809.028	0.133516	0.866484	0.446045	0.467916	0.0860387	1	0
0.111	5.800	1150	25466.6	686.366	1015.94	809.028	0.13283	0.86717	0.443073	0.470355	0.0865722	1	0
0.112	5.800	1150	25422.1	686.368	1015.94	809.028	0.132602	0.867398	0.441663	0.471917	0.0864198	1	0
0.113	5.800	1150	25809.4	686.358	1015.94	809.029	0.136946	0.863054	0.440062	0.47207	0.0878677	1	0
0.114	5.800	1150	25947	686.355	1015.94	809.029	0.137517	0.862483	0.437929	0.473746	0.088325	1	0
0.115	5.800	1150	25921.3	686.355	1015.94	809.029	0.134774	0.865226	0.436214	0.475537	0.0882487	1	0
0.116	5.800	1150	25991.8	686.355	1015.94	809.029	0.131116	0.868884	0.433852	0.477671	0.0884774	1	0
0.117	5.800	1150	26239.3	686.35	1015.94	809.029	0.130887	0.869113	0.431908	0.478738	0.0893538	1	0
0.118	5.800	1150	26326.3	686.347	1015.94	809.029	0.13203	0.86797	0.430232	0.480186	0.0895824	1	0
0.119	5.800	1150	26442.4	686.346	1015.94	809.029	0.131459	0.868541	0.428136	0.481977	0.0898872	1	0
0.12	5.800	1150	26646.1	686.341	1015.94	809.029	0.136603	0.863397	0.42604	0.483463	0.0904969	1	0
0.121	5.800	1150	26651.2	686.343	1015.94	809.029	0.136946	0.863054	0.425507	0.483996	0.0904969	1	0
0.122	5.800	1150	27097.8	686.331	1015.95	809.03	0.140146	0.859854	0.424745	0.48331	0.0919448	1	0
0.123	5.800	1150	27293.1	686.327	1015.95	809.03	0.147234	0.852766	0.422992	0.484415	0.0925926	1	0
0.124	5.800	1150	27414.7	686.324	1015.95	809.03	0.144947	0.855053	0.422077	0.484987	0.0929355	1	0
0.125	5.800	1150	27661.6	686.317	1015.95	809.03	0.143461	0.856539	0.420248	0.485902	0.09385	1	0
0.126	5.800	1150	27692.5	686.315	1015.95	809.03	0.141518	0.858482	0.417848	0.48815	0.0940024	1	0
0.127	5.800	1150	27975.9	686.309	1015.95	809.031	0.13546	0.86454	0.415143	0.489902	0.094955	1	0
0.128	5.800	1150	28090.7	686.306	1015.95	809.031	0.134888	0.865112	0.413885	0.490779	0.0953361	1	0
0.129	5.800	1150	28211.6	686.302	1015.95	809.031	0.132945	0.867055	0.412666	0.491541	0.0957933	1	0
0.13	5.800	1150	28367.3	686.298	1015.95	809.031	0.138089	0.861911	0.411789	0.492074	0.0961363	1	0
0.131	5.800	1150	28387.4	686.297	1015.95	809.031	0.139346	0.860654	0.410837	0.492913	0.0962506	1	0
0.132	5.800	1150	28355.4	686.298	1015.95	809.031	0.139118	0.860882	0.409922	0.493941	0.0961363	1	0
0.133	5.800	1150	28424.8	686.298	1015.95	809.031	0.139575	0.860425	0.409694	0.493865	0.0964411	1	0
0.134	5.800	1150	28572.8	686.294	1015.95	809.031	0.141289	0.858711	0.407598	0.495313	0.0970889	1	0
0.135	5.800	1150	28849.2	686.289	1015.95	809.031	0.139346	0.860654	0.406417	0.495656	0.0979271	1	0
0.136	5.800	1150	28813.3	686.289	1015.95	809.031	0.134888	0.865112	0.405617	0.496647	0.0977366	1	0
0.137	5.800	1150	28767.1	686.289	1015.95	809.031	0.131116	0.868884	0.404435	0.498095	0.0974699	1	0
0.138	5.800	1150	29033.9	686.282	1015.95	809.032	0.128715	0.871285	0.403597	0.498171	0.098232	1	0
0.139	5.800	1150	29199.3	686.279	1015.95	809.032	0.125972	0.874028	0.401006	0.500267	0.0987273	1	0
0.14	5.800	1150	29327.6	686.276	1015.95	809.032	0.125629	0.874371	0.399063	0.501753	0.0991846	1	0
0.141	5.800	1150	29626.9	686.27	1015.95	809.032	0.127343	0.872657	0.39731	0.502667	0.100023	1	0
0.142	5.800	1150	29703.5	686.268	1015.95	809.032	0.121399	0.878601	0.395367	0.50423	0.100404	1	0
0.143	5.800	1150	29780.2	686.267	1015.95	809.032	0.120256	0.879744	0.393728	0.505563	0.100709	1	0
0.144	5.800	1150	29739	686.268	1015.95	809.032	0.125743	0.874257	0.39228	0.507125	0.100594	1	0
0.145	5.800	1150	29989.7	686.26	1015.95	809.033	0.124486	0.875514	0.391556	0.506859	0.101585	1	0
0.146	5.800	1150	30304	686.253	1015.95	809.033	0.124486	0.875514	0.389575	0.507849	0.102576	1	0
0.147	5.800	1150	30307.8	686.253	1015.95	809.033	0.1238	0.8762	0.388089	0.509297	0.102614	1	0
0.148	5.800	1150	30382	686.25	1015.95	809.033	0.126658	0.873342	0.386565	0.510593	0.102843	1	0
0.149	5.800	1150	30662	686.244	1015.95	809.033	0.126772	0.873228	0.386488	0.509793	0.103719	1	0
0.15	5.800	1150	30867.1	686.239	1015.96	809.034	0.129058	0.870942	0.384964	0.510593	0.104443	1	0
0.151	5.800	1150	31120.2	686.233	1015.96	809.034	0.127686	0.872314	0.384507	0.510136	0.105357	1	0
0.152	5.800	1150	31327	686.225	1015.96	809.034	0.128258	0.871742	0.384012	0.509793	0.106196	1	0
0.153	5.800	1150	31491.5	686.22	1015.96	809.035	0.125629	0.874371	0.383211	0.510021	0.106767	1	0
0.154	5.800	1150	31455	686.221	1015.96	809.035	0.127801	0.872199	0.382602	0.510517	0.106882	1	0
0.155	5.800	1150	31620.1	686.218	1015.96	809.035	0.130544	0.869456	0.382716	0.509869	0.107415	1	0
0.156	5.800	1150	31685.6	686.215	1015.96	809.035	0.133516	0.866484	0.381725	0.510593	0.107682	1	0
0.157	5.800	1150	31909.2	686.209	1015.96	809.035	0.133631	0.866369	0.38043	0.511164	0.108406	1	0
0.158	5.800	1150	32000	686.209	1015.96	809.035	0.13123	0.86877	0.380201	0.511012	0.108787	1	0
0.159	5.800	1150	32005.9	686.207	1015.96	809.035	0.125743	0.874257	0.378677	0.512498	0.108825	1	0
0.16	5.800	1150	31915.8	686.209	1015.96	809.035	0.129744	0.870256	0.377039	0.514327	0.108634	1	0
0.161	5.800	1150	32100.2	686.206	1015.96	809.035	0.130201	0.869799	0.376886	0.51406	0.109053	1	0
0.162	5.800	1150	31939.3	686.21	1015.96	809.035	0.128829	0.871171	0.3762	0.515356	0.108444	1	0
0.163	5.800	1150	31959.2	686.211	1015.96	809.035	0.128715	0.871285	0.374181	0.517299	0.10852	1	0
0.164	5.800	1150	31896.3	686.213	1015.96	809.035	0.123457	0.876543	0.372619	0.519128	0.108253	1	0
0.165	5.800	1150	32111.8	686.208	1015.96	809.035	0.123457	0.876543	0.371323	0.519738	0.108939	1	0
0.166	5.800	1150	32160	686.205	1015.96	809.035	0.128258	0.871742	0.370751	0.520081	0.109168	1	0
0.167	5.800	1150	32485.1	686.198	1015.96	809.035	0.128829	0.871171	0.369608	0.520043	0.110349	1	0
0.168	5.800	1150	32333.7	686.2	1015.96	809.035	0.122199	0.877801	0.366674	0.523548	0.109777	1	0
0.169	5.800	1150	32584.1	686.194	1015.96	809.036	0.121628	0.878372	0.366065	0.52351	0.110425	1	0
0.17	5.800	1150	32597.5	686.193	1015.96	809.036	0.127915	0.872085	0.365684	0.524005	0.110311	1	0
0.171	5.800	1150	32718.7	686.192	1015.96	809.036	0.129973	0.870027	0.365493	0.523891	0.110616	1	0
0.172	5.800	1150	32892.3	686.186	1015.96	809.036	0.129515	0.870485	0.362978	0.525873	0.111149	1	0
0.173	5.800	1150	32933.8	686.184	1015.96	809.036	0.127572	0.872428	0.362064	0.526558	0.111378	1	0
0.174	5.800	1150	33059.6	686.181	1015.96	809.036	0.125514	0.874486	0.362292	0.525911	0.111797	1	0
0.175	5.800	1150	33127.1	686.178	1015.96	809.037	0.123228	0.876772	0.361568	0.526444	0.111988	1	0
0.176	5.800	1150	33322.6	686.173	1015.96	809.037	0.117398	0.882602	0.360997	0.526482	0.112521	1	0
0.177	5.800	1150	33148.5	686.179	1015.96	809.037	0.120713	0.879287	0.360463	0.527663	0.111873	1	0
0.178	5.800	1150	32903.3	686.184	1015.96	809.036	0.120713	0.879287	0.360463	0.52854	0.110997	1	0
0.179	5.800	1150	32915.2	686.184	1015.96	809.036	0.122885	0.877115	0.360349	0.528578	0.111073	1	0
0.18	5.800	1150	33057.2	686.18	1015.96	809.037	0.125171	0.874829	0.360501	0.528006	0.111492	1	0
0.181	5.800	1150	33214.7	686.175	1015.96	809.037	0.118084	0.881916	0.360463	0.527435	0.112102	1	0
0.182	5.800	1150	33195.6	686.176	1015.96	809.037	0.117284	0.882716	0.358634	0.529264	0.112102	1	0
0.183	5.800	1150	33260	686.174	1015.96	809.037	0.119456	0.880544	0.357872	0.529759	0.112369	1	0
0.184	5.800	1150	33438.8	686.17	1015.96	809.037	0.119684	0.880316	0.357948	0.529035	0.113016	1	0
0.185	5.800	1150	33630.9	686.166	1015.96	809.037	0.118999	0.881001	0.358025	0.528235	0.11374	1	0
0.186	5.800	1150	33718.1	686.164	1015.96	809.037	0.11717	0.88283	0.357872	0.528159	0.113969	1	0
0.187	5.800	1150	33595.9	686.168	1015.96	809.037	0.119684	0.880316	0.357796	0.528502	0.113702	1	0
0.188	5.800	1150	33760.6	686.163	1015.96	809.037	0.124028	0.875972	0.357872	0.527816	0.114312	1	0
0.189	5.800	1150	33834.1	686.161	1015.96	809.037	0.120027	0.879973	0.357529	0.527854	0.114617	1	0
0.19	5.800	1150	33852	686.161	1015.96	809.037	0.121513	0.878487	0.357148	0.528349	0.114502	1	0
0.191	5.800	1150	33863.3	686.16	1015.96	809.037	0.121285	0.878715	0.356958	0.528578	0.114464	1	0
0.192	5.800	1150	34039.7	686.156	1015.96	809.038	0.118427	0.881573	0.356424	0.528502	0.115074	1	0
0.193	5.800	1150	33866.3	686.158	1015.96	809.038	0.117627	0.882373	0.355929	0.529378	0.114693	1	0
0.194	5.800	1150	33861.9	686.157	1015.96	809.038	0.121285	0.878715	0.355586	0.529607	0.114807	1	0
0.195	5.800	1150	33844.8	686.157	1015.96	809.038	0.119456	0.880544	0.354672	0.530521	0.114807	1	0
0.196	5.800	1150	33976.8	686.155	1015.96	809.038	0.114655	0.885345	0.353567	0.531169	0.115264	1	0
0.197	5.800	1150	34203.8	686.15	1015.96	809.038	0.117856	0.882144	0.352843	0.531131	0.116027	1	0
0.198	5.800	1150	34098.3	686.153	1015.96	809.038	0.118884	0.881116	0.351738	0.532655	0.115607	1	0
0.199	5.800	1150	34245.5	686.149	1015.96	809.038	0.120142	0.879858	0.350785	0.533189	0.116027	1	0
0.2	5.800	1150	34484.1	686.144	1015.96	809.038	0.120027	0.879973	0.350861	0.532312	0.116827	1	0
0.201	5.800	1150	34270.3	686.151	1015.96	809.038	0.114655	0.885345	0.349909	0.533913	0.116179	1	0
0.202	5.800	1150	34534.7	686.145	1015.96	809.038	0.110654	0.889346	0.349794	0.533227	0.116979	1	0
0.203	5.800	1150	34698.2	686.141	1015.96	809.038	0.110997	0.889003	0.348613	0.533913	0.117474	1	0
0.204	5.800	1150	34784	686.141	1015.97	809.038	0.112026	0.887974	0.347851	0.534408	0.117741	1	0
0.205	5.800	1150	34792.5	686.14	1015.97	809.038	0.113397	0.886603	0.347165	0.535132	0.117703	1	0
0.206	5.800	1150	34853.7	686.139	1015.97	809.038	0.114998	0.885002	0.34766	0.534484	0.117856	1	0
0.207	5.800	1150	34798.5	686.14	1015.97	809.038	0.11877	0.88123	0.347317	0.535056	0.117627	1	0
0.208	5.800	1150	34731.6	686.141	1015.96	809.038	0.117055	0.882945	0.347394	0.535094	0.117513	1	0
0.209	5.800	1150	34608.7	686.143	1015.96	809.038	0.11717	0.88283	0.346403	0.536389	0.117208	1	0
0.21	5.800	1150	34828.6	686.139	1015.97	809.038	0.116598	0.883402	0.34526	0.536961	0.117779	1	0
0.211	5.800	1150	35119.3	686.133	1015.97	809.038	0.119913	0.880087	0.345488	0.535703	0.118808	1	0
0.212	5.800	1150	35140	686.132	1015.97	809.038	0.118198	0.881802	0.346212	0.534827	0.118961	1	0
0.213	5.800	1150	35098.2	686.133	1015.97	809.038	0.114998	0.885002	0.345107	0.536123	0.11877	1	0
0.214	5.800	1150	34922.9	686.137	1015.97	809.038	0.120713	0.879287	0.345527	0.536389	0.118084	1	0
0.215	5.800	1150	35217.2	686.129	1015.97	809.039	0.121628	0.878372	0.345107	0.535818	0.119075	1	0
0.216	5.800	1150	35254.7	686.126	1015.97	809.039	0.125743	0.874257	0.344536	0.536161	0.119303	1	0
0.217	5.800	1150	35192.3	686.126	1015.97	809.039	0.124486	0.875514	0.344879	0.535932	0.119189	1	0
0.218	5.800	1150	35472.6	686.121	1015.97	809.039	0.11877	0.88123	0.344688	0.53517	0.120142	1	0
0.219	5.800	1150	35448.3	686.123	1015.97	809.039	0.115569	0.884431	0.343774	0.536275	0.119951	1	0
0.22	5.800	1150	35576.9	686.118	1015.97	809.039	0.117055	0.882945	0.344917	0.534751	0.120332	1	0
0.221	5.800	1150	35725.6	686.115	1015.97	809.039	0.117284	0.882716	0.344383	0.534789	0.120828	1	0
0.222	5.800	1150	35717.2	686.115	1015.97	809.039	0.114769	0.885231	0.343926	0.535094	0.12098	1	0
0.223	5.800	1150	35562.3	686.118	1015.97	809.039	0.114312	0.885688	0.343621	0.535856	0.120523	1	0
0.224	5.800	1150	35866.8	686.112	1015.97	809.039	0.11797	0.88203	0.344498	0.534027	0.121475	1	0
0.225	5.800	1150	35926.8	686.11	1015.97	809.04	0.118427	0.881573	0.344536	0.533836	0.121628	1	0
0.226	5.800	1150	36073.2	686.106	1015.97	809.04	0.119227	0.880773	0.345146	0.532693	0.122161	1	0
0.227	5.800	1150	36123.6	686.107	1015.97	809.04	0.116712	0.883288	0.346365	0.531283	0.122352	1	0
0.228	5.800	1150	36186.5	686.105	1015.97	809.04	0.118541	0.881459	0.346098	0.531321	0.12258	1	0
0.229	5.800	1150	36211.3	686.104	1015.97	809.04	0.124028	0.875972	0.345717	0.531702	0.12258	1	0
0.23	5.800	1150	36115.4	686.104	1015.97	809.04	0.123685	0.876315	0.34385	0.53376	0.12239	1	0
0.231	5.800	1150	36071.1	686.105	1015.97	809.04	0.118084	0.881916	0.343698	0.533951	0.122352	1	0
0.232	5.800	1150	36139.2	686.104	1015.97	809.04	0.121628	0.878372	0.342897	0.53456	0.122542	1	0
0.233	5.800	1150	36253.3	686.101	1015.97	809.04	0.116827	0.883173	0.342554	0.534446	0.123	1	0
0.234	5.800	1150	36216.6	686.103	1015.97	809.04	0.119456	0.880544	0.343012	0.534065	0.122923	1	0
0.235	5.800	1150	36209.2	686.103	1015.97	809.04	0.117741	0.882259	0.343736	0.533379	0.122885	1	0
0.236	5.800	1150	36219.5	686.102	1015.97	809.04	0.117627	0.882373	0.344117	0.533074	0.122809	1	0
0.237	5.800	1150	36215	686.101	1015.97	809.04	0.120027	0.879973	0.342974	0.534294	0.122733	1	0
0.238	5.800	1150	36119.9	686.104	1015.97	809.04	0.123685	0.876315	0.342478	0.535056	0.122466	1	0
0.239	5.800	1150	36264.3	686.1	1015.97	809.04	0.118313	0.881687	0.342783	0.534332	0.122885	1	0
0.24	5.800	1150	36218.2	686.103	1015.97	809.04	0.117398	0.882602	0.342669	0.534713	0.122619	1	0
0.241	5.800	1150	36319.4	686.102	1015.97	809.04	0.115684	0.884316	0.342364	0.534675	0.122961	1	0
0.242	5.800	1150	36391.6	686.1	1015.97	809.04	0.119227	0.880773	0.341945	0.534789	0.123266	1	0
0.243	5.800	1150	36281.3	686.103	1015.97	809.04	0.124943	0.875057	0.341145	0.535932	0.122923	1	0
0.244	5.800	1150	36187	686.106	1015.97	809.04	0.123228	0.876772	0.340802	0.536656	0.122542	1	0
0.245	5.800	1150	36105.4	686.107	1015.97	809.04	0.123342	0.876658	0.340192	0.537723	0.122085	1	0
0.246	5.800	1150	35991.8	686.109	1015.97	809.04	0.121399	0.878601	0.340344	0.537837	0.121818	1	0
0.247	5.800	1150	36156.9	686.105	1015.97	809.04	0.119913	0.880087	0.34084	0.536923	0.122237	1	0
0.248	5.800	1150	36335.4	686.1	1015.97	809.04	0.123228	0.876772	0.341145	0.535894	0.122961	1	0
0.249	5.800	1150	36457.8	686.095	1015.97	809.04	0.121399	0.878601	0.339468	0.537075	0.123457	1	0
0.25	5.800	1150	36455.3	686.093	1015.97	809.04	0.116827	0.883173	0.338554	0.537952	0.123495	1	0
0.251	5.800	1150	36427.9	686.094	1015.97	809.041	0.117055	0.882945	0.338973	0.537532	0.123495	1	0
0.252	5.800	1150	36533	686.092	1015.97	809.041	0.116827	0.883173	0.338782	0.537456	0.123762	1	0
0.253	5.800	1150	36700.2	686.088	1015.97	809.041	0.11454	0.88546	0.33783	0.537952	0.124219	1	0
0.254	5.800	1150	36635.5	686.09	1015.97	809.041	0.111683	0.888317	0.337487	0.538637	0.123876	1	0
0.255	5.800	1150	36337.1	686.097	1015.97	809.04	0.117627	0.882373	0.337982	0.539171	0.122847	1	0
0.256	5.800	1150	36470.5	686.095	1015.97	809.04	0.119684	0.880316	0.33802	0.538714	0.123266	1	0
0.257	5.800	1150	36444.9	686.095	1015.97	809.04	0.116941	0.883059	0.337791	0.53898	0.123228	1	0
0.258	5.800	1150	36615.3	686.091	1015.97	809.041	0.112026	0.887974	0.336763	0.539476	0.123762	1	0
0.259	5.800	1150	36491.5	686.094	1015.97	809.04	0.115684	0.884316	0.337068	0.539399	0.123533	1	0
0.26	5.800	1150	36343	686.098	1015.97	809.04	0.118656	0.881344	0.336763	0.540276	0.122961	1	0
0.261	5.800	1150	36491.2	686.095	1015.97	809.04	0.114083	0.885917	0.336572	0.539895	0.123533	1	0
0.262	5.800	1150	36536.7	686.093	1015.97	809.04	0.115569	0.884431	0.335963	0.540276	0.123762	1	0
0.263	5.800	1150	36765.3	686.088	1015.97	809.041	0.115455	0.884545	0.33661	0.538866	0.124524	1	0
0.264	5.800	1150	36858.3	686.084	1015.97	809.041	0.112254	0.887746	0.335581	0.539476	0.124943	1	0
0.265	5.800	1150	36944	686.083	1015.97	809.041	0.111454	0.888546	0.336229	0.538714	0.125057	1	0
0.266	5.800	1150	36966.2	686.082	1015.97	809.041	0.110882	0.889118	0.334819	0.540123	0.125057	1	0
0.267	5.800	1150	36721.7	686.088	1015.97	809.041	0.110768	0.889232	0.334553	0.541076	0.124371	1	0
0.268	5.800	1150	36623.6	686.09	1015.97	809.041	0.111797	0.888203	0.334248	0.54161	0.124143	1	0
0.269	5.800	1150	36915.7	686.083	1015.97	809.041	0.112826	0.887174	0.334438	0.540504	0.125057	1	0
0.27	5.800	1150	36752.7	686.087	1015.97	809.041	0.116369	0.883631	0.334515	0.540924	0.124562	1	0
0.271	5.800	1150	36685	686.088	1015.97	809.041	0.115341	0.884659	0.334743	0.540733	0.124524	1	0
0.272	5.800	1150	36757.4	686.087	1015.97	809.041	0.11957	0.88043	0.334667	0.540657	0.124676	1	0
0.273	5.800	1150	37043.8	686.08	1015.97	809.041	0.119342	0.880658	0.33501	0.539247	0.125743	1	0
0.274	5.800	1150	36929.8	686.083	1015.97	809.041	0.115912	0.884088	0.336115	0.538637	0.125248	1	0
0.275	5.800	1150	36966.6	686.082	1015.97	809.041	0.117055	0.882945	0.337525	0.537189	0.125286	1	0
0.276	5.800	1150	36832	686.086	1015.97	809.041	0.119799	0.880201	0.337601	0.537494	0.124905	1	0
0.277	5.800	1150	37004.2	686.081	1015.97	809.041	0.122199	0.877801	0.337639	0.536999	0.125362	1	0
0.278	5.800	1150	36850	686.086	1015.97	809.041	0.118427	0.881573	0.338325	0.536847	0.124829	1	0
0.279	5.800	1150	36814.1	686.086	1015.97	809.041	0.11797	0.88203	0.33802	0.537113	0.124867	1	0
0.28	5.800	1150	36777.3	686.086	1015.97	809.041	0.116484	0.883516	0.337525	0.537875	0.1246	1	0
0.281	5.800	1150	36743.7	686.088	1015.97	809.041	0.109968	0.890032	0.337563	0.537799	0.124638	1	0
0.282	5.800	1150	37021.9	686.082	1015.97	809.041	0.112254	0.887746	0.336839	0.53757	0.125591	1	0
0.283	5.800	1150	37239.5	686.076	1015.97	809.041	0.113512	0.886488	0.337029	0.536618	0.126353	1	0
0.284	5.800	1150	37191.6	686.076	1015.97	809.041	0.116141	0.883859	0.336572	0.537418	0.12601	1	0
0.285	5.800	1150	37079.8	686.079	1015.97	809.041	0.114769	0.885231	0.336839	0.537647	0.125514	1	0
0.286	5.800	1150	37076.1	686.078	1015.97	809.041	0.115912	0.884088	0.336572	0.537913	0.125514	1	0
0.287	5.800	1150	37030.2	686.079	1015.97	809.041	0.117398	0.882602	0.33642	0.53818	0.1254	1	0
0.288	5.800	1150	36842.8	686.084	1015.97	809.041	0.117741	0.882259	0.336267	0.538904	0.124829	1	0
0.289	5.800	1150	36798.1	686.086	1015.97	809.041	0.120828	0.879172	0.337372	0.53799	0.124638	1	0
0.29	5.800	1150	36778.5	686.086	1015.97	809.041	0.116941	0.883059	0.337029	0.538409	0.124562	1	0
0.291	5.800	1150	36856.3	686.085	1015.97	809.041	0.114083	0.885917	0.336572	0.538676	0.124752	1	0
0.292	5.800	1150	36849.5	686.085	1015.97	809.041	0.110997	0.889003	0.334476	0.540619	0.124905	1	0
0.293	5.800	1150	36778.3	686.088	1015.97	809.041	0.110311	0.889689	0.333562	0.541648	0.12479	1	0
0.294	5.800	1150	36782	686.087	1015.97	809.041	0.109396	0.890604	0.3336	0.54161	0.12479	1	0
0.295	5.800	1150	36897.9	686.084	1015.97	809.041	0.109396	0.890604	0.334362	0.540428	0.12521	1	0
0.296	5.800	1150	37050.1	686.08	1015.97	809.041	0.110425	0.889575	0.334896	0.539399	0.125705	1	0
0.297	5.800	1150	37171.7	686.078	1015.97	809.041	0.110997	0.889003	0.3344	0.539399	0.1262	1	0
0.298	5.800	1150	37286.8	686.075	1015.97	809.041	0.109168	0.890832	0.334172	0.539133	0.126696	1	0
0.299	5.800	1150	37133	686.08	1015.97	809.041	0.111568	0.888432	0.334057	0.539933	0.12601	1	0
0.3	5.800	1150	37078.4	686.081	1015.97	809.041	0.109053	0.890947	0.333752	0.540428	0.125819	1	0
0.301	5.800	1150	37081.1	686.083	1015.97	809.041	0.109625	0.890375	0.333638	0.540543	0.125819	1	0
0.302	5.800	1150	37058.9	686.083	1015.97	809.041	0.112826	0.887174	0.333676	0.540504	0.125819	1	0
0.303	5.800	1150	36992.2	686.085	1015.97	809.041	0.109625	0.890375	0.334896	0.539514	0.125591	1	0
0.304	5.800	1150	37203.8	686.081	1015.97	809.041	0.110311	0.889689	0.333181	0.540466	0.126353	1	0
0.305	5.800	1150	37356	686.077	1015.97	809.041	0.110425	0.889575	0.333752	0.539552	0.126696	1	0
0.306	5.800	1150	37479.1	686.076	1015.97	809.041	0.111911	0.888089	0.333067	0.539857	0.127077	1	0
0.307	5.800	1150	37504.6	686.075	1015.97	809.041	0.112483	0.887517	0.332647	0.540276	0.127077	1	0
0.308	5.800	1150	37494.6	686.076	1015.97	809.041	0.111225	0.888775	0.333029	0.539933	0.127039	1	0
0.309	5.800	1150	37698.8	686.07	1015.97	809.041	0.108711	0.891289	0.333638	0.538866	0.127496	1	0
0.31	5.800	1150	37686.3	686.071	1015.97	809.041	0.11454	0.88546	0.334134	0.538371	0.127496	1	0
0.311	5.800	1150	37554.1	686.073	1015.97	809.041	0.113626	0.886374	0.334591	0.538371	0.127039	1	0
0.312	5.800	1150	37362.5	686.078	1015.97	809.041	0.117398	0.882602	0.334896	0.538752	0.126353	1	0
0.313	5.800	1150	37295.5	686.08	1015.97	809.041	0.12037	0.87963	0.334438	0.539361	0.1262	1	0
0.314	5.800	1150	37367.8	686.078	1015.97	809.041	0.117055	0.882945	0.333829	0.539704	0.126467	1	0
0.315	5.800	1150	37522.7	686.073	1015.97	809.041	0.117513	0.882487	0.334667	0.538409	0.126924	1	0
0.316	5.800	1150	37602.5	686.072	1015.97	809.041	0.112597	0.887403	0.335734	0.537113	0.127153	1	0
0.317	5.800	1150	37469.5	686.075	1015.97	809.041	0.108825	0.891175	0.334438	0.539095	0.126467	1	0
0.318	5.800	1150	37282.8	686.079	1015.97	809.041	0.109739	0.890261	0.334896	0.539285	0.125819	1	0
0.319	5.800	1150	37248.6	686.08	1015.97	809.041	0.109968	0.890032	0.334819	0.539552	0.125629	1	0
0.32	5.800	1150	37306.2	686.079	1015.97	809.041	0.112026	0.887974	0.3344	0.539895	0.125705	1	0
0.321	5.800	1150	37420.9	686.078	1015.97	809.041	0.11454	0.88546	0.333752	0.5402	0.126048	1	0
0.322	5.800	1150	37418.5	686.078	1015.97	809.041	0.120599	0.879401	0.335124	0.538828	0.126048	1	0
0.323	5.800	1150	37337	686.081	1015.97	809.041	0.116941	0.883059	0.33562	0.538599	0.125781	1	0
0.324	5.800	1150	37321.8	686.081	1015.97	809.041	0.115569	0.884431	0.334591	0.539704	0.125705	1	0
0.325	5.800	1150	37482.4	686.077	1015.97	809.041	0.115112	0.884888	0.332914	0.540809	0.126276	1	0
0.326	5.800	1150	37291.7	686.082	1015.97	809.041	0.118198	0.881802	0.331733	0.542562	0.125705	1	0
0.327	5.800	1150	37473.4	686.079	1015.97	809.041	0.118656	0.881344	0.33139	0.542181	0.126429	1	0
0.328	5.800	1150	37270.7	686.085	1015.97	809.04	0.120713	0.879287	0.332266	0.541914	0.125819	1	0
0.329	5.800	1150	37155.6	686.089	1015.97	809.04	0.117856	0.882144	0.331885	0.5426	0.125514	1	0
0.33	5.800	1150	37179.4	686.089	1015.97	809.04	0.117398	0.882602	0.332076	0.542219	0.125705	1	0
0.331	5.800	1150	37086.2	686.091	1015.97	809.04	0.113169	0.886831	0.332305	0.542257	0.125438	1	0
0.332	5.800	1150	36625.5	686.102	1015.97	809.039	0.114655	0.885345	0.331923	0.544201	0.123876	1	0
0.333	5.800	1150	37033	686.093	1015.97	809.04	0.117741	0.882259	0.331771	0.543134	0.125095	1	0
0.334	5.800	1150	36974.7	686.094	1015.97	809.04	0.114883	0.885117	0.331657	0.543515	0.124829	1	0
0.335	5.800	1150	37182.9	686.088	1015.97	809.04	0.114998	0.885002	0.330552	0.543934	0.125514	1	0
0.336	5.800	1150	37236.6	686.086	1015.97	809.04	0.114998	0.885002	0.331047	0.543324	0.125629	1	0
0.337	5.800	1150	37260.2	686.084	1015.97	809.04	0.114083	0.885917	0.330704	0.543553	0.125743	1	0
0.338	5.800	1150	37303.5	686.082	1015.97	809.041	0.112026	0.887974	0.330285	0.54382	0.125895	1	0
0.339	5.800	1150	37262.7	686.084	1015.97	809.041	0.108368	0.891632	0.33059	0.543553	0.125857	1	0
0.34	5.800	1150	37280.4	686.083	1015.97	809.041	0.108368	0.891632	0.330094	0.543972	0.125934	1	0
0.341	5.800	1150	37135.9	686.087	1015.97	809.04	0.105624	0.894376	0.329028	0.545344	0.125629	1	0
0.342	5.800	1150	37081.8	686.089	1015.97	809.04	0.106653	0.893347	0.329637	0.545077	0.125286	1	0
0.343	5.800	1150	37179.8	686.086	1015.97	809.04	0.104138	0.895862	0.329904	0.544429	0.125667	1	0
0.344	5.800	1150	37327.5	686.084	1015.97	809.04	0.102309	0.897691	0.328913	0.545001	0.126086	1	0
0.345	5.800	1150	37311.7	686.083	1015.97	809.04	0.108596	0.891404	0.328685	0.545229	0.126086	1	0
0.346	5.800	1150	37229	686.086	1015.97	809.04	0.107453	0.892547	0.329028	0.545153	0.125819	1	0
0.347	5.800	1150	37299.8	686.085	1015.97	809.04	0.110882	0.889118	0.328418	0.545458	0.126124	1	0
0.348	5.800	1150	37222.6	686.088	1015.97	809.04	0.111797	0.888203	0.328647	0.545496	0.125857	1	0
0.349	5.800	1150	37080.4	686.091	1015.97	809.04	0.111568	0.888432	0.328837	0.545877	0.125286	1	0
0.35	5.800	1150	36917.3	686.095	1015.97	809.04	0.113969	0.886031	0.328189	0.547096	0.124714	1	0
0.351	5.800	1150	36862.2	686.095	1015.97	809.04	0.115684	0.884316	0.328494	0.546906	0.1246	1	0
0.352	5.800	1150	36633.7	686.1	1015.97	809.04	0.114312	0.885688	0.328532	0.54763	0.123838	1	0
0.353	5.800	1150	36630.5	686.099	1015.97	809.04	0.116712	0.883288	0.328761	0.547325	0.123914	1	0
0.354	5.800	1150	36661.4	686.1	1015.97	809.04	0.117284	0.882716	0.328532	0.547478	0.12399	1	0
0.355	5.800	1150	36686.2	686.098	1015.97	809.04	0.11374	0.88626	0.327694	0.54824	0.124066	1	0
0.356	5.800	1150	36953.9	686.09	1015.97	809.04	0.111111	0.888889	0.327961	0.546944	0.125095	1	0
0.357	5.800	1150	36896.5	686.09	1015.97	809.04	0.117513	0.882487	0.326779	0.548278	0.124943	1	0
0.358	5.800	1150	36971.7	686.089	1015.97	809.04	0.112711	0.887289	0.327542	0.547401	0.125057	1	0
0.359	5.800	1150	37000.7	686.088	1015.97	809.04	0.11374	0.88626	0.325903	0.548925	0.125171	1	0
0.36	5.800	1150	37010.9	686.089	1015.97	809.04	0.113397	0.886603	0.325827	0.548925	0.125248	1	0
0.361	5.800	1150	37127.8	686.085	1015.97	809.041	0.116141	0.883859	0.325674	0.548583	0.125743	1	0
0.362	5.800	1150	36957.5	686.09	1015.97	809.04	0.113169	0.886831	0.325979	0.548849	0.125171	1	0
0.363	5.800	1150	37115.1	686.087	1015.97	809.04	0.111683	0.888317	0.325713	0.548621	0.125667	1	0
0.364	5.800	1150	37082	686.089	1015.97	809.04	0.112026	0.887974	0.325027	0.549459	0.125514	1	0
0.365	5.800	1150	37200.4	686.085	1015.97	809.04	0.11294	0.88706	0.325674	0.548316	0.12601	1	0
0.366	5.800	1150	37371.2	686.081	1015.97	809.041	0.115112	0.884888	0.325713	0.547744	0.126543	1	0
0.367	5.800	1150	37215.7	686.084	1015.97	809.041	0.112597	0.887403	0.32476	0.549192	0.126048	1	0
0.368	5.800	1150	37085.4	686.087	1015.97	809.04	0.116369	0.883631	0.324684	0.549649	0.125667	1	0
0.369	5.800	1150	37100.6	686.085	1015.97	809.041	0.118427	0.881573	0.324265	0.550069	0.125667	1	0
0.37	5.800	1150	37011.9	686.087	1015.97	809.041	0.114312	0.885688	0.324417	0.550297	0.125286	1	0
0.371	5.800	1150	37020.5	686.086	1015.97	809.041	0.114426	0.885574	0.324989	0.549688	0.125324	1	0
0.372	5.800	1150	37139.9	686.083	1015.97	809.041	0.114083	0.885917	0.326246	0.548087	0.125667	1	0
0.373	5.800	1150	37197.9	686.082	1015.97	809.041	0.109968	0.890032	0.32495	0.54923	0.125819	1	0
0.374	5.800	1150	37112	686.085	1015.97	809.041	0.111797	0.888203	0.324836	0.549535	0.125629	1	0
0.375	5.800	1150	37160.3	686.083	1015.97	809.041	0.113283	0.886717	0.324836	0.549345	0.125819	1	0
0.376	5.800	1150	36956.1	686.088	1015.97	809.04	0.11134	0.88866	0.323998	0.550716	0.125286	1	0
0.377	5.800	1150	36911	686.09	1015.97	809.04	0.109625	0.890375	0.322969	0.551783	0.125248	1	0
0.378	5.800	1150	37132.6	686.085	1015.97	809.041	0.111454	0.888546	0.322359	0.551707	0.125934	1	0
0.379	5.800	1150	37032.2	686.086	1015.97	809.041	0.109396	0.890604	0.322321	0.552126	0.125553	1	0
0.38	5.800	1150	36949.9	686.087	1015.97	809.041	0.106882	0.893118	0.322131	0.552431	0.125438	1	0
0.381	5.800	1150	36853.7	686.09	1015.97	809.04	0.106539	0.893461	0.321369	0.553574	0.125057	1	0
0.382	5.800	1150	36986.5	686.086	1015.97	809.041	0.108253	0.891747	0.321978	0.552622	0.1254	1	0
0.383	5.800	1150	37061.5	686.083	1015.97	809.041	0.108939	0.891061	0.322283	0.552088	0.125629	1	0
0.384	5.800	1150	36963.2	686.086	1015.97	809.041	0.109968	0.890032	0.32335	0.551288	0.125362	1	0
0.385	5.800	1150	37025	686.086	1015.97	809.041	0.115226	0.884774	0.322817	0.551745	0.125438	1	0
0.386	5.800	1150	36849.2	686.09	1015.97	809.04	0.111111	0.888889	0.324226	0.550907	0.124867	1	0
0.387	5.800	1150	36528.1	686.098	1015.97	809.04	0.112369	0.887631	0.324226	0.552012	0.123762	1	0
0.388	5.800	1150	36562.5	686.098	1015.97	809.04	0.111225	0.888775	0.324569	0.551593	0.123838	1	0
0.389	5.800	1150	36281.9	686.104	1015.97	809.04	0.111911	0.888089	0.325217	0.551974	0.122809	1	0
0.39	5.800	1150	36228.4	686.105	1015.97	809.04	0.114769	0.885231	0.325865	0.55125	0.122885	1	0
0.391	5.800	1150	36234.1	686.107	1015.97	809.04	0.114312	0.885688	0.326208	0.550831	0.122961	1	0
0.392	5.800	1150	36293.8	686.106	1015.97	809.039	0.114426	0.885574	0.326208	0.550526	0.123266	1	0
0.393	5.800	1150	36392.6	686.103	1015.97	809.04	0.116027	0.883973	0.326703	0.549649	0.123647	1	0
0.394	5.800	1150	36151.3	686.11	1015.97	809.039	0.115684	0.884316	0.328037	0.549192	0.122771	1	0
0.395	5.800	1150	36260.9	686.106	1015.97	809.04	0.11374	0.88626	0.32758	0.549268	0.123152	1	0
0.396	5.800	1150	36454.6	686.1	1015.97	809.04	0.112483	0.887517	0.327084	0.54904	0.123876	1	0
0.397	5.800	1150	36656.2	686.095	1015.97	809.04	0.110882	0.889118	0.326437	0.549002	0.124562	1	0
0.398	5.800	1150	36503.1	686.1	1015.97	809.04	0.110768	0.889232	0.328075	0.547973	0.123952	1	0
0.399	5.800	1150	36556.4	686.1	1015.97	809.04	0.11054	0.88946	0.327694	0.548278	0.124028	1	0
0.4	5.800	1150	36425.9	686.102	1015.97	809.04	0.108939	0.891061	0.327961	0.54843	0.123609	1	0
0.401	5.800	1150	36193.5	686.107	1015.97	809.04	0.11134	0.88866	0.328647	0.54843	0.122923	1	0
0.402	5.800	1150	36092.7	686.108	1015.97	809.04	0.111454	0.888546	0.328913	0.548621	0.122466	1	0
0.403	5.800	1150	36186.3	686.106	1015.97	809.04	0.116598	0.883402	0.328647	0.548506	0.122847	1	0
0.404	5.800	1150	36266.7	686.106	1015.97	809.04	0.116027	0.883973	0.328723	0.548049	0.123228	1	0
0.405	5.800	1150	36256.7	686.106	1015.97	809.04	0.113969	0.886031	0.32758	0.549268	0.123152	1	0
0.406	5.800	1150	36185.2	686.108	1015.97	809.039	0.113855	0.886145	0.32758	0.549497	0.122923	1	0
0.407	5.800	1150	36210	686.108	1015.97	809.039	0.114655	0.885345	0.326894	0.550221	0.122885	1	0
0.408	5.800	1150	36163.7	686.109	1015.97	809.039	0.116484	0.883516	0.32636	0.550983	0.122657	1	0
0.409	5.800	1150	36208.6	686.108	1015.97	809.039	0.119227	0.880773	0.327542	0.549573	0.122885	1	0
0.41	5.800	1150	36319.6	686.107	1015.97	809.039	0.117627	0.882373	0.328075	0.548773	0.123152	1	0
0.411	5.800	1150	36255.8	686.109	1015.97	809.039	0.117398	0.882602	0.328075	0.549078	0.122847	1	0
0.412	5.800	1150	36351.8	686.106	1015.97	809.039	0.116141	0.883859	0.32857	0.548125	0.123304	1	0
0.413	5.800	1150	36565.5	686.101	1015.97	809.04	0.11877	0.88123	0.328608	0.547363	0.124028	1	0
0.414	5.800	1150	36780.3	686.096	1015.97	809.04	0.112369	0.887631	0.328799	0.546373	0.124829	1	0
0.415	5.800	1150	36949.3	686.092	1015.97	809.04	0.110997	0.889003	0.328418	0.54622	0.125362	1	0
0.416	5.800	1150	37027.3	686.09	1015.97	809.04	0.10791	0.89209	0.328304	0.546144	0.125553	1	0
0.417	5.800	1150	37170.6	686.086	1015.97	809.04	0.106653	0.893347	0.327656	0.546258	0.126086	1	0
0.418	5.800	1150	37104.5	686.089	1015.97	809.04	0.105853	0.894147	0.327465	0.546792	0.125743	1	0
0.419	5.800	1150	37205.2	686.086	1015.97	809.04	0.107796	0.892204	0.327275	0.546525	0.1262	1	0
0.42	5.800	1150	37268.5	686.084	1015.97	809.04	0.111454	0.888546	0.326779	0.546792	0.126429	1	0
0.421	5.800	1150	37239.2	686.084	1015.97	809.04	0.114312	0.885688	0.325865	0.547897	0.126238	1	0
0.422	5.800	1150	37139.2	686.087	1015.97	809.04	0.116255	0.883745	0.325941	0.548201	0.125857	1	0
0.423	5.800	1150	37057.7	686.089	1015.97	809.04	0.120713	0.879287	0.326246	0.548163	0.125591	1	0
0.424	5.800	1150	37098.1	686.087	1015.97	809.04	0.120713	0.879287	0.325484	0.548925	0.125591	1	0
0.425	5.800	1150	37107.6	686.087	1015.97	809.04	0.115455	0.884545	0.325979	0.548354	0.125667	1	0
0.426	5.800	1150	37109.1	686.087	1015.97	809.04	0.118884	0.881116	0.325751	0.548583	0.125667	1	0
0.427	5.800	1150	37118.7	686.087	1015.97	809.04	0.11957	0.88043	0.325827	0.548544	0.125629	1	0
0.428	5.800	1150	37106.9	686.087	1015.97	809.04	0.118427	0.881573	0.325332	0.549116	0.125553	1	0
0.429	5.800	1150	37121.7	686.085	1015.97	809.041	0.116141	0.883859	0.326208	0.548163	0.125629	1	0
0.43	5.800	1150	37123.2	686.086	1015.97	809.04	0.115569	0.884431	0.326246	0.548316	0.125438	1	0
0.431	5.800	1150	37089.2	686.087	1015.97	809.04	0.11214	0.88786	0.326284	0.548392	0.125324	1	0
0.432	5.800	1150	37233.8	686.083	1015.97	809.041	0.110425	0.889575	0.326665	0.547516	0.125819	1	0
0.433	5.800	1150	37070.3	686.088	1015.97	809.04	0.108825	0.891175	0.326703	0.548125	0.125171	1	0
0.434	5.800	1150	37411.1	686.078	1015.97	809.041	0.108711	0.891289	0.327656	0.545991	0.126353	1	0
0.435	5.800	1150	37498.6	686.075	1015.97	809.041	0.111797	0.888203	0.328342	0.545115	0.126543	1	0
0.436	5.800	1150	37719.5	686.071	1015.97	809.041	0.111111	0.888889	0.328418	0.544277	0.127305	1	0
0.437	5.800	1150	37675.4	686.071	1015.97	809.041	0.109282	0.890718	0.328113	0.544772	0.127115	1	0
0.438	5.800	1150	37643.8	686.072	1015.97	809.041	0.109511	0.890489	0.328647	0.544353	0.127	1	0
0.439	5.800	1150	37697.1	686.07	1015.97	809.041	0.109739	0.890261	0.327465	0.54542	0.127115	1	0
0.44	5.800	1150	37670.2	686.071	1015.97	809.041	0.111797	0.888203	0.327427	0.545496	0.127077	1	0
0.441	5.800	1150	37387.4	686.078	1015.97	809.041	0.117398	0.882602	0.327199	0.546715	0.126086	1	0
0.442	5.800	1150	37397.2	686.08	1015.97	809.041	0.117856	0.882144	0.32777	0.546182	0.126048	1	0
0.443	5.800	1150	37350.7	686.081	1015.97	809.041	0.118541	0.881459	0.327656	0.546334	0.12601	1	0
0.444	5.800	1150	37161.7	686.084	1015.97	809.041	0.114883	0.885117	0.327351	0.547363	0.125286	1	0
0.445	5.800	1150	37011.8	686.086	1015.97	809.041	0.114198	0.885802	0.327808	0.547325	0.124867	1	0
0.446	5.800	1150	37060.9	686.084	1015.97	809.041	0.115341	0.884659	0.326475	0.548659	0.124867	1	0
0.447	5.800	1150	37037.2	686.085	1015.97	809.041	0.116598	0.883402	0.327846	0.547439	0.124714	1	0
0.448	5.800	1150	37120.8	686.083	1015.97	809.041	0.12037	0.87963	0.327427	0.54763	0.124943	1	0
0.449	5.800	1150	37288.8	686.079	1015.97	809.041	0.114769	0.885231	0.327427	0.54702	0.125553	1	0
0.45	5.800	1150	37226.8	686.079	1015.97	809.041	0.116712	0.883288	0.327427	0.547363	0.12521	1	0
0.451	5.800	1150	37070.7	686.083	1015.97	809.041	0.115569	0.884431	0.327656	0.547744	0.1246	1	0
0.452	5.800	1150	36874.6	686.087	1015.97	809.041	0.115912	0.884088	0.327084	0.549116	0.1238	1	0
0.453	5.800	1150	36927.6	686.085	1015.97	809.041	0.115798	0.884202	0.327237	0.548659	0.124105	1	0
0.454	5.800	1150	36702.7	686.09	1015.97	809.041	0.117741	0.882259	0.327961	0.548773	0.123266	1	0
0.455	5.800	1150	36789.2	686.087	1015.97	809.041	0.118656	0.881344	0.327237	0.549154	0.123609	1	0
0.456	5.800	1150	36737.8	686.088	1015.97	809.041	0.114769	0.885231	0.327884	0.548811	0.123304	1	0
0.457	5.800	1150	36785.9	686.087	1015.97	809.041	0.116484	0.883516	0.327694	0.548697	0.123609	1	0
0.458	5.800	1150	36866.8	686.084	1015.97	809.041	0.11214	0.88786	0.32857	0.547363	0.124066	1	0
0.459	5.800	1150	37043.7	686.08	1015.97	809.041	0.108482	0.891518	0.328266	0.546982	0.124752	1	0
0.46	5.800	1150	37090.2	686.078	1015.97	809.041	0.109282	0.890718	0.328418	0.546715	0.124867	1	0
0.461	5.800	1150	37024.1	686.079	1015.97	809.041	0.112597	0.887403	0.329028	0.546373	0.1246	1	0
0.462	5.800	1150	36855.8	686.084	1015.97	809.041	0.11374	0.88626	0.329752	0.546106	0.124143	1	0
0.463	5.800	1150	36700.8	686.088	1015.97	809.041	0.111683	0.888317	0.330133	0.546334	0.123533	1	0
0.464	5.800	1150	36503.1	686.093	1015.97	809.041	0.109968	0.890032	0.329485	0.547592	0.122923	1	0
0.465	5.800	1150	36428.7	686.095	1015.97	809.04	0.114312	0.885688	0.329104	0.548278	0.122619	1	0
0.466	5.800	1150	36301.4	686.098	1015.97	809.04	0.115684	0.884316	0.329675	0.548049	0.122276	1	0
0.467	5.800	1150	36292.8	686.096	1015.97	809.041	0.110997	0.889003	0.330247	0.547478	0.122276	1	0
0.468	5.800	1150	36473.9	686.092	1015.97	809.041	0.112254	0.887746	0.329332	0.547897	0.122771	1	0
0.469	5.800	1150	36581.7	686.091	1015.97	809.041	0.117513	0.882487	0.329256	0.547668	0.123076	1	0
0.47	5.800	1150	36749.6	686.087	1015.97	809.041	0.119684	0.880316	0.329409	0.546982	0.123609	1	0
0.471	5.800	1150	36811.6	686.086	1015.97	809.041	0.118541	0.881459	0.329523	0.546754	0.123724	1	0
0.472	5.800	1150	37141.5	686.078	1015.97	809.041	0.116598	0.883402	0.330171	0.544886	0.124943	1	0
0.473	5.800	1150	37137.1	686.078	1015.97	809.041	0.117055	0.882945	0.330552	0.544544	0.124905	1	0
0.474	5.800	1150	37091.5	686.079	1015.97	809.041	0.115112	0.884888	0.330399	0.544734	0.124867	1	0
0.475	5.800	1150	37018.7	686.082	1015.97	809.041	0.112026	0.887974	0.330018	0.54542	0.124562	1	0
0.476	5.800	1150	37118.4	686.079	1015.97	809.041	0.112026	0.887974	0.329675	0.545344	0.124981	1	0
0.477	5.800	1150	37093.4	686.08	1015.97	809.041	0.115455	0.884545	0.329599	0.545534	0.124867	1	0
0.478	5.800	1150	37090.5	686.081	1015.97	809.041	0.115912	0.884088	0.328875	0.546296	0.124829	1	0
0.479	5.800	1150	37369.5	686.075	1015.97	809.041	0.11454	0.88546	0.330857	0.543286	0.125857	1	0
0.48	5.800	1150	37342.3	686.075	1015.97	809.041	0.112711	0.887289	0.330133	0.544162	0.125705	1	0
0.481	5.800	1150	37171.8	686.08	1015.97	809.041	0.112711	0.887289	0.330285	0.544544	0.125171	1	0
0.482	5.800	1150	37186	686.08	1015.97	809.041	0.11054	0.88946	0.329866	0.545077	0.125057	1	0
0.483	5.800	1150	37369.7	686.077	1015.97	809.041	0.111454	0.888546	0.329218	0.545077	0.125705	1	0
0.484	5.800	1150	37469.2	686.073	1015.97	809.041	0.10711	0.89289	0.329942	0.54401	0.126048	1	0
0.485	5.800	1150	37498.6	686.071	1015.97	809.041	0.110311	0.889689	0.329256	0.544696	0.126048	1	0
0.486	5.800	1150	37784.9	686.063	1015.97	809.042	0.11054	0.88946	0.328189	0.544582	0.127229	1	0
0.487	5.800	1150	37715.3	686.064	1015.97	809.042	0.106653	0.893347	0.32918	0.543896	0.126924	1	0
0.488	5.800	1150	37614.6	686.067	1015.97	809.042	0.104024	0.895976	0.328685	0.544772	0.126543	1	0
0.489	5.800	1150	37469.2	686.07	1015.97	809.042	0.105396	0.894604	0.329142	0.544772	0.126086	1	0
0.49	5.800	1150	37549.4	686.068	1015.97	809.042	0.108596	0.891404	0.328418	0.545267	0.126315	1	0
0.491	5.800	1150	37574.6	686.066	1015.97	809.042	0.105624	0.894376	0.327808	0.545763	0.126429	1	0
0.492	5.800	1150	37595.4	686.067	1015.97	809.042	0.105281	0.894719	0.328266	0.545229	0.126505	1	0
0.493	5.800	1150	37568.3	686.068	1015.97	809.042	0.101738	0.898262	0.327122	0.546373	0.126505	1	0
0.494	5.800	1150	37548.8	686.067	1015.97	809.042	0.0977366	0.902263	0.328075	0.545458	0.126467	1	0
0.495	5.800	1150	37579.6	686.066	1015.97	809.042	0.101395	0.898605	0.329066	0.544353	0.126581	1	0
0.496	5.800	1150	37526.5	686.068	1015.97	809.042	0.100251	0.899749	0.329409	0.544086	0.126505	1	0
0.497	5.800	1150	37441.4	686.071	1015.97	809.042	0.102995	0.897005	0.329904	0.54382	0.126276	1	0
0.498	5.800	1150	37362.6	686.073	1015.97	809.041	0.104595	0.895405	0.330247	0.543667	0.126086	1	0
0.499	5.800	1150	37409.2	686.073	1015.97	809.041	0.103452	0.896548	0.330704	0.543057	0.126238	1	0
0.5	5.800	1150	37513.6	686.071	1015.97	809.041	0.102766	0.897234	0.33078	0.542676	0.126543	1	0
0.501	5.800	1150	37592.2	686.07	1015.97	809.041	0.104595	0.895405	0.329904	0.543248	0.126848	1	0
0.502	5.800	1150	37737.3	686.067	1015.97	809.042	0.103109	0.896891	0.328151	0.544734	0.127115	1	0
0.503	5.800	1150	37547.9	686.071	1015.97	809.041	0.106767	0.893233	0.32857	0.544886	0.126543	1	0
0.504	5.800	1150	37607.9	686.07	1015.97	809.041	0.10631	0.89369	0.328532	0.544848	0.126619	1	0
0.505	5.800	1150	37567.9	686.071	1015.97	809.041	0.107567	0.892433	0.32857	0.544848	0.126581	1	0
0.506	5.800	1150	37711.1	686.067	1015.97	809.042	0.109511	0.890489	0.328418	0.544353	0.127229	1	0
0.507	5.800	1150	37794.6	686.065	1015.97	809.042	0.110311	0.889689	0.328875	0.543629	0.127496	1	0
0.508	5.800	1150	37630.5	686.069	1015.97	809.041	0.109854	0.890146	0.327999	0.544925	0.127077	1	0
0.509	5.800	1150	37640.6	686.07	1015.97	809.041	0.113512	0.886488	0.32857	0.544239	0.127191	1	0
0.51	5.800	1150	37700.9	686.068	1015.97	809.041	0.110997	0.889003	0.328532	0.543972	0.127496	1	0
0.511	5.800	1150	37710.2	686.067	1015.97	809.042	0.113969	0.886031	0.328189	0.544201	0.12761	1	0
0.512	5.800	1150	37698	686.069	1015.97	809.041	0.112483	0.887517	0.328723	0.543667	0.12761	1	0
0.513	5.800	1150	37714.8	686.068	1015.97	809.041	0.113054	0.886946	0.328418	0.543858	0.127724	1	0
0.514	5.800	1150	37670.9	686.069	1015.97	809.041	0.112369	0.887631	0.328227	0.544124	0.127648	1	0
0.515	5.800	1150	37554.4	686.072	1015.97	809.041	0.115341	0.884659	0.328151	0.544544	0.127305	1	0
0.516	5.800	1150	37339	686.075	1015.97	809.041	0.113969	0.886031	0.328151	0.545382	0.126467	1	0
0.517	5.800	1150	37155.2	686.081	1015.97	809.041	0.111911	0.888089	0.328342	0.545953	0.125705	1	0
0.518	5.800	1150	36953.5	686.085	1015.97	809.041	0.111111	0.888889	0.32857	0.546334	0.125095	1	0
0.519	5.800	1150	36877.6	686.087	1015.97	809.041	0.115226	0.884774	0.328532	0.546563	0.124905	1	0
0.52	5.800	1150	36698.2	686.091	1015.97	809.041	0.113512	0.886488	0.329066	0.546754	0.124181	1	0
0.521	5.800	1150	36578.3	686.093	1015.97	809.04	0.114083	0.885917	0.328799	0.547363	0.123838	1	0
0.522	5.800	1150	36501	686.096	1015.97	809.04	0.115798	0.884202	0.328723	0.547897	0.123381	1	0
0.523	5.800	1150	36554.7	686.094	1015.97	809.04	0.118313	0.881687	0.328113	0.54824	0.123647	1	0
0.524	5.800	1150	36510.8	686.096	1015.97	809.04	0.117741	0.882259	0.328037	0.548506	0.123457	1	0
0.525	5.800	1150	36474.2	686.097	1015.97	809.04	0.116827	0.883173	0.327694	0.548887	0.123419	1	0
0.526	5.800	1150	36357.2	686.1	1015.97	809.04	0.118084	0.881916	0.327465	0.549573	0.122961	1	0
0.527	5.800	1150	36492	686.096	1015.97	809.04	0.114998	0.885002	0.328151	0.548392	0.123457	1	0
0.528	5.800	1150	36535.5	686.094	1015.97	809.041	0.114312	0.885688	0.328532	0.547897	0.123571	1	0
0.529	5.800	1150	36495.5	686.096	1015.97	809.04	0.111797	0.888203	0.328647	0.547935	0.123419	1	0
0.53	5.800	1150	36726.7	686.09	1015.97	809.041	0.108139	0.891861	0.32758	0.548201	0.124219	1	0
0.531	5.800	1150	36877.9	686.085	1015.97	809.041	0.110768	0.889232	0.327999	0.547325	0.124676	1	0
0.532	5.800	1150	36917.9	686.084	1015.97	809.041	0.114426	0.885574	0.32716	0.54824	0.1246	1	0
0.533	5.800	1150	36880.3	686.085	1015.97	809.041	0.111797	0.888203	0.327618	0.547897	0.124486	1	0
0.534	5.800	1150	36883.6	686.085	1015.97	809.041	0.11294	0.88706	0.327732	0.54763	0.124638	1	0
0.535	5.800	1150	36940.8	686.082	1015.97	809.041	0.110082	0.889918	0.328494	0.546677	0.124829	1	0
0.536	5.800	1150	36997.7	686.078	1015.97	809.041	0.11134	0.88866	0.328647	0.546373	0.124981	1	0
0.537	5.800	1150	37062.3	686.076	1015.97	809.042	0.106882	0.893118	0.328189	0.546525	0.125286	1	0
0.538	5.800	1150	37160.6	686.074	1015.97	809.042	0.106767	0.893233	0.329675	0.544772	0.125553	1	0
0.539	5.800	1150	37257	686.073	1015.97	809.042	0.109854	0.890146	0.329866	0.544277	0.125857	1	0
0.54	5.800	1150	37447.7	686.07	1015.97	809.042	0.107796	0.892204	0.331238	0.542372	0.126391	1	0
0.541	5.800	1150	37614.6	686.065	1015.97	809.042	0.106424	0.893576	0.330933	0.542105	0.126962	1	0
0.542	5.800	1150	37699.9	686.065	1015.97	809.042	0.106424	0.893576	0.330971	0.541762	0.127267	1	0
0.543	5.800	1150	37879.6	686.058	1015.97	809.042	0.111454	0.888546	0.329904	0.542219	0.127877	1	0
0.544	5.800	1150	37950.3	686.055	1015.97	809.042	0.109396	0.890604	0.32918	0.542562	0.128258	1	0
0.545	5.800	1150	37977.3	686.054	1015.97	809.043	0.108825	0.891175	0.328989	0.542715	0.128296	1	0
0.546	5.800	1150	38122	686.049	1015.97	809.043	0.106653	0.893347	0.329028	0.542257	0.128715	1	0
0.547	5.800	1150	38112.7	686.048	1015.97	809.043	0.103338	0.896662	0.328037	0.543439	0.128525	1	0
0.548	5.800	1150	38156.6	686.045	1015.97	809.043	0.102538	0.897462	0.327846	0.5434	0.128753	1	0
0.549	5.800	1150	37858.8	686.054	1015.97	809.043	0.104595	0.895405	0.327618	0.544696	0.127686	1	0
0.55	5.800	1150	37948.9	686.052	1015.97	809.043	0.100937	0.899063	0.326094	0.545839	0.128067	1	0
0.551	5.800	1150	37852.4	686.056	1015.97	809.042	0.102881	0.897119	0.325636	0.546677	0.127686	1	0
0.552	5.800	1150	37755	686.059	1015.97	809.042	0.103681	0.896319	0.324608	0.548011	0.127381	1	0
0.553	5.800	1150	37572.1	686.063	1015.97	809.042	0.0987654	0.901235	0.323884	0.549116	0.127	1	0
0.554	5.800	1150	37566.7	686.064	1015.97	809.042	0.101852	0.898148	0.323884	0.549383	0.126734	1	0
0.555	5.800	1150	37552.7	686.066	1015.97	809.042	0.10208	0.89792	0.323274	0.55003	0.126696	1	0
0.556	5.800	1150	37696.9	686.06	1015.97	809.042	0.104252	0.895748	0.323312	0.549497	0.127191	1	0
0.557	5.800	1150	37815.9	686.058	1015.97	809.042	0.108711	0.891289	0.324112	0.548392	0.127496	1	0
0.558	5.800	1150	37821.2	686.058	1015.97	809.042	0.105853	0.894147	0.323388	0.549002	0.12761	1	0
0.559	5.800	1150	37873.2	686.058	1015.97	809.042	0.106767	0.893233	0.322779	0.549535	0.127686	1	0
0.56	5.800	1150	37787	686.06	1015.97	809.042	0.105967	0.894033	0.322931	0.549802	0.127267	1	0
0.561	5.800	1150	37997.1	686.055	1015.97	809.042	0.105281	0.894719	0.323426	0.54843	0.128144	1	0
0.562	5.800	1150	38316.9	686.045	1015.97	809.043	0.106653	0.893347	0.323845	0.546982	0.129172	1	0
0.563	5.800	1150	38303.5	686.046	1015.97	809.043	0.106081	0.893919	0.323769	0.54702	0.12921	1	0
0.564	5.800	1150	38208.3	686.046	1015.97	809.043	0.108596	0.891404	0.32415	0.546906	0.128944	1	0
0.565	5.800	1150	38422.4	686.041	1015.97	809.043	0.110768	0.889232	0.323007	0.547363	0.12963	1	0
0.566	5.800	1150	38301.2	686.046	1015.97	809.043	0.112597	0.887403	0.322626	0.548049	0.129325	1	0
0.567	5.800	1150	38458.4	686.044	1015.97	809.043	0.113283	0.886717	0.322016	0.548011	0.129973	1	0
0.568	5.800	1150	38456.5	686.045	1015.97	809.043	0.113512	0.886488	0.323007	0.546868	0.130125	1	0
0.569	5.800	1150	38098.9	686.053	1015.97	809.042	0.118198	0.881802	0.323198	0.547744	0.129058	1	0
0.57	5.800	1150	37949.2	686.059	1015.97	809.042	0.119799	0.880201	0.322474	0.548964	0.128563	1	0
0.571	5.800	1150	37744.3	686.063	1015.97	809.042	0.121285	0.878715	0.321864	0.550221	0.127915	1	0
0.572	5.800	1150	37813.1	686.061	1015.97	809.042	0.11797	0.88203	0.322969	0.548887	0.128144	1	0
0.573	5.800	1150	37641.6	686.065	1015.97	809.042	0.115455	0.884545	0.323083	0.549192	0.127724	1	0
0.574	5.800	1150	37568.1	686.068	1015.97	809.042	0.118198	0.881802	0.32396	0.548583	0.127458	1	0
0.575	5.800	1150	37918.5	686.058	1015.97	809.042	0.116484	0.883516	0.324417	0.546982	0.128601	1	0
0.576	5.800	1150	38097.8	686.057	1015.97	809.042	0.116712	0.883288	0.323617	0.547135	0.129249	1	0
0.577	5.800	1150	38048.8	686.057	1015.97	809.042	0.11214	0.88786	0.32396	0.546982	0.129058	1	0
0.578	5.800	1150	38331.8	686.048	1015.97	809.043	0.114198	0.885802	0.323236	0.546754	0.130011	1	0
0.579	5.800	1150	38265.9	686.05	1015.97	809.043	0.114083	0.885917	0.323541	0.546601	0.129858	1	0
0.58	5.800	1150	38449.6	686.045	1015.97	809.043	0.116255	0.883745	0.324608	0.545039	0.130354	1	0
0.581	5.800	1150	38329.6	686.047	1015.97	809.043	0.117398	0.882602	0.324417	0.545572	0.130011	1	0
0.582	5.800	1150	38298.7	686.048	1015.97	809.043	0.117856	0.882144	0.323845	0.546144	0.130011	1	0
0.583	5.800	1150	38275.1	686.05	1015.97	809.042	0.11957	0.88043	0.323884	0.546296	0.12982	1	0
0.584	5.800	1150	38217.5	686.052	1015.97	809.042	0.114769	0.885231	0.32396	0.546487	0.129553	1	0
0.585	5.800	1150	38245.8	686.051	1015.97	809.042	0.111568	0.888432	0.323388	0.546982	0.12963	1	0
0.586	5.800	1150	37878.1	686.059	1015.97	809.042	0.113855	0.886145	0.323464	0.548316	0.12822	1	0
0.587	5.800	1150	37970.4	686.056	1015.97	809.042	0.11054	0.88946	0.323884	0.547439	0.128677	1	0
0.588	5.800	1150	37921.2	686.058	1015.97	809.042	0.112369	0.887631	0.323998	0.547554	0.128448	1	0
0.589	5.800	1150	37887.4	686.06	1015.97	809.042	0.115569	0.884431	0.324036	0.547668	0.128296	1	0
0.59	5.800	1150	37942	686.059	1015.97	809.042	0.121399	0.878601	0.324074	0.547325	0.128601	1	0
0.591	5.800	1150	37839.1	686.061	1015.97	809.042	0.115226	0.884774	0.324226	0.547478	0.128296	1	0
0.592	5.800	1150	37789.5	686.061	1015.97	809.042	0.112826	0.887174	0.324226	0.547668	0.128105	1	0
0.593	5.800	1150	37742	686.062	1015.97	809.042	0.11054	0.88946	0.325255	0.546715	0.128029	1	0
0.594	5.800	1150	37712.1	686.063	1015.97	809.042	0.109053	0.890947	0.325217	0.54683	0.127953	1	0
0.595	5.800	1150	37806.3	686.061	1015.97	809.042	0.106767	0.893233	0.324569	0.547211	0.12822	1	0
0.596	5.800	1150	37633.5	686.064	1015.97	809.042	0.104138	0.895862	0.325522	0.54683	0.127648	1	0
0.597	5.800	1150	37666.4	686.064	1015.97	809.042	0.108482	0.891518	0.324722	0.547592	0.127686	1	0
0.598	5.800	1150	37640.6	686.063	1015.97	809.042	0.11374	0.88626	0.323426	0.548925	0.127648	1	0
0.599	5.800	1150	37695	686.063	1015.97	809.042	0.112597	0.887403	0.323426	0.548925	0.127648	1	0
0.6	5.800	1150	37848	686.058	1015.97	809.042	0.114083	0.885917	0.322474	0.549345	0.128182	1	0
0.601	5.800	1150	38058.6	686.053	1015.97	809.042	0.110311	0.889689	0.322245	0.548925	0.128829	1	0
0.602	5.800	1150	38085.9	686.052	1015.97	809.042	0.109168	0.890832	0.32194	0.549268	0.128791	1	0
0.603	5.800	1150	38186.6	686.049	1015.97	809.043	0.106081	0.893919	0.321331	0.549345	0.129325	1	0
0.604	5.800	1150	38263.1	686.047	1015.97	809.043	0.103681	0.896319	0.321254	0.549116	0.12963	1	0
0.605	5.800	1150	38081.4	686.052	1015.97	809.043	0.108596	0.891404	0.321369	0.549649	0.128982	1	0
0.606	5.800	1150	37853.2	686.058	1015.97	809.042	0.109625	0.890375	0.322664	0.54923	0.128105	1	0
0.607	5.800	1150	37751.3	686.062	1015.97	809.042	0.110997	0.889003	0.323236	0.54904	0.127724	1	0
0.608	5.800	1150	37832.6	686.059	1015.97	809.042	0.112711	0.887289	0.322931	0.54904	0.128029	1	0
0.609	5.800	1150	37772.4	686.061	1015.97	809.042	0.111911	0.888089	0.322588	0.549611	0.127801	1	0
0.61	5.800	1150	37762.7	686.062	1015.97	809.042	0.111568	0.888432	0.323503	0.548621	0.127877	1	0
0.611	5.800	1150	37695	686.063	1015.97	809.042	0.112254	0.887746	0.323655	0.548583	0.127763	1	0
0.612	5.800	1150	37665.8	686.062	1015.97	809.042	0.113054	0.886946	0.323655	0.548735	0.12761	1	0
0.613	5.800	1150	37524.8	686.065	1015.97	809.042	0.116941	0.883059	0.323464	0.549421	0.127115	1	0
0.614	5.800	1150	37428.1	686.068	1015.97	809.042	0.112026	0.887974	0.325103	0.548049	0.126848	1	0
0.615	5.800	1150	37538.5	686.065	1015.97	809.042	0.108025	0.891975	0.325598	0.547211	0.127191	1	0
0.616	5.800	1150	37304.8	686.071	1015.97	809.042	0.105853	0.894147	0.326513	0.547058	0.126429	1	0
0.617	5.800	1150	37286.4	686.072	1015.97	809.042	0.111568	0.888432	0.326856	0.54683	0.126315	1	0
0.618	5.800	1150	37354.1	686.071	1015.97	809.042	0.118084	0.881916	0.326589	0.54683	0.126581	1	0
0.619	5.800	1150	37667.8	686.066	1015.97	809.042	0.116369	0.883631	0.32716	0.545306	0.127534	1	0
0.62	5.800	1150	37664.4	686.066	1015.97	809.042	0.114426	0.885574	0.326818	0.545649	0.127534	1	0
0.621	5.800	1150	37750.9	686.064	1015.97	809.042	0.109053	0.890947	0.327923	0.544124	0.127953	1	0
0.622	5.800	1150	37936.1	686.059	1015.97	809.042	0.108711	0.891289	0.328723	0.542715	0.128563	1	0
0.623	5.800	1150	37653.6	686.067	1015.97	809.042	0.109968	0.890032	0.329371	0.543057	0.127572	1	0
0.624	5.800	1150	37493.3	686.071	1015.97	809.041	0.110997	0.889003	0.328989	0.54401	0.127	1	0
0.625	5.800	1150	37481.8	686.07	1015.97	809.042	0.108711	0.891289	0.328266	0.544848	0.126886	1	0
0.626	5.800	1150	37479.5	686.07	1015.97	809.042	0.107453	0.892547	0.328037	0.545077	0.126886	1	0
0.627	5.800	1150	37255.6	686.077	1015.97	809.041	0.106424	0.893576	0.32758	0.546296	0.126124	1	0
0.628	5.800	1150	37232.8	686.077	1015.97	809.041	0.108939	0.891061	0.328494	0.545572	0.125934	1	0
0.629	5.800	1150	37251.5	686.075	1015.97	809.041	0.107453	0.892547	0.328418	0.545458	0.126124	1	0
0.63	5.800	1150	37211.7	686.075	1015.97	809.041	0.111911	0.888089	0.326779	0.547173	0.126048	1	0
0.631	5.800	1150	37146.7	686.078	1015.97	809.041	0.114083	0.885917	0.327884	0.546411	0.125705	1	0
0.632	5.800	1150	37486.9	686.069	1015.97	809.042	0.111911	0.888089	0.328037	0.545001	0.126962	1	0
0.633	5.800	1150	37467.1	686.069	1015.97	809.042	0.112026	0.887974	0.327732	0.54542	0.126848	1	0
0.634	5.800	1150	37462.5	686.07	1015.97	809.042	0.11214	0.88786	0.327656	0.545382	0.126962	1	0
0.635	5.800	1150	37480.3	686.07	1015.97	809.042	0.110654	0.889346	0.327961	0.545077	0.126962	1	0
0.636	5.800	1150	37455.8	686.071	1015.97	809.041	0.108253	0.891747	0.327656	0.545344	0.127	1	0
0.637	5.800	1150	37454	686.07	1015.97	809.042	0.108025	0.891975	0.327999	0.544963	0.127039	1	0
0.638	5.800	1150	37250.8	686.074	1015.97	809.041	0.105967	0.894033	0.328304	0.545229	0.126467	1	0
0.639	5.800	1150	37468.9	686.07	1015.97	809.042	0.108939	0.891061	0.328342	0.544467	0.127191	1	0
0.64	5.800	1150	37281.8	686.074	1015.97	809.041	0.108025	0.891975	0.329142	0.544353	0.126505	1	0
0.641	5.800	1150	37134.4	686.077	1015.97	809.041	0.113512	0.886488	0.329066	0.545115	0.125819	1	0
0.642	5.800	1150	37124.2	686.079	1015.97	809.041	0.113397	0.886603	0.328761	0.545382	0.125857	1	0
0.643	5.800	1150	37089.3	686.079	1015.97	809.041	0.115684	0.884316	0.329218	0.545115	0.125667	1	0
0.644	5.800	1150	37066	686.079	1015.97	809.041	0.116598	0.883402	0.330018	0.544277	0.125705	1	0
0.645	5.800	1150	36996.5	686.08	1015.97	809.041	0.117627	0.882373	0.330742	0.543781	0.125476	1	0
0.646	5.800	1150	36962.7	686.081	1015.97	809.041	0.113969	0.886031	0.32998	0.54481	0.12521	1	0
0.647	5.800	1150	37107.1	686.077	1015.97	809.041	0.112254	0.887746	0.329447	0.544886	0.125667	1	0
0.648	5.800	1150	37122.6	686.075	1015.97	809.041	0.113855	0.886145	0.329866	0.544353	0.125781	1	0
0.649	5.800	1150	37027.5	686.077	1015.97	809.041	0.111568	0.888432	0.328494	0.546182	0.125324	1	0
0.65	5.800	1150	37137.5	686.073	1015.97	809.042	0.111454	0.888546	0.329752	0.544582	0.125667	1	0
0.651	5.800	1150	37140.2	686.074	1015.97	809.042	0.11054	0.88946	0.329409	0.544848	0.125743	1	0
0.652	5.800	1150	37099.4	686.076	1015.97	809.041	0.112026	0.887974	0.328875	0.545306	0.125819	1	0
0.653	5.800	1150	37273	686.073	1015.97	809.041	0.111454	0.888546	0.329066	0.544467	0.126467	1	0
0.654	5.800	1150	37075.1	686.079	1015.97	809.041	0.108596	0.891404	0.328723	0.545534	0.125743	1	0
0.655	5.800	1150	36954.1	686.083	1015.97	809.041	0.109968	0.890032	0.328685	0.54603	0.125286	1	0
0.656	5.800	1150	37021	686.082	1015.97	809.041	0.112254	0.887746	0.328647	0.545801	0.125553	1	0
0.657	5.800	1150	36942.3	686.083	1015.97	809.041	0.108482	0.891518	0.327923	0.546792	0.125286	1	0
0.658	5.800	1150	37087.8	686.08	1015.97	809.041	0.107453	0.892547	0.329256	0.544848	0.125895	1	0
0.659	5.800	1150	37160.8	686.078	1015.97	809.041	0.10711	0.89289	0.328151	0.545763	0.126086	1	0
0.66	5.800	1150	36963.5	686.082	1015.97	809.041	0.10551	0.89449	0.327542	0.547058	0.1254	1	0
0.661	5.800	1150	36973.6	686.082	1015.97	809.041	0.108825	0.891175	0.327084	0.547554	0.125362	1	0
0.662	5.800	1150	36997.2	686.08	1015.97	809.041	0.104481	0.895519	0.328723	0.545801	0.125476	1	0
0.663	5.800	1150	36576	686.089	1015.97	809.041	0.105853	0.894147	0.328989	0.546982	0.124028	1	0
0.664	5.800	1150	36484.5	686.093	1015.97	809.041	0.109053	0.890947	0.328151	0.548163	0.123685	1	0
0.665	5.800	1150	36550.3	686.092	1015.97	809.041	0.106539	0.893461	0.329332	0.54683	0.123838	1	0
0.666	5.800	1150	36432.3	686.094	1015.97	809.041	0.109739	0.890261	0.329561	0.547096	0.123342	1	0
0.667	5.800	1150	36637.3	686.09	1015.97	809.041	0.108253	0.891747	0.328418	0.547592	0.12399	1	0
0.668	5.800	1150	36530.6	686.093	1015.97	809.041	0.115112	0.884888	0.327427	0.549116	0.123457	1	0
0.669	5.800	1150	36403.9	686.096	1015.97	809.04	0.111111	0.888889	0.327542	0.549307	0.123152	1	0
0.67	5.800	1150	36170.1	686.102	1015.97	809.04	0.113169	0.886831	0.327961	0.549802	0.122237	1	0
0.671	5.800	1150	36202.8	686.101	1015.97	809.04	0.112826	0.887174	0.327237	0.550335	0.122428	1	0
0.672	5.800	1150	36177.6	686.101	1015.97	809.04	0.11134	0.88866	0.328189	0.549459	0.122352	1	0
0.673	5.800	1150	36177.3	686.101	1015.97	809.04	0.113169	0.886831	0.327884	0.549764	0.122352	1	0
0.674	5.800	1150	36185.1	686.102	1015.97	809.04	0.110768	0.889232	0.326437	0.551135	0.122428	1	0
0.675	5.800	1150	36081.5	686.103	1015.97	809.04	0.11214	0.88786	0.327389	0.550373	0.122237	1	0
0.676	5.800	1150	36111.7	686.103	1015.97	809.04	0.109511	0.890489	0.326932	0.550678	0.12239	1	0
0.677	5.800	1150	36287	686.1	1015.97	809.04	0.113512	0.886488	0.328342	0.548735	0.122923	1	0
0.678	5.800	1150	36413.8	686.098	1015.97	809.04	0.11454	0.88546	0.329485	0.547096	0.123419	1	0
0.679	5.800	1150	36231.8	686.101	1015.97	809.04	0.116369	0.883631	0.329485	0.547668	0.122847	1	0
0.68	5.800	1150	35989.2	686.106	1015.97	809.04	0.119342	0.880658	0.329409	0.548659	0.121933	1	0
0.681	5.800	1150	36035.6	686.105	1015.97	809.04	0.116141	0.883859	0.328837	0.54904	0.122123	1	0
0.682	5.800	1150	36080.9	686.102	1015.97	809.04	0.11294	0.88706	0.329104	0.548468	0.122428	1	0
0.683	5.800	1150	36151.6	686.1	1015.97	809.04	0.114312	0.885688	0.328837	0.548544	0.122619	1	0
0.684	5.800	1150	36285.9	686.097	1015.97	809.04	0.119799	0.880201	0.328494	0.548621	0.122885	1	0
0.685	5.800	1150	36284.2	686.097	1015.97	809.04	0.118427	0.881573	0.328456	0.548811	0.122733	1	0
0.686	5.800	1150	36353.5	686.095	1015.97	809.041	0.117741	0.882259	0.328456	0.548506	0.123038	1	0
0.687	5.800	1150	36360	686.096	1015.97	809.04	0.117055	0.882945	0.327313	0.549573	0.123114	1	0
0.688	5.800	1150	36336.4	686.095	1015.97	809.041	0.113969	0.886031	0.327313	0.549688	0.123	1	0
0.689	5.800	1150	36393.9	686.095	1015.97	809.041	0.116827	0.883173	0.327046	0.549764	0.12319	1	0
0.69	5.800	1150	36409.3	686.094	1015.97	809.041	0.117627	0.882373	0.326322	0.550488	0.12319	1	0
0.691	5.800	1150	36406.1	686.095	1015.97	809.04	0.112597	0.887403	0.326856	0.549954	0.12319	1	0
0.692	5.800	1150	36335.9	686.095	1015.97	809.041	0.110425	0.889575	0.326741	0.550373	0.122885	1	0
0.693	5.800	1150	36591.6	686.09	1015.97	809.041	0.108939	0.891061	0.326475	0.549802	0.123724	1	0
0.694	5.800	1150	36455.3	686.093	1015.97	809.041	0.109511	0.890489	0.326132	0.550754	0.123114	1	0
0.695	5.800	1150	36743.4	686.086	1015.97	809.041	0.106996	0.893004	0.325446	0.55045	0.124105	1	0
0.696	5.800	1150	36790	686.085	1015.97	809.041	0.11214	0.88786	0.327199	0.548659	0.124143	1	0
0.697	5.800	1150	36792.7	686.085	1015.97	809.041	0.114312	0.885688	0.327313	0.54843	0.124257	1	0
0.698	5.800	1150	36746.8	686.085	1015.97	809.041	0.111454	0.888546	0.326894	0.548964	0.124143	1	0
0.699	5.800	1150	36488.7	686.092	1015.97	809.041	0.110768	0.889232	0.326703	0.550107	0.12319	1	0
0.7	5.800	1150	36654.2	686.087	1015.97	809.041	0.116255	0.883745	0.326055	0.550297	0.123647	1	0
0.701	5.800	1150	36777.9	686.083	1015.97	809.041	0.116255	0.883745	0.325027	0.550831	0.124143	1	0
0.702	5.800	1150	36678.7	686.086	1015.97	809.041	0.114655	0.885345	0.324646	0.551555	0.1238	1	0
0.703	5.800	1150	36806.5	686.085	1015.97	809.041	0.109968	0.890032	0.324912	0.550831	0.124257	1	0
0.704	5.800	1150	36878.4	686.084	1015.97	809.041	0.113397	0.886603	0.325522	0.549878	0.1246	1	0
0.705	5.800	1150	36817.4	686.084	1015.97	809.041	0.109396	0.890604	0.32396	0.551517	0.124524	1	0
0.706	5.800	1150	36774.1	686.084	1015.97	809.041	0.105853	0.894147	0.325065	0.550526	0.124409	1	0
0.707	5.800	1150	36858.7	686.083	1015.97	809.041	0.109282	0.890718	0.325446	0.55003	0.124524	1	0
0.708	5.800	1150	37027.3	686.078	1015.97	809.041	0.113855	0.886145	0.326132	0.548621	0.125248	1	0
0.709	5.800	1150	37196.8	686.073	1015.97	809.042	0.111911	0.888089	0.326665	0.547516	0.125819	1	0
0.71	5.800	1150	37269.5	686.072	1015.97	809.042	0.108711	0.891289	0.326818	0.547173	0.12601	1	0
0.711	5.800	1150	37401.9	686.069	1015.97	809.042	0.106767	0.893233	0.327694	0.545839	0.126467	1	0
0.712	5.800	1150	37410.1	686.069	1015.97	809.042	0.108711	0.891289	0.327732	0.545801	0.126467	1	0
0.713	5.800	1150	37481.6	686.068	1015.97	809.042	0.111568	0.888432	0.328761	0.544505	0.126734	1	0
0.714	5.800	1150	37627	686.065	1015.97	809.042	0.111111	0.888889	0.328151	0.544467	0.127381	1	0
0.715	5.800	1150	37433.2	686.07	1015.97	809.042	0.110082	0.889918	0.328647	0.544696	0.126658	1	0
0.716	5.800	1150	37240.9	686.075	1015.97	809.041	0.113626	0.886374	0.328304	0.545725	0.125972	1	0
0.717	5.800	1150	37268.6	686.075	1015.97	809.041	0.109739	0.890261	0.327656	0.546182	0.126162	1	0
0.718	5.800	1150	37508.6	686.068	1015.97	809.042	0.107339	0.892661	0.327503	0.545572	0.126924	1	0
0.719	5.800	1150	37402.5	686.07	1015.97	809.042	0.109168	0.890832	0.327846	0.545458	0.126696	1	0
0.72	5.800	1150	37416.9	686.07	1015.97	809.042	0.112369	0.887631	0.328227	0.544963	0.12681	1	0
0.721	5.800	1150	37361.7	686.07	1015.97	809.042	0.112711	0.887289	0.32838	0.545153	0.126467	1	0
0.722	5.800	1150	37290.3	686.073	1015.97	809.041	0.114769	0.885231	0.328342	0.545458	0.1262	1	0
0.723	5.800	1150	37196.6	686.076	1015.97	809.041	0.118999	0.881001	0.329028	0.545153	0.125819	1	0
0.724	5.800	1150	37207.1	686.076	1015.97	809.041	0.111911	0.888089	0.329218	0.545001	0.125781	1	0
0.725	5.800	1150	37278.9	686.076	1015.97	809.041	0.114655	0.885345	0.329675	0.544391	0.125934	1	0
0.726	5.800	1150	37378	686.073	1015.97	809.041	0.114655	0.885345	0.329713	0.543934	0.126353	1	0
0.727	5.800	1150	37328.9	686.074	1015.97	809.041	0.111797	0.888203	0.330056	0.54382	0.126124	1	0
0.728	5.800	1150	37508.1	686.07	1015.97	809.041	0.110311	0.889689	0.331047	0.542105	0.126848	1	0
0.729	5.800	1150	37311.4	686.074	1015.97	809.041	0.110882	0.889118	0.330704	0.543096	0.1262	1	0
0.73	5.800	1150	37350.2	686.075	1015.97	809.041	0.112826	0.887174	0.330094	0.543553	0.126353	1	0
0.731	5.800	1150	37625.2	686.068	1015.97	809.042	0.107225	0.892775	0.328913	0.543705	0.127381	1	0
0.732	5.800	1150	37406.8	686.075	1015.97	809.041	0.107225	0.892775	0.329028	0.544391	0.126581	1	0
0.733	5.800	1150	37428	686.074	1015.97	809.041	0.107567	0.892433	0.328723	0.544505	0.126772	1	0
0.734	5.800	1150	37473.8	686.074	1015.97	809.041	0.108711	0.891289	0.329599	0.543553	0.126848	1	0
0.735	5.800	1150	37362.1	686.077	1015.97	809.041	0.110997	0.889003	0.329523	0.543896	0.126581	1	0
0.736	5.800	1150	37412.5	686.077	1015.97	809.041	0.109168	0.890832	0.330094	0.543019	0.126886	1	0
0.737	5.800	1150	37426.6	686.078	1015.97	809.041	0.109168	0.890832	0.329523	0.543515	0.126962	1	0
0.738	5.800	1150	37383.1	686.079	1015.97	809.041	0.116255	0.883745	0.329561	0.543591	0.126848	1	0
0.739	5.800	1150	37353.9	686.08	1015.97	809.041	0.119684	0.880316	0.328304	0.544925	0.126772	1	0
0.74	5.800	1150	37044.7	686.087	1015.97	809.04	0.115112	0.884888	0.329523	0.544696	0.125781	1	0
0.741	5.800	1150	36847.2	686.091	1015.97	809.04	0.119342	0.880658	0.32857	0.546182	0.125248	1	0
0.742	5.800	1150	37015.2	686.085	1015.97	809.041	0.118427	0.881573	0.32857	0.545496	0.125934	1	0
0.743	5.800	1150	37115.9	686.082	1015.97	809.041	0.115684	0.884316	0.328875	0.544925	0.1262	1	0
0.744	5.800	1150	36973.5	686.087	1015.97	809.041	0.114883	0.885117	0.328647	0.545725	0.125629	1	0
0.745	5.800	1150	36843.8	686.09	1015.97	809.04	0.119342	0.880658	0.329294	0.545572	0.125133	1	0
0.746	5.800	1150	36843.2	686.09	1015.97	809.04	0.115684	0.884316	0.329447	0.545496	0.125057	1	0
0.747	5.800	1150	36908.4	686.087	1015.97	809.041	0.114198	0.885802	0.330018	0.544848	0.125133	1	0
0.748	5.800	1150	37161.9	686.081	1015.97	809.041	0.117856	0.882144	0.330094	0.543972	0.125934	1	0
0.749	5.800	1150	37173.7	686.08	1015.97	809.041	0.11717	0.88283	0.329637	0.544391	0.125972	1	0
0.75	5.800	1150	37057.3	686.082	1015.97	809.041	0.114769	0.885231	0.330895	0.543553	0.125553	1	0
0.751	5.800	1150	37035.3	686.083	1015.97	809.041	0.117513	0.882487	0.329942	0.544696	0.125362	1	0
0.752	5.800	1150	37091.2	686.082	1015.97	809.041	0.114312	0.885688	0.329409	0.545153	0.125438	1	0
0.753	5.800	1150	37064.6	686.083	1015.97	809.041	0.113169	0.886831	0.328075	0.546639	0.125286	1	0
0.754	5.800	1150	37076.1	686.083	1015.97	809.041	0.108825	0.891175	0.326627	0.547935	0.125438	1	0
0.755	5.800	1150	37001.8	686.084	1015.97	809.041	0.108711	0.891289	0.326665	0.548163	0.125171	1	0
0.756	5.800	1150	36671.8	686.093	1015.97	809.04	0.112026	0.887974	0.32697	0.548811	0.124219	1	0
0.757	5.800	1150	36683.9	686.094	1015.97	809.04	0.113512	0.886488	0.327084	0.548659	0.124257	1	0
0.758	5.800	1150	36681.1	686.093	1015.97	809.04	0.114198	0.885802	0.327465	0.548316	0.124219	1	0
0.759	5.800	1150	36649.5	686.093	1015.97	809.04	0.115112	0.884888	0.32697	0.548773	0.124257	1	0
0.76	5.800	1150	36724.2	686.093	1015.97	809.04	0.116941	0.883059	0.327199	0.548278	0.124524	1	0
0.761	5.800	1150	36868.8	686.089	1015.97	809.04	0.120027	0.879973	0.326322	0.548583	0.125095	1	0
0.762	5.800	1150	36792.7	686.089	1015.97	809.041	0.115684	0.884316	0.326665	0.54843	0.124905	1	0
0.763	5.800	1150	36716.1	686.091	1015.97	809.04	0.115226	0.884774	0.324684	0.550602	0.124714	1	0
0.764	5.800	1150	36739.3	686.091	1015.97	809.04	0.116027	0.883973	0.32415	0.551212	0.124638	1	0
0.765	5.800	1150	36982.7	686.085	1015.97	809.041	0.115341	0.884659	0.323655	0.550983	0.125362	1	0
0.766	5.800	1150	36997.6	686.083	1015.97	809.041	0.114998	0.885002	0.324912	0.549573	0.125514	1	0
0.767	5.800	1150	37032.1	686.08	1015.97	809.041	0.118084	0.881916	0.324836	0.549535	0.125629	1	0
0.768	5.800	1150	37120.2	686.079	1015.97	809.041	0.11797	0.88203	0.32556	0.548506	0.125934	1	0
0.769	5.800	1150	37276.7	686.074	1015.97	809.041	0.120713	0.879287	0.325941	0.547478	0.126581	1	0
0.77	5.800	1150	37374	686.071	1015.97	809.042	0.118084	0.881916	0.32697	0.546144	0.126886	1	0
0.771	5.800	1150	37405.5	686.072	1015.97	809.041	0.112597	0.887403	0.326132	0.546868	0.127	1	0
0.772	5.800	1150	37484.1	686.07	1015.97	809.042	0.11294	0.88706	0.326894	0.545649	0.127458	1	0
0.773	5.800	1150	37477.3	686.069	1015.97	809.042	0.111111	0.888889	0.325979	0.546601	0.12742	1	0
0.774	5.800	1150	37522.9	686.066	1015.97	809.042	0.112711	0.887289	0.324265	0.548316	0.12742	1	0
0.775	5.800	1150	37442.3	686.068	1015.97	809.042	0.113169	0.886831	0.323388	0.549421	0.127191	1	0
0.776	5.800	1150	37503.1	686.067	1015.97	809.042	0.115798	0.884202	0.323236	0.549345	0.12742	1	0
0.777	5.800	1150	37538.4	686.066	1015.97	809.042	0.115912	0.884088	0.32476	0.547554	0.127686	1	0
0.778	5.800	1150	37480.7	686.067	1015.97	809.042	0.11957	0.88043	0.325941	0.546754	0.127305	1	0
0.779	5.800	1150	37732.5	686.061	1015.97	809.042	0.1246	0.8754	0.325217	0.546639	0.128144	1	0
0.78	5.800	1150	37875.2	686.058	1015.97	809.042	0.120256	0.879744	0.324912	0.546411	0.128677	1	0
0.781	5.800	1150	37940.8	686.056	1015.97	809.042	0.117627	0.882373	0.324493	0.546601	0.128906	1	0
0.782	5.800	1150	38153.5	686.051	1015.97	809.042	0.119684	0.880316	0.323464	0.547058	0.129477	1	0
0.783	5.800	1150	38218.8	686.051	1015.97	809.042	0.120142	0.879858	0.32476	0.545496	0.129744	1	0
0.784	5.800	1150	38088.7	686.054	1015.97	809.042	0.123571	0.876429	0.32556	0.545306	0.129134	1	0
0.785	5.800	1150	38287.5	686.049	1015.97	809.043	0.122085	0.877915	0.325751	0.544391	0.129858	1	0
0.786	5.800	1150	38053.1	686.055	1015.97	809.042	0.121285	0.878715	0.325446	0.545572	0.128982	1	0
0.787	5.800	1150	37956.6	686.058	1015.97	809.042	0.119684	0.880316	0.324798	0.546525	0.128677	1	0
0.788	5.800	1150	37711.2	686.064	1015.97	809.042	0.11957	0.88043	0.324188	0.548049	0.127763	1	0
0.789	5.800	1150	37727.7	686.063	1015.97	809.042	0.119913	0.880087	0.323693	0.548506	0.127801	1	0
0.79	5.800	1150	37674.7	686.065	1015.97	809.042	0.117284	0.882716	0.322588	0.549954	0.127458	1	0
0.791	5.800	1150	37665.5	686.066	1015.97	809.042	0.115226	0.884774	0.323007	0.549535	0.127458	1	0
0.792	5.800	1150	37534.5	686.069	1015.97	809.042	0.112254	0.887746	0.321826	0.551097	0.127077	1	0
0.793	5.800	1150	37442.8	686.072	1015.97	809.041	0.106996	0.893004	0.321292	0.552012	0.126696	1	0
0.794	5.800	1150	37454.6	686.072	1015.97	809.041	0.109854	0.890146	0.321216	0.551974	0.12681	1	0
0.795	5.800	1150	37424.6	686.072	1015.97	809.041	0.107796	0.892204	0.32255	0.55064	0.12681	1	0
0.796	5.800	1150	37702.1	686.065	1015.97	809.042	0.112826	0.887174	0.323045	0.549268	0.127686	1	0
0.797	5.800	1150	37864.4	686.062	1015.97	809.042	0.107453	0.892547	0.323998	0.547744	0.128258	1	0
0.798	5.800	1150	37783	686.064	1015.97	809.042	0.106996	0.893004	0.323693	0.548392	0.127915	1	0
0.799	5.800	1150	37736.5	686.065	1015.97	809.042	0.103224	0.896776	0.324074	0.548125	0.127801	1	0
0.8	5.800	1150	37844.6	686.064	1015.97	809.042	0.104481	0.895519	0.323274	0.548659	0.128067	1	0
0.801	5.800	1150	37841.6	686.064	1015.97	809.042	0.108596	0.891404	0.323541	0.548468	0.127991	1	0
0.802	5.800	1150	37749.6	686.067	1015.97	809.041	0.106996	0.893004	0.323807	0.548583	0.12761	1	0
0.803	5.800	1150	37766.8	686.067	1015.97	809.041	0.105624	0.894376	0.323998	0.54843	0.127572	1	0
0.804	5.800	1150	37791.5	686.067	1015.97	809.041	0.108482	0.891518	0.323884	0.548354	0.127763	1	0
0.805	5.800	1150	37835.6	686.066	1015.97	809.042	0.111568	0.888432	0.322588	0.549611	0.127801	1	0
0.806	5.800	1150	37803.6	686.066	1015.97	809.042	0.111911	0.888089	0.323083	0.549192	0.127724	1	0
0.807	5.800	1150	37654.4	686.069	1015.97	809.041	0.110197	0.889803	0.322779	0.549954	0.127267	1	0
0.808	5.800	1150	37611.7	686.07	1015.97	809.041	0.113855	0.886145	0.322283	0.550602	0.127115	1	0
0.809	5.800	1150	37627.7	686.067	1015.97	809.042	0.114083	0.885917	0.321864	0.550907	0.127229	1	0
0.81	5.800	1150	37537.7	686.07	1015.97	809.041	0.110082	0.889918	0.322817	0.550335	0.126848	1	0
0.811	5.800	1150	37515.4	686.073	1015.97	809.041	0.105853	0.894147	0.322169	0.551097	0.126734	1	0
0.812	5.800	1150	37524.4	686.074	1015.97	809.041	0.109739	0.890261	0.32316	0.550145	0.126696	1	0
0.813	5.800	1150	37565.4	686.072	1015.97	809.041	0.109854	0.890146	0.323769	0.549307	0.126924	1	0
0.814	5.800	1150	37591.4	686.071	1015.97	809.041	0.108711	0.891289	0.323426	0.549573	0.127	1	0
0.815	5.800	1150	37471.7	686.074	1015.97	809.041	0.114883	0.885117	0.321712	0.551783	0.126505	1	0
0.816	5.800	1150	37565.4	686.072	1015.97	809.041	0.116484	0.883516	0.32194	0.55125	0.12681	1	0
0.817	5.800	1150	37531.1	686.074	1015.97	809.041	0.114198	0.885802	0.322359	0.550945	0.126696	1	0
0.818	5.800	1150	37682.7	686.07	1015.97	809.041	0.111111	0.888889	0.322055	0.550716	0.127229	1	0
0.819	5.800	1150	37718.1	686.068	1015.97	809.041	0.112597	0.887403	0.323655	0.549116	0.127229	1	0
0.82	5.800	1150	37628.9	686.07	1015.97	809.041	0.111111	0.888889	0.324265	0.548621	0.127115	1	0
0.821	5.800	1150	37432.3	686.076	1015.97	809.041	0.111683	0.888317	0.323884	0.549497	0.126619	1	0
0.822	5.800	1150	37579	686.072	1015.97	809.041	0.111454	0.888546	0.324417	0.54843	0.127153	1	0
0.823	5.800	1150	37688.9	686.07	1015.97	809.041	0.112026	0.887974	0.325179	0.547096	0.127724	1	0
0.824	5.800	1150	38053.7	686.061	1015.97	809.042	0.108368	0.891632	0.325065	0.545991	0.128944	1	0
0.825	5.800	1150	38261.7	686.056	1015.97	809.042	0.111111	0.888889	0.326398	0.54401	0.129592	1	0
0.826	5.800	1150	38268.8	686.055	1015.97	809.042	0.110311	0.889689	0.326932	0.5434	0.129668	1	0
0.827	5.800	1150	38293.1	686.056	1015.97	809.042	0.113397	0.886603	0.32636	0.54401	0.12963	1	0
0.828	5.800	1150	38230.2	686.058	1015.97	809.042	0.113969	0.886031	0.327008	0.543591	0.129401	1	0
0.829	5.800	1150	38090	686.06	1015.97	809.042	0.108139	0.891861	0.327313	0.543705	0.128982	1	0
0.83	5.800	1150	37940.7	686.061	1015.97	809.042	0.112711	0.887289	0.326894	0.544544	0.128563	1	0
0.831	5.800	1150	38151.2	686.056	1015.97	809.042	0.114426	0.885574	0.327351	0.543286	0.129363	1	0
0.832	5.800	1150	38255.2	686.052	1015.97	809.042	0.106539	0.893461	0.327503	0.542791	0.129706	1	0
0.833	5.800	1150	38296.2	686.052	1015.97	809.042	0.110654	0.889346	0.327122	0.543134	0.129744	1	0
0.834	5.800	1150	38512.5	686.045	1015.97	809.043	0.107567	0.892433	0.328342	0.541419	0.130239	1	0
0.835	5.800	1150	38540.2	686.046	1015.97	809.042	0.110768	0.889232	0.327313	0.542486	0.130201	1	0
0.836	5.800	1150	38271.4	686.052	1015.97	809.042	0.107339	0.892661	0.327656	0.543019	0.129325	1	0
0.837	5.800	1150	38299.2	686.052	1015.97	809.042	0.109739	0.890261	0.326779	0.543896	0.129325	1	0
0.838	5.800	1150	38209.4	686.055	1015.97	809.042	0.11214	0.88786	0.325674	0.545306	0.12902	1	0
0.839	5.800	1150	38167.7	686.055	1015.97	809.042	0.112026	0.887974	0.32537	0.545572	0.129058	1	0
0.84	5.800	1150	38150.2	686.056	1015.97	809.042	0.112826	0.887174	0.326741	0.544315	0.128944	1	0
0.841	5.800	1150	38097.2	686.056	1015.97	809.042	0.115112	0.884888	0.325674	0.545572	0.128753	1	0
0.842	5.800	1150	38137.3	686.055	1015.97	809.042	0.11454	0.88546	0.325446	0.545687	0.128868	1	0
0.843	5.800	1150	38356.4	686.048	1015.97	809.042	0.110311	0.889689	0.325408	0.544925	0.129668	1	0
0.844	5.800	1150	38554.6	686.043	1015.97	809.043	0.108482	0.891518	0.325789	0.54382	0.130392	1	0
0.845	5.800	1150	38460.6	686.044	1015.97	809.043	0.109282	0.890718	0.326322	0.543743	0.129934	1	0
0.846	5.800	1150	38302.8	686.048	1015.97	809.042	0.10551	0.89449	0.325674	0.544696	0.12963	1	0
0.847	5.800	1150	38084.9	686.052	1015.97	809.042	0.114083	0.885917	0.323998	0.547173	0.128829	1	0
0.848	5.800	1150	38328.6	686.044	1015.97	809.043	0.109625	0.890375	0.323007	0.547211	0.129782	1	0
0.849	5.800	1150	38490.1	686.041	1015.97	809.043	0.108825	0.891175	0.322626	0.54702	0.130354	1	0
0.85	5.800	1150	38362.2	686.045	1015.97	809.043	0.109282	0.890718	0.323045	0.547249	0.129706	1	0
0.851	5.800	1150	38170.8	686.049	1015.97	809.043	0.113169	0.886831	0.322474	0.548316	0.12921	1	0
0.852	5.800	1150	37984.6	686.053	1015.97	809.042	0.115455	0.884545	0.322855	0.548659	0.128487	1	0
0.853	5.800	1150	37722.4	686.059	1015.97	809.042	0.112369	0.887631	0.323007	0.54923	0.127763	1	0
0.854	5.800	1150	37889.2	686.054	1015.97	809.042	0.109282	0.890718	0.322245	0.549307	0.128448	1	0
0.855	5.800	1150	37809.1	686.057	1015.97	809.042	0.109282	0.890718	0.322588	0.549307	0.128105	1	0
0.856	5.800	1150	37801.8	686.056	1015.97	809.042	0.114883	0.885117	0.32194	0.549916	0.128144	1	0
0.857	5.800	1150	37854.6	686.055	1015.97	809.042	0.116484	0.883516	0.321788	0.549954	0.128258	1	0
0.858	5.800	1150	37699.4	686.059	1015.97	809.042	0.113054	0.886946	0.321445	0.550678	0.127877	1	0
0.859	5.800	1150	37769.8	686.057	1015.97	809.042	0.114198	0.885802	0.321026	0.550831	0.128144	1	0
0.86	5.800	1150	37414.1	686.067	1015.97	809.042	0.120256	0.879744	0.321902	0.551174	0.126924	1	0
0.861	5.800	1150	37443.9	686.064	1015.97	809.042	0.119913	0.880087	0.323236	0.549459	0.127305	1	0
0.862	5.800	1150	37738.4	686.058	1015.97	809.042	0.121742	0.878258	0.323007	0.548849	0.128144	1	0
0.863	5.800	1150	37969.9	686.053	1015.97	809.042	0.1238	0.8762	0.323693	0.547478	0.128829	1	0
0.864	5.800	1150	37608.4	686.061	1015.97	809.042	0.122085	0.877915	0.324569	0.547706	0.127724	1	0
0.865	5.800	1150	37623.2	686.062	1015.97	809.042	0.118999	0.881001	0.323845	0.548278	0.127877	1	0
0.866	5.800	1150	37836.3	686.056	1015.97	809.042	0.113626	0.886374	0.323807	0.547668	0.128525	1	0
0.867	5.800	1150	37680.6	686.061	1015.97	809.042	0.111797	0.888203	0.323655	0.548278	0.128067	1	0
0.868	5.800	1150	37540.5	686.065	1015.97	809.042	0.118541	0.881459	0.324226	0.548087	0.127686	1	0
0.869	5.800	1150	37904.7	686.056	1015.97	809.042	0.120142	0.879858	0.323807	0.547096	0.129096	1	0
0.87	5.800	1150	37844.9	686.059	1015.97	809.042	0.118198	0.881802	0.324226	0.546982	0.128791	1	0
0.871	5.800	1150	37662	686.062	1015.97	809.042	0.119684	0.880316	0.323693	0.548011	0.128296	1	0
0.872	5.800	1150	37814.6	686.058	1015.97	809.042	0.117398	0.882602	0.32396	0.547401	0.128639	1	0
0.873	5.800	1150	37843.6	686.058	1015.97	809.042	0.114312	0.885688	0.324265	0.546982	0.128753	1	0
0.874	5.800	1150	37870.6	686.056	1015.97	809.042	0.110425	0.889575	0.324074	0.547096	0.128829	1	0
0.875	5.800	1150	37812.9	686.057	1015.97	809.042	0.112026	0.887974	0.324188	0.547211	0.128601	1	0
0.876	5.800	1150	37796	686.056	1015.97	809.042	0.111225	0.888775	0.324226	0.547173	0.128601	1	0
0.877	5.800	1150	37689.1	686.06	1015.97	809.042	0.116598	0.883402	0.324188	0.547782	0.128029	1	0
0.878	5.800	1150	37811.8	686.057	1015.97	809.042	0.117627	0.882373	0.324531	0.547135	0.128334	1	0
0.879	5.800	1150	37728.8	686.059	1015.97	809.042	0.11454	0.88546	0.324455	0.547439	0.128105	1	0
0.88	5.800	1150	37629.5	686.061	1015.97	809.042	0.119113	0.880887	0.324226	0.547935	0.127839	1	0
0.881	5.800	1150	37634	686.062	1015.97	809.042	0.113283	0.886717	0.32316	0.549002	0.127839	1	0
0.882	5.800	1150	37540	686.065	1015.97	809.042	0.110082	0.889918	0.323083	0.549307	0.12761	1	0
0.883	5.800	1150	37658.1	686.063	1015.97	809.042	0.112597	0.887403	0.323388	0.548544	0.128067	1	0
0.884	5.800	1150	37545.8	686.066	1015.97	809.042	0.112483	0.887517	0.323579	0.548697	0.127724	1	0
0.885	5.800	1150	37574.6	686.066	1015.97	809.042	0.114198	0.885802	0.323884	0.548392	0.127724	1	0
0.886	5.800	1150	37600.7	686.065	1015.97	809.042	0.113855	0.886145	0.323922	0.54824	0.127839	1	0
0.887	5.800	1150	37602.2	686.065	1015.97	809.042	0.108368	0.891632	0.323731	0.548278	0.127991	1	0
0.888	5.800	1150	37600.7	686.065	1015.97	809.042	0.11374	0.88626	0.323845	0.548201	0.127953	1	0
0.889	5.800	1150	37775.9	686.061	1015.97	809.042	0.112826	0.887174	0.323807	0.547516	0.128677	1	0
0.89	5.800	1150	37776.3	686.058	1015.97	809.042	0.116941	0.883059	0.323693	0.547706	0.128601	1	0
0.891	5.800	1150	37714.2	686.06	1015.97	809.042	0.11454	0.88546	0.323731	0.547782	0.128487	1	0
0.892	5.800	1150	37434.5	686.068	1015.97	809.042	0.113626	0.886374	0.322931	0.549611	0.127458	1	0
0.893	5.800	1150	37416.5	686.069	1015.97	809.042	0.113512	0.886488	0.323388	0.54904	0.127572	1	0
0.894	5.800	1150	37397.2	686.069	1015.97	809.042	0.110425	0.889575	0.323198	0.549383	0.12742	1	0
0.895	5.800	1150	37421.8	686.069	1015.97	809.042	0.107225	0.892775	0.323807	0.548659	0.127534	1	0
0.896	5.800	1150	37309.7	686.072	1015.97	809.042	0.107682	0.892318	0.32415	0.548659	0.127191	1	0
0.897	5.800	1150	37373.5	686.07	1015.97	809.042	0.105853	0.894147	0.325255	0.547439	0.127305	1	0
0.898	5.800	1150	37382.5	686.07	1015.97	809.042	0.110425	0.889575	0.325598	0.547249	0.127153	1	0
0.899	5.800	1150	37323.1	686.071	1015.97	809.042	0.110311	0.889689	0.32556	0.547478	0.126962	1	0
0.9	5.800	1150	37230.9	686.072	1015.97	809.042	0.114083	0.885917	0.324188	0.549192	0.126619	1	0
0.901	5.800	1150	37244.9	686.072	1015.97	809.042	0.112597	0.887403	0.324303	0.548925	0.126772	1	0
0.902	5.800	1150	37276	686.072	1015.97	809.042	0.109511	0.890489	0.322893	0.550221	0.126886	1	0
0.903	5.800	1150	37357.3	686.071	1015.97	809.042	0.108368	0.891632	0.324036	0.548925	0.127039	1	0
0.904	5.800	1150	37294.4	686.074	1015.97	809.041	0.106996	0.893004	0.325332	0.547706	0.126962	1	0
0.905	5.800	1150	37144.3	686.077	1015.97	809.041	0.106081	0.893919	0.326437	0.546982	0.126581	1	0
0.906	5.800	1150	37228.2	686.075	1015.97	809.041	0.10631	0.89369	0.325522	0.547782	0.126696	1	0
0.907	5.800	1150	37094	686.078	1015.97	809.041	0.106424	0.893576	0.325522	0.548354	0.126124	1	0
0.908	5.800	1150	37037.6	686.079	1015.97	809.041	0.106996	0.893004	0.325713	0.548278	0.12601	1	0
0.909	5.800	1150	37229	686.075	1015.97	809.041	0.104595	0.895405	0.325255	0.548125	0.126619	1	0
0.91	5.800	1150	37508	686.069	1015.97	809.042	0.108711	0.891289	0.325408	0.547135	0.127458	1	0
0.911	5.800	1150	37466	686.068	1015.97	809.042	0.108025	0.891975	0.326132	0.546487	0.127381	1	0
0.912	5.800	1150	37425.9	686.068	1015.97	809.042	0.112026	0.887974	0.326513	0.546296	0.127191	1	0
0.913	5.800	1150	37417.4	686.07	1015.97	809.042	0.115455	0.884545	0.326665	0.54622	0.127115	1	0
0.914	5.800	1150	37548.5	686.067	1015.97	809.042	0.11454	0.88546	0.326589	0.545801	0.12761	1	0
0.915	5.800	1150	37437.4	686.07	1015.97	809.042	0.116255	0.883745	0.325941	0.546868	0.127191	1	0
0.916	5.800	1150	37312.9	686.072	1015.97	809.041	0.113283	0.886717	0.326437	0.546944	0.126619	1	0
0.917	5.800	1150	37452.2	686.068	1015.97	809.042	0.109625	0.890375	0.326665	0.54622	0.127115	1	0
0.918	5.800	1150	37485.6	686.067	1015.97	809.042	0.114198	0.885802	0.326398	0.546373	0.127229	1	0
0.919	5.800	1150	37636.3	686.063	1015.97	809.042	0.11054	0.88946	0.325979	0.546373	0.127648	1	0
0.92	5.800	1150	37338.8	686.07	1015.97	809.042	0.115455	0.884545	0.326894	0.546411	0.126696	1	0
0.921	5.800	1150	37278.6	686.071	1015.97	809.042	0.112826	0.887174	0.32716	0.546334	0.126505	1	0
0.922	5.800	1150	37383.7	686.068	1015.97	809.042	0.109625	0.890375	0.327694	0.545458	0.126848	1	0
0.923	5.800	1150	37277.5	686.069	1015.97	809.042	0.113397	0.886603	0.328494	0.544963	0.126543	1	0
0.924	5.800	1150	37327.4	686.071	1015.97	809.042	0.117513	0.882487	0.328494	0.544886	0.126619	1	0
0.925	5.800	1150	37210.8	686.073	1015.97	809.042	0.116027	0.883973	0.327732	0.545991	0.126276	1	0
0.926	5.800	1150	37256.2	686.072	1015.97	809.042	0.115341	0.884659	0.327961	0.54561	0.126429	1	0
0.927	5.800	1150	37306.9	686.071	1015.97	809.042	0.115684	0.884316	0.327732	0.545687	0.126581	1	0
0.928	5.800	1150	37286.2	686.072	1015.97	809.042	0.114769	0.885231	0.32716	0.546563	0.126276	1	0
0.929	5.800	1150	37441.1	686.069	1015.97	809.042	0.109739	0.890261	0.327389	0.545953	0.126658	1	0
0.93	5.800	1150	37238.3	686.074	1015.97	809.041	0.110425	0.889575	0.327122	0.546906	0.125972	1	0
0.931	5.800	1150	37357.8	686.071	1015.97	809.041	0.108139	0.891861	0.327503	0.54603	0.126467	1	0
0.932	5.800	1150	37435.8	686.069	1015.97	809.042	0.112369	0.887631	0.328151	0.545229	0.126619	1	0
0.933	5.800	1150	37253.2	686.074	1015.97	809.041	0.106653	0.893347	0.32777	0.546068	0.126162	1	0
0.934	5.800	1150	37312.7	686.073	1015.97	809.041	0.11454	0.88546	0.328266	0.54542	0.126315	1	0
0.935	5.800	1150	37125.5	686.077	1015.97	809.041	0.115569	0.884431	0.328685	0.545382	0.125934	1	0
0.936	5.800	1150	37290.6	686.072	1015.97	809.042	0.11877	0.88123	0.328037	0.54542	0.126543	1	0
0.937	5.800	1150	37305.7	686.07	1015.97	809.042	0.114998	0.885002	0.328647	0.544696	0.126658	1	0
0.938	5.800	1150	37361.5	686.067	1015.97	809.042	0.115684	0.884316	0.329028	0.544162	0.12681	1	0
0.939	5.800	1150	37267.9	686.068	1015.97	809.042	0.114769	0.885231	0.328418	0.545039	0.126543	1	0
0.94	5.800	1150	37199.9	686.071	1015.97	809.042	0.114198	0.885802	0.329256	0.544467	0.126276	1	0
0.941	5.800	1150	37186.5	686.071	1015.97	809.042	0.114883	0.885117	0.329294	0.544391	0.126315	1	0
0.942	5.800	1150	37237.1	686.071	1015.97	809.042	0.111568	0.888432	0.328151	0.545496	0.126353	1	0
0.943	5.800	1150	37172.9	686.072	1015.97	809.042	0.115569	0.884431	0.326665	0.547249	0.126086	1	0
0.944	5.800	1150	37298.4	686.069	1015.97	809.042	0.116598	0.883402	0.32777	0.545687	0.126543	1	0
0.945	5.800	1150	37075.7	686.076	1015.97	809.041	0.11374	0.88626	0.327656	0.546411	0.125934	1	0
0.946	5.800	1150	37192.3	686.071	1015.97	809.042	0.114198	0.885802	0.32758	0.54603	0.126391	1	0
0.947	5.800	1150	37091.5	686.074	1015.97	809.042	0.113626	0.886374	0.326818	0.547135	0.126048	1	0
0.948	5.800	1150	36998.7	686.075	1015.97	809.042	0.110311	0.889689	0.327808	0.546639	0.125553	1	0
0.949	5.800	1150	36986.1	686.074	1015.97	809.042	0.113283	0.886717	0.326818	0.547744	0.125438	1	0
0.95	5.800	1150	36858	686.08	1015.97	809.041	0.111911	0.888089	0.327122	0.547935	0.124943	1	0
0.951	5.800	1150	37042.2	686.076	1015.97	809.042	0.109053	0.890947	0.327427	0.546944	0.125629	1	0
0.952	5.800	1150	37187	686.072	1015.97	809.042	0.107453	0.892547	0.326665	0.547325	0.12601	1	0
0.953	5.800	1150	36899.7	686.08	1015.97	809.041	0.109053	0.890947	0.32697	0.548011	0.125019	1	0
0.954	5.800	1150	36744.7	686.084	1015.97	809.041	0.108139	0.891861	0.327961	0.547439	0.1246	1	0
0.955	5.800	1150	36638.2	686.086	1015.97	809.041	0.109854	0.890146	0.327351	0.54824	0.124409	1	0
0.956	5.800	1150	36618.8	686.087	1015.97	809.041	0.110654	0.889346	0.327427	0.54824	0.124333	1	0
0.957	5.800	1150	36690.4	686.085	1015.97	809.041	0.112711	0.887289	0.327961	0.547478	0.124562	1	0
0.958	5.800	1150	36587	686.089	1015.97	809.041	0.116598	0.883402	0.328189	0.547897	0.123914	1	0
0.959	5.800	1150	36714.6	686.085	1015.97	809.041	0.120027	0.879973	0.328189	0.547516	0.124295	1	0
0.96	5.800	1150	36730.6	686.084	1015.97	809.041	0.117741	0.882259	0.327732	0.547935	0.124333	1	0
0.961	5.800	1150	36733.3	686.084	1015.97	809.041	0.115341	0.884659	0.327275	0.548392	0.124333	1	0
0.962	5.800	1150	36684.8	686.085	1015.97	809.041	0.109968	0.890032	0.328075	0.547782	0.124143	1	0
0.963	5.800	1150	36742.4	686.084	1015.97	809.041	0.112369	0.887631	0.328075	0.547744	0.124181	1	0
0.964	5.800	1150	36966.6	686.079	1015.97	809.041	0.115112	0.884888	0.327122	0.548125	0.124752	1	0
0.965	5.800	1150	37021.3	686.079	1015.97	809.041	0.113283	0.886717	0.326627	0.548354	0.125019	1	0
0.966	5.800	1150	37060.2	686.079	1015.97	809.041	0.11054	0.88946	0.326818	0.547973	0.12521	1	0
0.967	5.800	1150	37000.8	686.08	1015.97	809.041	0.11214	0.88786	0.327008	0.547859	0.125133	1	0
0.968	5.800	1150	37324.7	686.072	1015.97	809.041	0.111225	0.888775	0.32617	0.54763	0.1262	1	0
0.969	5.800	1150	36909.2	686.083	1015.97	809.041	0.10791	0.89209	0.326437	0.548735	0.124829	1	0
0.97	5.800	1150	36892.1	686.084	1015.97	809.041	0.107682	0.892318	0.326017	0.549497	0.124486	1	0
0.971	5.800	1150	37197.7	686.076	1015.97	809.041	0.113283	0.886717	0.324798	0.549649	0.125553	1	0
0.972	5.800	1150	37003.3	686.081	1015.97	809.041	0.115569	0.884431	0.324226	0.550945	0.124829	1	0
0.973	5.800	1150	37132.5	686.077	1015.97	809.041	0.117856	0.882144	0.325103	0.549764	0.125133	1	0
0.974	5.800	1150	37009.7	686.081	1015.97	809.041	0.118884	0.881116	0.324646	0.550869	0.124486	1	0
0.975	5.800	1150	37048.6	686.08	1015.97	809.041	0.115798	0.884202	0.323998	0.551364	0.124638	1	0
0.976	5.800	1150	37187.3	686.076	1015.97	809.041	0.115912	0.884088	0.32396	0.550945	0.125095	1	0
0.977	5.800	1150	37256.3	686.074	1015.97	809.041	0.117055	0.882945	0.323922	0.550678	0.1254	1	0
0.978	5.800	1150	37148.2	686.077	1015.97	809.041	0.116484	0.883516	0.32396	0.550945	0.125095	1	0
0.979	5.800	1150	37186.1	686.076	1015.97	809.041	0.117513	0.882487	0.32495	0.549916	0.125133	1	0
0.98	5.800	1150	37201.9	686.075	1015.97	809.041	0.118999	0.881001	0.325484	0.549154	0.125362	1	0
0.981	5.800	1150	37052.6	686.078	1015.97	809.041	0.114655	0.885345	0.325293	0.54984	0.124867	1	0
0.982	5.800	1150	37202.7	686.073	1015.97	809.042	0.113054	0.886946	0.325674	0.549116	0.12521	1	0
0.983	5.800	1150	37260.1	686.074	1015.97	809.041	0.116027	0.883973	0.326589	0.547973	0.125438	1	0
0.984	5.800	1150	37195.4	686.075	1015.97	809.041	0.113855	0.886145	0.326856	0.54782	0.125324	1	0
0.985	5.800	1150	37201.5	686.073	1015.97	809.042	0.119227	0.880773	0.326779	0.547782	0.125438	1	0
0.986	5.800	1150	36983.2	686.079	1015.97	809.041	0.112254	0.887746	0.326475	0.548811	0.124714	1	0
0.987	5.800	1150	36999.1	686.079	1015.97	809.041	0.110768	0.889232	0.326132	0.548964	0.124905	1	0
0.988	5.800	1150	36982	686.081	1015.97	809.041	0.114883	0.885117	0.326094	0.549116	0.12479	1	0
0.989	5.800	1150	37119.5	686.076	1015.97	809.041	0.109625	0.890375	0.325255	0.549459	0.125286	1	0
0.99	5.800	1150	37027.2	686.079	1015.97	809.041	0.109053	0.890947	0.325027	0.550107	0.124867	1	0
0.991	5.800	1150	37181.3	686.076	1015.97	809.041	0.11294	0.88706	0.325141	0.549535	0.125324	1	0
0.992	5.800	1150	37062.7	686.078	1015.97	809.041	0.113512	0.886488	0.325827	0.549268	0.124905	1	0
0.993	5.800	1150	37191.3	686.075	1015.97	809.041	0.110425	0.889575	0.324912	0.549688	0.1254	1	0
0.994	5.800	1150	37398.2	686.07	1015.97	809.042	0.112711	0.887289	0.325103	0.548811	0.126086	1	0
0.995	5.800	1150	37500.1	686.066	1015.97	809.042	0.105624	0.894376	0.325903	0.547668	0.126429	1	0
0.996	5.800	1150	37310.1	686.072	1015.97	809.042	0.112254	0.887746	0.325522	0.548583	0.125895	1	0
0.997	5.800	1150	37113.8	686.077	1015.97	809.041	0.116027	0.883973	0.324836	0.549954	0.12521	1	0
0.998	5.800	1150	37235.8	686.075	1015.97	809.041	0.116484	0.883516	0.324493	0.54984	0.125667	1	0
0.999	5.800	1150	37242.5	686.076	1015.97	809.041	0.11054	0.88946	0.324874	0.549459	0.125667	1	0
