time	pCa	hs_length	force	passive_force	a_fil_length	m_fil_length	a_pop_0	a_pop_1	m_pop_0	m_pop_1	m_pop_2	c_pop_0	c_pop_1
0.001	4.500	1150	686.977	686.977	1015.88	809.001	0.384545	0.615455	0.991389	0.00861149	0	1	0
0.002	4.500	1150	699.696	686.977	1015.88	809.001	0.220393	0.779607	0.982434	0.0175278	3.81039e-05	1	0
0.003	4.500	1150	775.996	686.975	1015.88	809.001	0.188957	0.811043	0.971879	0.0278159	0.000304832	1	0
0.004	4.500	1150	818.588	686.974	1015.88	809.001	0.16198	0.83802	0.962125	0.0374181	0.000457247	1	0
0.005	4.500	1150	912.631	686.971	1015.88	809.002	0.144719	0.855281	0.952141	0.0470584	0.000800183	1	0
0.006	4.500	1150	970.054	686.97	1015.88	809.002	0.136488	0.863512	0.942958	0.0560509	0.000990703	1	0
0.007	4.500	1150	1035.96	686.968	1015.88	809.002	0.124143	0.875857	0.933204	0.0655769	0.00121933	1	0
0.008	4.500	1150	1171.79	686.965	1015.88	809.002	0.122085	0.877915	0.923906	0.0743789	0.00171468	1	0
0.009	4.500	1150	1291.78	686.962	1015.88	809.002	0.11957	0.88043	0.915943	0.0818854	0.00217193	1	0
0.01	4.500	1150	1470.35	686.958	1015.88	809.002	0.114655	0.885345	0.90695	0.0902683	0.00278159	1	0
0.011	4.500	1150	1550.68	686.955	1015.88	809.002	0.118313	0.881687	0.89891	0.0980415	0.00304832	1	0
0.012	4.500	1150	1714.76	686.952	1015.88	809.002	0.116255	0.883745	0.890489	0.105929	0.00358177	1	0
0.013	4.500	1150	1906.32	686.947	1015.88	809.003	0.114883	0.885117	0.883059	0.112711	0.00422954	1	0
0.014	4.500	1150	1997.75	686.944	1015.88	809.003	0.117856	0.882144	0.874676	0.120713	0.00461058	1	0
0.015	4.500	1150	2191.66	686.939	1015.88	809.003	0.115684	0.884316	0.866484	0.12822	0.00529645	1	0
0.016	4.500	1150	2421.83	686.934	1015.88	809.003	0.111568	0.888432	0.858444	0.135498	0.00605853	1	0
0.017	4.500	1150	2579.62	686.93	1015.88	809.003	0.114312	0.885688	0.850975	0.142433	0.00659198	1	0
0.018	4.500	1150	2853.41	686.923	1015.88	809.004	0.113283	0.886717	0.843698	0.148758	0.00754458	1	0
0.019	4.500	1150	3053.71	686.919	1015.88	809.004	0.108253	0.891747	0.836305	0.155464	0.00823045	1	0
0.02	4.500	1150	3297.69	686.913	1015.88	809.004	0.111225	0.888775	0.829104	0.161751	0.00914495	1	0
0.021	4.500	1150	3584.91	686.907	1015.88	809.004	0.105853	0.894147	0.821521	0.168305	0.0101738	1	0
0.022	4.500	1150	3872.99	686.9	1015.88	809.005	0.103452	0.896548	0.814624	0.174249	0.0111264	1	0
0.023	4.500	1150	4139.89	686.893	1015.88	809.005	0.105738	0.894262	0.807689	0.18027	0.0120408	1	0
0.024	4.500	1150	4365	686.887	1015.89	809.005	0.106767	0.893233	0.799611	0.187548	0.012841	1	0
0.025	4.500	1150	4717.88	686.878	1015.89	809.006	0.105053	0.894947	0.792829	0.193149	0.0140223	1	0
0.026	4.500	1150	5063.59	686.87	1015.89	809.006	0.104024	0.895976	0.785284	0.19955	0.0151654	1	0
0.027	4.500	1150	5375.18	686.862	1015.89	809.006	0.102881	0.897119	0.778845	0.204847	0.0163085	1	0
0.028	4.500	1150	5632	686.856	1015.89	809.007	0.107225	0.892775	0.771643	0.211172	0.0171849	1	0
0.029	4.500	1150	5918.93	686.848	1015.89	809.007	0.103909	0.896091	0.765966	0.215821	0.0182137	1	0
0.03	4.500	1150	6232.41	686.84	1015.89	809.007	0.102881	0.897119	0.760593	0.220165	0.0192425	1	0
0.031	4.500	1150	6489.45	686.833	1015.89	809.008	0.0981939	0.901806	0.754039	0.225918	0.0200427	1	0
0.032	4.500	1150	6710.22	686.828	1015.89	809.008	0.101166	0.898834	0.74798	0.231215	0.0208048	1	0
0.033	4.500	1150	6929.53	686.824	1015.89	809.008	0.100823	0.899177	0.741007	0.237388	0.0216049	1	0
0.034	4.500	1150	7206.99	686.817	1015.89	809.008	0.0979652	0.902035	0.734644	0.242722	0.0226337	1	0
0.035	4.500	1150	7292.64	686.816	1015.89	809.008	0.0991084	0.900892	0.728166	0.248781	0.0230529	1	0
0.036	4.500	1150	7726.14	686.804	1015.89	809.009	0.0948788	0.905121	0.722603	0.252705	0.0246914	1	0
0.037	4.500	1150	8070.39	686.795	1015.89	809.009	0.0955647	0.904435	0.716469	0.257659	0.0258726	1	0
0.038	4.500	1150	8425.23	686.786	1015.9	809.01	0.0984225	0.901578	0.710982	0.261888	0.02713	1	0
0.039	4.500	1150	8837.2	686.776	1015.9	809.01	0.0962506	0.903749	0.705838	0.265585	0.028578	1	0
0.04	4.500	1150	9165.2	686.768	1015.9	809.01	0.0951075	0.904893	0.699703	0.270576	0.0297211	1	0
0.041	4.500	1150	9519.04	686.76	1015.9	809.011	0.0913352	0.908665	0.694254	0.274806	0.0309404	1	0
0.042	4.500	1150	9875.43	686.751	1015.9	809.011	0.092021	0.907979	0.689377	0.278616	0.0320073	1	0
0.043	4.500	1150	10190.3	686.744	1015.9	809.012	0.0932785	0.906722	0.685719	0.281207	0.0330742	1	0
0.044	4.500	1150	10337.3	686.74	1015.9	809.012	0.0948788	0.905121	0.680956	0.28536	0.0336839	1	0
0.045	4.500	1150	10596.8	686.734	1015.9	809.012	0.09385	0.90615	0.674783	0.290657	0.0345603	1	0
0.046	4.500	1150	10936.8	686.725	1015.9	809.012	0.0906493	0.909351	0.669982	0.294239	0.0357796	1	0
0.047	4.500	1150	11235.1	686.717	1015.9	809.013	0.0922497	0.90775	0.666057	0.297173	0.0367703	1	0
0.048	4.500	1150	11479.2	686.711	1015.9	809.013	0.0928212	0.907179	0.661408	0.300983	0.0376086	1	0
0.049	4.500	1150	11815.7	686.703	1015.9	809.013	0.0977366	0.902263	0.657103	0.304184	0.0387136	1	0
0.05	4.500	1150	12019.2	686.697	1015.91	809.014	0.0957933	0.904207	0.65112	0.30948	0.0393995	1	0
0.051	4.500	1150	12209.1	686.692	1015.91	809.014	0.0914495	0.908551	0.645709	0.314167	0.0401235	1	0
0.052	4.500	1150	12659	686.681	1015.91	809.014	0.0893919	0.910608	0.640413	0.317901	0.0416857	1	0
0.053	4.500	1150	12977.6	686.673	1015.91	809.015	0.092021	0.907979	0.636869	0.32034	0.0427907	1	0
0.054	4.500	1150	13203.8	686.667	1015.91	809.015	0.0932785	0.906722	0.632297	0.324112	0.0435909	1	0
0.055	4.500	1150	13597.8	686.658	1015.91	809.015	0.0871056	0.912894	0.625629	0.329447	0.0449246	1	0
0.056	4.500	1150	13785.7	686.655	1015.91	809.016	0.0891632	0.910837	0.619951	0.334438	0.0456104	1	0
0.057	4.500	1150	14037.1	686.649	1015.91	809.016	0.086877	0.913123	0.615569	0.337982	0.0464487	1	0
0.058	4.500	1150	14391.4	686.64	1015.91	809.016	0.0877915	0.912209	0.610844	0.341411	0.0477442	1	0
0.059	4.500	1150	14777.3	686.63	1015.91	809.017	0.0880201	0.91198	0.605548	0.345298	0.0491541	1	0
0.06	4.500	1150	15117	686.622	1015.91	809.017	0.0851623	0.914838	0.599261	0.350404	0.0503353	1	0
0.061	4.500	1150	15256.2	686.617	1015.91	809.017	0.0882487	0.911751	0.594841	0.354176	0.0509831	1	0
0.062	4.500	1150	15623.1	686.608	1015.91	809.018	0.0871056	0.912894	0.591602	0.356234	0.0521643	1	0
0.063	4.500	1150	15919.5	686.601	1015.92	809.018	0.0845908	0.915409	0.588211	0.35852	0.0532693	1	0
0.064	4.500	1150	16005.5	686.598	1015.92	809.018	0.0864198	0.91358	0.58421	0.362178	0.0536123	1	0
0.065	4.500	1150	16382.3	686.588	1015.92	809.019	0.088706	0.911294	0.580895	0.364198	0.0549078	1	0
0.066	4.500	1150	16620.3	686.582	1015.92	809.019	0.0843621	0.915638	0.578647	0.365531	0.0558223	1	0
0.067	4.500	1150	16870.8	686.576	1015.92	809.019	0.086877	0.913123	0.574493	0.368808	0.0566987	1	0
0.068	4.500	1150	17190.3	686.568	1015.92	809.02	0.0873342	0.912666	0.570226	0.372047	0.0577275	1	0
0.069	4.500	1150	17420.2	686.562	1015.92	809.02	0.0893919	0.910608	0.566644	0.374752	0.0586039	1	0
0.07	4.500	1150	17550.4	686.558	1015.92	809.02	0.0892775	0.910722	0.563367	0.377648	0.0589849	1	0
0.071	4.500	1150	17605.9	686.557	1015.92	809.02	0.0879058	0.912094	0.558147	0.38264	0.0592135	1	0
0.072	4.500	1150	17702.3	686.554	1015.92	809.02	0.083219	0.916781	0.554565	0.385879	0.0595565	1	0
0.073	4.500	1150	17774.5	686.551	1015.92	809.02	0.0807042	0.919296	0.551555	0.388546	0.0598994	1	0
0.074	4.500	1150	18334.5	686.538	1015.92	809.021	0.079904	0.920096	0.548735	0.389346	0.0619189	1	0
0.075	4.500	1150	18580.6	686.533	1015.92	809.021	0.0752172	0.924783	0.545306	0.391975	0.0627191	1	0
0.076	4.500	1150	18886.3	686.525	1015.92	809.021	0.0805898	0.91941	0.541991	0.394185	0.0638241	1	0
0.077	4.500	1150	19107	686.521	1015.92	809.022	0.0810471	0.918953	0.538409	0.396967	0.0646243	1	0
0.078	4.500	1150	19271.4	686.517	1015.92	809.022	0.0812757	0.918724	0.533417	0.401387	0.0651959	1	0
0.079	4.500	1150	19589.5	686.508	1015.92	809.022	0.0834476	0.916552	0.531664	0.401997	0.066339	1	0
0.08	4.500	1150	19708.9	686.504	1015.92	809.022	0.0844765	0.915524	0.528045	0.405235	0.06672	1	0
0.081	4.500	1150	19861.5	686.501	1015.93	809.023	0.081733	0.918267	0.524501	0.408246	0.0672535	1	0
0.082	4.500	1150	20084.7	686.496	1015.93	809.023	0.0858482	0.914152	0.521338	0.410684	0.0679774	1	0
0.083	4.500	1150	20154.8	686.494	1015.93	809.023	0.0841335	0.915866	0.517566	0.41419	0.0682442	1	0
0.084	4.500	1150	20230.4	686.493	1015.93	809.023	0.079904	0.920096	0.514441	0.417086	0.0684728	1	0
0.085	4.500	1150	20469.7	686.488	1015.93	809.023	0.0808185	0.919182	0.511965	0.418877	0.0691587	1	0
0.086	4.500	1150	20808.4	686.479	1015.93	809.023	0.0804755	0.919524	0.509031	0.420668	0.0703018	1	0
0.087	4.500	1150	20967.3	686.476	1015.93	809.024	0.0797897	0.92021	0.505335	0.423754	0.0709114	1	0
0.088	4.500	1150	21115.9	686.472	1015.93	809.024	0.0769319	0.923068	0.502439	0.426116	0.0714449	1	0
0.089	4.500	1150	21408.5	686.466	1015.93	809.024	0.072931	0.927069	0.500076	0.427412	0.0725118	1	0
0.09	4.500	1150	21747.6	686.458	1015.93	809.024	0.0716735	0.928326	0.497904	0.428326	0.0737692	1	0
0.091	4.500	1150	21767.6	686.458	1015.93	809.024	0.06893	0.93107	0.495313	0.430765	0.0739217	1	0
0.092	4.500	1150	22012.7	686.451	1015.93	809.025	0.065615	0.934385	0.492341	0.433013	0.0746456	1	0
0.093	4.500	1150	22261.1	686.446	1015.93	809.025	0.0691587	0.930841	0.488874	0.435566	0.0755601	1	0
0.094	4.500	1150	22368.5	686.444	1015.93	809.025	0.0723594	0.927641	0.485711	0.438272	0.0760174	1	0
0.095	4.500	1150	22508.7	686.44	1015.93	809.025	0.071102	0.928898	0.48312	0.440367	0.0765127	1	0
0.096	4.500	1150	22779.3	686.434	1015.93	809.025	0.0706447	0.929355	0.479386	0.443187	0.0774272	1	0
0.097	4.500	1150	22858.2	686.433	1015.93	809.025	0.0687014	0.931299	0.476185	0.44593	0.0778845	1	0
0.098	4.500	1150	23092.8	686.427	1015.93	809.025	0.0719021	0.928098	0.47348	0.447836	0.0786847	1	0
0.099	4.500	1150	23368.8	686.421	1015.94	809.026	0.071102	0.928898	0.471079	0.449398	0.0795229	1	0
0.1	4.500	1150	23533.5	686.418	1015.94	809.026	0.0705304	0.92947	0.467154	0.452751	0.0800945	1	0
0.101	4.500	1150	23721.3	686.415	1015.94	809.026	0.0733882	0.926612	0.465135	0.454161	0.0807042	1	0
0.102	4.500	1150	24105	686.405	1015.94	809.026	0.0720165	0.927984	0.462582	0.455418	0.0819997	1	0
0.103	4.500	1150	24589.2	686.394	1015.94	809.027	0.0683585	0.931642	0.461248	0.455075	0.0836763	1	0
0.104	4.500	1150	24638.1	686.393	1015.94	809.027	0.0685871	0.931413	0.459229	0.456866	0.0839049	1	0
0.105	4.500	1150	24730.6	686.39	1015.94	809.027	0.0660722	0.933928	0.45679	0.458886	0.084324	1	0
0.106	4.500	1150	25091.9	686.383	1015.94	809.027	0.0696159	0.930384	0.455799	0.458772	0.0854291	1	0
0.107	4.500	1150	25141.3	686.382	1015.94	809.027	0.0683585	0.931642	0.453132	0.461324	0.0855434	1	0
0.108	4.500	1150	25337.8	686.378	1015.94	809.027	0.0716735	0.928326	0.451417	0.462315	0.0862673	1	0
0.109	4.500	1150	25213	686.381	1015.94	809.027	0.0680155	0.931984	0.448598	0.465516	0.0858863	1	0
0.11	4.500	1150	25390.5	686.378	1015.94	809.027	0.0696159	0.930384	0.446959	0.466621	0.0864198	1	0
0.111	4.500	1150	25724.7	686.37	1015.94	809.028	0.0655007	0.934499	0.445892	0.466583	0.0875248	1	0
0.112	4.500	1150	25892.9	686.367	1015.94	809.028	0.0661866	0.933813	0.444559	0.467421	0.0880201	1	0
0.113	4.500	1150	26054.8	686.361	1015.94	809.028	0.067444	0.932556	0.442006	0.469441	0.0885536	1	0
0.114	4.500	1150	26158	686.359	1015.94	809.028	0.0632144	0.936786	0.440482	0.470546	0.0889727	1	0
0.115	4.500	1150	26329.9	686.356	1015.94	809.028	0.0635574	0.936443	0.43831	0.47207	0.0896205	1	0
0.116	4.500	1150	26715.3	686.345	1015.94	809.029	0.0661866	0.933813	0.436214	0.472908	0.0908779	1	0
0.117	4.500	1150	26801.6	686.343	1015.94	809.029	0.0684728	0.931527	0.433013	0.475842	0.0911446	1	0
0.118	4.500	1150	26837.4	686.342	1015.95	809.029	0.0677869	0.932213	0.43126	0.477366	0.0913733	1	0
0.119	4.500	1150	27222.1	686.333	1015.95	809.029	0.0676726	0.932327	0.428936	0.478509	0.0925545	1	0
0.12	4.500	1150	27387.7	686.329	1015.95	809.029	0.0681299	0.93187	0.427641	0.479233	0.093126	1	0
0.121	4.500	1150	27738.3	686.321	1015.95	809.03	0.0663009	0.933699	0.426764	0.47889	0.0943454	1	0
0.122	4.500	1150	27870.2	686.317	1015.95	809.03	0.0697302	0.93027	0.425278	0.479919	0.0948026	1	0
0.123	4.500	1150	28075.4	686.314	1015.95	809.03	0.0661866	0.933813	0.423716	0.480834	0.0954504	1	0
0.124	4.500	1150	28145.9	686.312	1015.95	809.03	0.0684728	0.931527	0.422001	0.482015	0.0959838	1	0
0.125	4.500	1150	28352.6	686.306	1015.95	809.03	0.0660722	0.933928	0.420858	0.482472	0.0966697	1	0
0.126	4.500	1150	28579.9	686.302	1015.95	809.031	0.0657293	0.934271	0.418534	0.484149	0.0973175	1	0
0.127	4.500	1150	28775.6	686.296	1015.95	809.031	0.0653864	0.934614	0.416667	0.485406	0.0979271	1	0
0.128	4.500	1150	29074.3	686.289	1015.95	809.031	0.0673297	0.93267	0.415485	0.485482	0.0990322	1	0
0.129	4.500	1150	29347.1	686.282	1015.95	809.032	0.0659579	0.934042	0.413999	0.486092	0.0999086	1	0
0.13	4.500	1150	29626.4	686.275	1015.95	809.032	0.0648148	0.935185	0.413085	0.486092	0.100823	1	0
0.131	4.500	1150	29687.6	686.273	1015.95	809.032	0.0653864	0.934614	0.411942	0.487083	0.100975	1	0
0.132	4.500	1150	29670.8	686.274	1015.95	809.032	0.0625286	0.937471	0.410799	0.488302	0.100899	1	0
0.133	4.500	1150	29576.7	686.277	1015.95	809.032	0.0642433	0.935757	0.409656	0.489826	0.100518	1	0
0.134	4.500	1150	29792.6	686.271	1015.95	809.032	0.0669867	0.933013	0.407788	0.491007	0.101204	1	0
0.135	4.500	1150	29826.4	686.27	1015.95	809.032	0.0675583	0.932442	0.406302	0.492341	0.101357	1	0
0.136	4.500	1150	29877.5	686.269	1015.95	809.032	0.0697302	0.93027	0.404931	0.493713	0.101357	1	0
0.137	4.500	1150	30229.3	686.259	1015.95	809.033	0.0682442	0.931756	0.404092	0.493484	0.102423	1	0
0.138	4.500	1150	30241.6	686.259	1015.95	809.033	0.0665295	0.933471	0.402454	0.495085	0.102462	1	0
0.139	4.500	1150	30246.1	686.258	1015.95	809.033	0.0705304	0.92947	0.401501	0.495961	0.102538	1	0
0.14	4.500	1150	30420.2	686.254	1015.95	809.033	0.0706447	0.929355	0.401158	0.495656	0.103185	1	0
0.141	4.500	1150	30347.6	686.257	1015.95	809.033	0.0668724	0.933128	0.399825	0.497218	0.102957	1	0
0.142	4.500	1150	30546.7	686.251	1015.95	809.033	0.0666438	0.933356	0.400091	0.49619	0.103719	1	0
0.143	4.500	1150	30741.9	686.246	1015.96	809.033	0.0616141	0.938386	0.399749	0.495999	0.104252	1	0
0.144	4.500	1150	30980.9	686.241	1015.96	809.033	0.0652721	0.934728	0.397767	0.497104	0.105129	1	0
0.145	4.500	1150	31021.7	686.24	1015.96	809.033	0.0592135	0.940786	0.396281	0.498476	0.105243	1	0
0.146	4.500	1150	31237.5	686.236	1015.96	809.034	0.0598994	0.940101	0.394947	0.499124	0.105929	1	0
0.147	4.500	1150	31124.1	686.238	1015.96	809.033	0.0617284	0.938272	0.393347	0.501219	0.105434	1	0
0.148	4.500	1150	31252.9	686.235	1015.96	809.034	0.0629858	0.937014	0.393004	0.501143	0.105853	1	0
0.149	4.500	1150	31377.6	686.231	1015.96	809.034	0.0652721	0.934728	0.392509	0.501257	0.106234	1	0
0.15	4.500	1150	31491.5	686.227	1015.96	809.034	0.063786	0.936214	0.389994	0.503353	0.106653	1	0
0.151	4.500	1150	31598.6	686.224	1015.96	809.034	0.0594422	0.940558	0.387746	0.505106	0.107148	1	0
0.152	4.500	1150	31710.7	686.222	1015.96	809.034	0.0618427	0.938157	0.387631	0.504915	0.107453	1	0
0.153	4.500	1150	31899.4	686.217	1015.96	809.035	0.0620713	0.937929	0.386336	0.505601	0.108063	1	0
0.154	4.500	1150	31785.8	686.22	1015.96	809.034	0.0640146	0.935985	0.385574	0.506554	0.107872	1	0
0.155	4.500	1150	32089.5	686.212	1015.96	809.035	0.0641289	0.935871	0.383478	0.507735	0.108787	1	0
0.156	4.500	1150	32341.3	686.205	1015.96	809.035	0.0623	0.9377	0.383897	0.50644	0.109663	1	0
0.157	4.500	1150	32538.3	686.202	1015.96	809.035	0.0647005	0.935299	0.383516	0.506211	0.110273	1	0
0.158	4.500	1150	32540	686.2	1015.96	809.035	0.0635574	0.936443	0.381916	0.507888	0.110197	1	0
0.159	4.500	1150	32653.7	686.198	1015.96	809.035	0.0648148	0.935185	0.381192	0.508345	0.110463	1	0
0.16	4.500	1150	32618.4	686.2	1015.96	809.035	0.0623	0.9377	0.380925	0.508688	0.110387	1	0
0.161	4.500	1150	32760	686.196	1015.96	809.035	0.0644719	0.935528	0.380049	0.509145	0.110806	1	0
0.162	4.500	1150	32764	686.197	1015.96	809.035	0.0605853	0.939415	0.377229	0.511927	0.110844	1	0
0.163	4.500	1150	32752.1	686.197	1015.96	809.035	0.0626429	0.937357	0.376238	0.513032	0.11073	1	0
0.164	4.500	1150	32998.2	686.191	1015.96	809.036	0.0610425	0.938957	0.375476	0.512955	0.111568	1	0
0.165	4.500	1150	33148.7	686.189	1015.96	809.036	0.0605853	0.939415	0.373228	0.514708	0.112064	1	0
0.166	4.500	1150	33205.6	686.189	1015.96	809.036	0.0608139	0.939186	0.373762	0.514137	0.112102	1	0
0.167	4.500	1150	33337.3	686.187	1015.96	809.036	0.0603567	0.939643	0.37178	0.515623	0.112597	1	0
0.168	4.500	1150	33548.5	686.182	1015.96	809.036	0.0626429	0.937357	0.371361	0.515318	0.113321	1	0
0.169	4.500	1150	33751.8	686.177	1015.96	809.036	0.0659579	0.934042	0.370637	0.51528	0.114083	1	0
0.17	4.500	1150	34017.6	686.169	1015.96	809.036	0.0641289	0.935871	0.369913	0.515013	0.115074	1	0
0.171	4.500	1150	34026.3	686.168	1015.96	809.037	0.0635574	0.936443	0.368961	0.516042	0.114998	1	0
0.172	4.500	1150	34241.5	686.164	1015.96	809.037	0.0608139	0.939186	0.367627	0.51669	0.115684	1	0
0.173	4.500	1150	34505.8	686.157	1015.97	809.037	0.0602423	0.939758	0.367284	0.516004	0.116712	1	0
0.174	4.500	1150	34573.6	686.156	1015.97	809.037	0.0643576	0.935642	0.366789	0.516308	0.116903	1	0
0.175	4.500	1150	34632.8	686.156	1015.97	809.037	0.0594422	0.940558	0.366598	0.51627	0.117132	1	0
0.176	4.500	1150	34599.8	686.156	1015.97	809.037	0.0621856	0.937814	0.366712	0.516004	0.117284	1	0
0.177	4.500	1150	34522.9	686.159	1015.97	809.037	0.0616141	0.938386	0.36656	0.516499	0.116941	1	0
0.178	4.500	1150	34712.1	686.154	1015.97	809.037	0.0625286	0.937471	0.364845	0.517604	0.117551	1	0
0.179	4.500	1150	34976.4	686.148	1015.97	809.037	0.0627572	0.937243	0.364426	0.517299	0.118275	1	0
0.18	4.500	1150	35008.4	686.147	1015.97	809.037	0.0603567	0.939643	0.364159	0.517299	0.118541	1	0
0.181	4.500	1150	34961.7	686.147	1015.97	809.037	0.0613855	0.938615	0.363245	0.518519	0.118237	1	0
0.182	4.500	1150	34736.5	686.152	1015.97	809.037	0.0603567	0.939643	0.361949	0.520576	0.117474	1	0
0.183	4.500	1150	35012.6	686.144	1015.97	809.038	0.0612711	0.938729	0.361149	0.520462	0.118389	1	0
0.184	4.500	1150	35103.6	686.143	1015.97	809.038	0.060471	0.939529	0.359244	0.5221	0.118656	1	0
0.185	4.500	1150	35254.9	686.139	1015.97	809.038	0.0633288	0.936671	0.359015	0.521795	0.119189	1	0
0.186	4.500	1150	35006.9	686.144	1015.97	809.038	0.0609282	0.939072	0.359396	0.521948	0.118656	1	0
0.187	4.500	1150	34860.8	686.145	1015.97	809.038	0.0624143	0.937586	0.359015	0.522824	0.11816	1	0
0.188	4.500	1150	34968.3	686.144	1015.97	809.038	0.0664152	0.933585	0.360197	0.521491	0.118313	1	0
0.189	4.500	1150	35176.5	686.139	1015.97	809.038	0.0632144	0.936786	0.361873	0.519166	0.118961	1	0
0.19	4.500	1150	35584.6	686.129	1015.97	809.038	0.0602423	0.939758	0.361416	0.518176	0.120408	1	0
0.191	4.500	1150	35593.9	686.13	1015.97	809.038	0.0592135	0.940786	0.360349	0.519204	0.120447	1	0
0.192	4.500	1150	35609.8	686.127	1015.97	809.038	0.058299	0.941701	0.359092	0.520462	0.120447	1	0
0.193	4.500	1150	35647.1	686.126	1015.97	809.038	0.0572702	0.94273	0.35833	0.521033	0.120637	1	0
0.194	4.500	1150	35438.6	686.134	1015.97	809.038	0.0597851	0.940215	0.357682	0.522558	0.119761	1	0
0.195	4.500	1150	35172.1	686.14	1015.97	809.038	0.0620713	0.937929	0.356424	0.524729	0.118846	1	0
0.196	4.500	1150	35532.7	686.129	1015.97	809.038	0.0569273	0.943073	0.355548	0.524501	0.119951	1	0
0.197	4.500	1150	35659.7	686.126	1015.97	809.039	0.0581847	0.941815	0.354214	0.525453	0.120332	1	0
0.198	4.500	1150	35916.5	686.118	1015.97	809.039	0.0581847	0.941815	0.353224	0.525492	0.121285	1	0
0.199	4.500	1150	36104.4	686.113	1015.97	809.039	0.0581847	0.941815	0.352614	0.525492	0.121895	1	0
0.2	4.500	1150	36213.7	686.109	1015.97	809.039	0.0587563	0.941244	0.352462	0.525225	0.122314	1	0
0.201	4.500	1150	36231.6	686.108	1015.97	809.04	0.0553269	0.944673	0.351509	0.526139	0.122352	1	0
0.202	4.500	1150	36332.8	686.106	1015.97	809.04	0.0608139	0.939186	0.351433	0.525873	0.122695	1	0
0.203	4.500	1150	36281.1	686.109	1015.97	809.039	0.0562414	0.943759	0.351471	0.525873	0.122657	1	0
0.204	4.500	1150	36399.4	686.106	1015.97	809.039	0.0557842	0.944216	0.350747	0.526101	0.123152	1	0
0.205	4.500	1150	36574.4	686.103	1015.97	809.04	0.0540695	0.94593	0.349947	0.526254	0.1238	1	0
0.206	4.500	1150	36525.1	686.104	1015.97	809.04	0.0545267	0.945473	0.350404	0.525873	0.123724	1	0
0.207	4.500	1150	36642.4	686.101	1015.97	809.04	0.0566987	0.943301	0.349566	0.526254	0.124181	1	0
0.208	4.500	1150	36542.8	686.104	1015.97	809.04	0.0590992	0.940901	0.348689	0.527397	0.123914	1	0
0.209	4.500	1150	36273.2	686.11	1015.97	809.039	0.0580704	0.94193	0.347889	0.529188	0.122923	1	0
0.21	4.500	1150	36492.2	686.105	1015.97	809.04	0.0576132	0.942387	0.347165	0.529188	0.123647	1	0
0.211	4.500	1150	36362.8	686.109	1015.97	809.039	0.058642	0.941358	0.347051	0.529873	0.123076	1	0
0.212	4.500	1150	36452.7	686.106	1015.97	809.039	0.0594422	0.940558	0.346289	0.530331	0.123381	1	0
0.213	4.500	1150	36756.7	686.099	1015.97	809.04	0.0592135	0.940786	0.346517	0.528921	0.124562	1	0
0.214	4.500	1150	36804.5	686.097	1015.97	809.04	0.0556699	0.94433	0.345412	0.529835	0.124752	1	0
0.215	4.500	1150	36960.4	686.093	1015.97	809.04	0.0560128	0.943987	0.34526	0.529416	0.125324	1	0
0.216	4.500	1150	37023.7	686.091	1015.97	809.04	0.056813	0.943187	0.343621	0.530864	0.125514	1	0
0.217	4.500	1150	37226.4	686.087	1015.97	809.04	0.0560128	0.943987	0.342821	0.531093	0.126086	1	0
0.218	4.500	1150	37265.9	686.085	1015.97	809.04	0.0589849	0.941015	0.342745	0.53094	0.126315	1	0
0.219	4.500	1150	37307.2	686.083	1015.97	809.041	0.0584134	0.941587	0.341945	0.531588	0.126467	1	0
0.22	4.500	1150	37264.7	686.086	1015.97	809.04	0.0590992	0.940901	0.341373	0.53235	0.126276	1	0
0.221	4.500	1150	37265.4	686.086	1015.97	809.04	0.0587563	0.941244	0.340916	0.532922	0.126162	1	0
0.222	4.500	1150	37362.8	686.083	1015.97	809.04	0.0609282	0.939072	0.340535	0.533074	0.126391	1	0
0.223	4.500	1150	37387.3	686.084	1015.97	809.04	0.0617284	0.938272	0.340383	0.53315	0.126467	1	0
0.224	4.500	1150	37512.9	686.081	1015.97	809.04	0.0569273	0.943073	0.340154	0.532922	0.126924	1	0
0.225	4.500	1150	37389.6	686.084	1015.97	809.04	0.0576132	0.942387	0.340573	0.532807	0.126619	1	0
0.226	4.500	1150	37211.9	686.088	1015.97	809.04	0.0563557	0.943644	0.338935	0.535094	0.125972	1	0
0.227	4.500	1150	37358.6	686.084	1015.97	809.04	0.0542981	0.945702	0.339011	0.534484	0.126505	1	0
0.228	4.500	1150	37315.5	686.085	1015.97	809.04	0.0528121	0.947188	0.338897	0.534751	0.126353	1	0
0.229	4.500	1150	37359.5	686.083	1015.97	809.04	0.0593278	0.940672	0.339278	0.534065	0.126658	1	0
0.23	4.500	1150	37316.8	686.084	1015.97	809.04	0.0617284	0.938272	0.338668	0.534789	0.126543	1	0
0.231	4.500	1150	37375.5	686.082	1015.97	809.041	0.0558985	0.944102	0.338973	0.534294	0.126734	1	0
0.232	4.500	1150	37546	686.077	1015.97	809.041	0.0585277	0.941472	0.339316	0.533379	0.127305	1	0
0.233	4.500	1150	37590	686.076	1015.97	809.041	0.0612711	0.938729	0.339544	0.53296	0.127496	1	0
0.234	4.500	1150	37597.4	686.074	1015.97	809.041	0.0617284	0.938272	0.339163	0.533379	0.127458	1	0
0.235	4.500	1150	37616	686.074	1015.97	809.041	0.0632144	0.936786	0.339201	0.533303	0.127496	1	0
0.236	4.500	1150	37525.8	686.077	1015.97	809.041	0.060128	0.939872	0.340078	0.532769	0.127153	1	0
0.237	4.500	1150	37442.8	686.077	1015.97	809.041	0.0608139	0.939186	0.339811	0.533189	0.127	1	0
0.238	4.500	1150	37198.3	686.081	1015.97	809.041	0.0614998	0.9385	0.338744	0.53517	0.126086	1	0
0.239	4.500	1150	37080.1	686.084	1015.97	809.041	0.0602423	0.939758	0.337068	0.537075	0.125857	1	0
0.24	4.500	1150	37104.8	686.084	1015.97	809.041	0.0618427	0.938157	0.336915	0.537113	0.125972	1	0
0.241	4.500	1150	37058.2	686.084	1015.97	809.041	0.0581847	0.941815	0.336344	0.537761	0.125895	1	0
0.242	4.500	1150	37035.6	686.086	1015.97	809.041	0.0633288	0.936671	0.335543	0.538637	0.125819	1	0
0.243	4.500	1150	36966.1	686.088	1015.97	809.04	0.0625286	0.937471	0.335239	0.539247	0.125514	1	0
0.244	4.500	1150	36885.6	686.09	1015.97	809.04	0.0589849	0.941015	0.335124	0.539476	0.1254	1	0
0.245	4.500	1150	36942	686.087	1015.97	809.041	0.0580704	0.94193	0.336039	0.538256	0.125705	1	0
0.246	4.500	1150	36868	686.089	1015.97	809.04	0.058299	0.941701	0.336763	0.537761	0.125476	1	0
0.247	4.500	1150	36585.2	686.096	1015.97	809.04	0.0588706	0.941129	0.336229	0.539133	0.124638	1	0
0.248	4.500	1150	36626.9	686.094	1015.97	809.04	0.0595565	0.940444	0.336229	0.539057	0.124714	1	0
0.249	4.500	1150	36639.5	686.094	1015.97	809.04	0.0617284	0.938272	0.335581	0.539704	0.124714	1	0
0.25	4.500	1150	36678.2	686.094	1015.97	809.04	0.0580704	0.94193	0.335581	0.539628	0.12479	1	0
0.251	4.500	1150	36790.1	686.091	1015.97	809.04	0.0634431	0.936557	0.335658	0.539247	0.125095	1	0
0.252	4.500	1150	36819	686.09	1015.97	809.04	0.0613855	0.938615	0.335696	0.539133	0.125171	1	0
0.253	4.500	1150	37076.3	686.083	1015.97	809.041	0.0628715	0.937128	0.335086	0.539095	0.125819	1	0
0.254	4.500	1150	37191.3	686.08	1015.97	809.041	0.0626429	0.937357	0.335315	0.538485	0.1262	1	0
0.255	4.500	1150	37172.7	686.08	1015.97	809.041	0.0617284	0.938272	0.335048	0.538904	0.126048	1	0
0.256	4.500	1150	37169.3	686.081	1015.97	809.041	0.0570416	0.942958	0.336191	0.537723	0.126086	1	0
0.257	4.500	1150	37240.8	686.079	1015.97	809.041	0.0564701	0.94353	0.336001	0.537723	0.126276	1	0
0.258	4.500	1150	37173.2	686.08	1015.97	809.041	0.058642	0.941358	0.335886	0.538066	0.126048	1	0
0.259	4.500	1150	37130.3	686.082	1015.97	809.041	0.0612711	0.938729	0.335239	0.538866	0.125895	1	0
0.26	4.500	1150	37308.4	686.079	1015.97	809.041	0.060471	0.939529	0.335505	0.538028	0.126467	1	0
0.261	4.500	1150	37235.9	686.08	1015.97	809.041	0.0556699	0.94433	0.334934	0.538714	0.126353	1	0
0.262	4.500	1150	37092.1	686.084	1015.97	809.041	0.0550983	0.944902	0.335162	0.538904	0.125934	1	0
0.263	4.500	1150	37286	686.08	1015.97	809.041	0.0539552	0.946045	0.335239	0.538256	0.126505	1	0
0.264	4.500	1150	37467.3	686.076	1015.97	809.041	0.0596708	0.940329	0.335772	0.537113	0.127115	1	0
0.265	4.500	1150	37501.4	686.075	1015.97	809.041	0.0598994	0.940101	0.335239	0.537494	0.127267	1	0
0.266	4.500	1150	37495.8	686.075	1015.97	809.041	0.0642433	0.935757	0.335239	0.537304	0.127458	1	0
0.267	4.500	1150	37458.4	686.076	1015.97	809.041	0.0626429	0.937357	0.334362	0.538294	0.127343	1	0
0.268	4.500	1150	37549.5	686.074	1015.97	809.041	0.0616141	0.938386	0.334629	0.537761	0.12761	1	0
0.269	4.500	1150	37433.6	686.076	1015.97	809.041	0.0617284	0.938272	0.33501	0.537494	0.127496	1	0
0.27	4.500	1150	37369.7	686.077	1015.97	809.041	0.0606996	0.9393	0.334667	0.538104	0.127229	1	0
0.271	4.500	1150	37151	686.082	1015.97	809.041	0.0532693	0.946731	0.334248	0.539399	0.126353	1	0
0.272	4.500	1150	37028	686.084	1015.97	809.041	0.0579561	0.942044	0.333638	0.54039	0.125972	1	0
0.273	4.500	1150	36918.3	686.088	1015.97	809.04	0.0581847	0.941815	0.332228	0.542067	0.125705	1	0
0.274	4.500	1150	36877.6	686.09	1015.97	809.04	0.0552126	0.944787	0.332266	0.542105	0.125629	1	0
0.275	4.500	1150	36942.5	686.089	1015.97	809.04	0.058299	0.941701	0.331276	0.543096	0.125629	1	0
0.276	4.500	1150	37198.3	686.083	1015.97	809.041	0.051669	0.948331	0.331619	0.541914	0.126467	1	0
0.277	4.500	1150	37116.4	686.087	1015.97	809.04	0.053155	0.946845	0.331428	0.542333	0.126238	1	0
0.278	4.500	1150	37102.5	686.087	1015.97	809.04	0.0539552	0.946045	0.331923	0.541876	0.1262	1	0
0.279	4.500	1150	37055.6	686.086	1015.97	809.04	0.0533836	0.946616	0.332571	0.541533	0.125895	1	0
0.28	4.500	1150	36974.1	686.088	1015.97	809.04	0.0539552	0.946045	0.3336	0.540886	0.125514	1	0
0.281	4.500	1150	37012.4	686.087	1015.97	809.04	0.0570416	0.942958	0.333524	0.540924	0.125553	1	0
0.282	4.500	1150	36944.1	686.089	1015.97	809.04	0.0584134	0.941587	0.333752	0.540886	0.125362	1	0
0.283	4.500	1150	37035.9	686.086	1015.97	809.04	0.0600137	0.939986	0.332305	0.542105	0.125591	1	0
0.284	4.500	1150	36954.9	686.088	1015.97	809.04	0.0578418	0.942158	0.332076	0.542638	0.125286	1	0
0.285	4.500	1150	37051.8	686.085	1015.97	809.041	0.0577275	0.942273	0.33219	0.542219	0.125591	1	0
0.286	4.500	1150	37158.3	686.082	1015.97	809.041	0.0579561	0.942044	0.333676	0.540466	0.125857	1	0
0.287	4.500	1150	37183.6	686.081	1015.97	809.041	0.0558985	0.944102	0.333067	0.541152	0.125781	1	0
0.288	4.500	1150	37173.9	686.08	1015.97	809.041	0.0581847	0.941815	0.33299	0.541228	0.125781	1	0
0.289	4.500	1150	37151.8	686.082	1015.97	809.041	0.0587563	0.941244	0.332419	0.541914	0.125667	1	0
0.29	4.500	1150	37154.2	686.082	1015.97	809.041	0.0544124	0.945588	0.333105	0.541114	0.125781	1	0
0.291	4.500	1150	37071.1	686.084	1015.97	809.041	0.0593278	0.940672	0.334362	0.540047	0.125591	1	0
0.292	4.500	1150	37036.7	686.084	1015.97	809.041	0.0603567	0.939643	0.334172	0.540352	0.125476	1	0
0.293	4.500	1150	37190.8	686.081	1015.97	809.041	0.0594422	0.940558	0.334476	0.539666	0.125857	1	0
0.294	4.500	1150	37225.8	686.078	1015.97	809.041	0.061957	0.938043	0.334629	0.539285	0.126086	1	0
0.295	4.500	1150	37376.6	686.074	1015.97	809.041	0.0603567	0.939643	0.333562	0.539781	0.126658	1	0
0.296	4.500	1150	37257.1	686.079	1015.97	809.041	0.0590992	0.940901	0.332838	0.540962	0.1262	1	0
0.297	4.500	1150	37322.1	686.078	1015.97	809.041	0.0618427	0.938157	0.332609	0.540847	0.126543	1	0
0.298	4.500	1150	37617.5	686.071	1015.97	809.041	0.0608139	0.939186	0.332	0.540352	0.127648	1	0
0.299	4.500	1150	37571.7	686.071	1015.97	809.041	0.0639003	0.9361	0.33139	0.541267	0.127343	1	0
0.3	4.500	1150	37685.7	686.068	1015.97	809.041	0.0594422	0.940558	0.331238	0.540924	0.127839	1	0
0.301	4.500	1150	37696.3	686.069	1015.97	809.041	0.0572702	0.94273	0.331009	0.541114	0.127877	1	0
0.302	4.500	1150	37932.3	686.064	1015.97	809.042	0.056813	0.943187	0.330895	0.54039	0.128715	1	0
0.303	4.500	1150	37873.8	686.066	1015.97	809.041	0.0563557	0.943644	0.331847	0.539742	0.12841	1	0
0.304	4.500	1150	37795.2	686.07	1015.97	809.041	0.0608139	0.939186	0.331847	0.540238	0.127915	1	0
0.305	4.500	1150	37600.7	686.074	1015.97	809.041	0.0556699	0.94433	0.331352	0.541343	0.127305	1	0
0.306	4.500	1150	37587.3	686.075	1015.97	809.041	0.0563557	0.943644	0.331542	0.541114	0.127343	1	0
0.307	4.500	1150	37521.1	686.076	1015.97	809.041	0.0570416	0.942958	0.332114	0.540619	0.127267	1	0
0.308	4.500	1150	37414.7	686.078	1015.97	809.041	0.0550983	0.944902	0.332076	0.541	0.126924	1	0
0.309	4.500	1150	37355.8	686.078	1015.97	809.041	0.0546411	0.945359	0.331847	0.541533	0.126619	1	0
0.31	4.500	1150	37294.4	686.08	1015.97	809.041	0.0578418	0.942158	0.330666	0.542905	0.126429	1	0
0.311	4.500	1150	37311.3	686.079	1015.97	809.041	0.0608139	0.939186	0.33078	0.542753	0.126467	1	0
0.312	4.500	1150	37341.4	686.077	1015.97	809.041	0.063786	0.936214	0.3312	0.542143	0.126658	1	0
0.313	4.500	1150	37305.5	686.08	1015.97	809.041	0.0612711	0.938729	0.330323	0.543324	0.126353	1	0
0.314	4.500	1150	37583.9	686.075	1015.97	809.041	0.0626429	0.937357	0.330209	0.542562	0.127229	1	0
0.315	4.500	1150	37546	686.075	1015.97	809.041	0.0640146	0.935985	0.330476	0.542562	0.126962	1	0
0.316	4.500	1150	37717.1	686.072	1015.97	809.041	0.0614998	0.9385	0.330171	0.542333	0.127496	1	0
0.317	4.500	1150	37761.5	686.07	1015.97	809.041	0.0578418	0.942158	0.330018	0.542257	0.127724	1	0
0.318	4.500	1150	37760.7	686.071	1015.97	809.041	0.0580704	0.94193	0.32979	0.5426	0.12761	1	0
0.319	4.500	1150	37952.8	686.066	1015.97	809.041	0.0573845	0.942615	0.329637	0.541991	0.128372	1	0
0.32	4.500	1150	37762.6	686.07	1015.97	809.041	0.054984	0.945016	0.328685	0.543515	0.127801	1	0
0.321	4.500	1150	37867	686.067	1015.97	809.041	0.0524691	0.947531	0.328113	0.543667	0.12822	1	0
0.322	4.500	1150	37646.5	686.073	1015.97	809.041	0.0560128	0.943987	0.328494	0.54382	0.127686	1	0
0.323	4.500	1150	37613.4	686.074	1015.97	809.041	0.0572702	0.94273	0.328418	0.54401	0.127572	1	0
0.324	4.500	1150	37464.1	686.08	1015.97	809.041	0.0606996	0.9393	0.327846	0.545229	0.126924	1	0
0.325	4.500	1150	37477.7	686.08	1015.97	809.041	0.0640146	0.935985	0.327884	0.545077	0.127039	1	0
0.326	4.500	1150	37298.3	686.085	1015.97	809.04	0.0617284	0.938272	0.329256	0.544315	0.126429	1	0
0.327	4.500	1150	37289.7	686.085	1015.97	809.04	0.0617284	0.938272	0.328989	0.544544	0.126467	1	0
0.328	4.500	1150	37584	686.077	1015.97	809.041	0.0596708	0.940329	0.329028	0.543667	0.127305	1	0
0.329	4.500	1150	37707	686.074	1015.97	809.041	0.0613855	0.938615	0.329066	0.543057	0.127877	1	0
0.33	4.500	1150	37457.9	686.079	1015.97	809.041	0.0580704	0.94193	0.330323	0.542676	0.127	1	0
0.331	4.500	1150	37640.3	686.074	1015.97	809.041	0.0588706	0.941129	0.329828	0.542486	0.127686	1	0
0.332	4.500	1150	37890.5	686.069	1015.97	809.041	0.0576132	0.942387	0.329523	0.541876	0.128601	1	0
0.333	4.500	1150	38108.8	686.064	1015.97	809.041	0.056813	0.943187	0.32979	0.540733	0.129477	1	0
0.334	4.500	1150	38052.5	686.066	1015.97	809.041	0.0579561	0.942044	0.329752	0.540924	0.129325	1	0
0.335	4.500	1150	38257.3	686.061	1015.97	809.041	0.0562414	0.943759	0.32918	0.540847	0.129973	1	0
0.336	4.500	1150	38065.2	686.067	1015.97	809.041	0.0598994	0.940101	0.330361	0.540352	0.129287	1	0
0.337	4.500	1150	38200.2	686.064	1015.97	809.041	0.0585277	0.941472	0.330476	0.539742	0.129782	1	0
0.338	4.500	1150	37866.1	686.071	1015.97	809.041	0.0560128	0.943987	0.330476	0.540924	0.128601	1	0
0.339	4.500	1150	37706	686.075	1015.97	809.041	0.0577275	0.942273	0.330818	0.541114	0.128067	1	0
0.34	4.500	1150	37408.8	686.081	1015.97	809.041	0.0557842	0.944216	0.33059	0.542524	0.126886	1	0
0.341	4.500	1150	37516.7	686.079	1015.97	809.041	0.0562414	0.943759	0.331733	0.541076	0.127191	1	0
0.342	4.500	1150	37545.7	686.08	1015.97	809.04	0.0574989	0.942501	0.331847	0.540847	0.127305	1	0
0.343	4.500	1150	37627.1	686.078	1015.97	809.041	0.0593278	0.940672	0.331352	0.541152	0.127496	1	0
0.344	4.500	1150	37685	686.077	1015.97	809.041	0.0613855	0.938615	0.330704	0.54161	0.127686	1	0
0.345	4.500	1150	37412.4	686.081	1015.97	809.04	0.0565844	0.943416	0.330247	0.542943	0.12681	1	0
0.346	4.500	1150	37479.2	686.08	1015.97	809.041	0.0573845	0.942615	0.330285	0.542676	0.127039	1	0
0.347	4.500	1150	37473.1	686.079	1015.97	809.041	0.0590992	0.940901	0.330666	0.542372	0.126962	1	0
0.348	4.500	1150	37545.1	686.077	1015.97	809.041	0.056813	0.943187	0.328951	0.543629	0.12742	1	0
0.349	4.500	1150	37503.5	686.078	1015.97	809.041	0.0562414	0.943759	0.330285	0.542372	0.127343	1	0
0.35	4.500	1150	37370.3	686.08	1015.97	809.041	0.058299	0.941701	0.331542	0.541571	0.126886	1	0
0.351	4.500	1150	37420.6	686.079	1015.97	809.041	0.0585277	0.941472	0.332	0.540886	0.127115	1	0
0.352	4.500	1150	37372.4	686.081	1015.97	809.041	0.0561271	0.943873	0.332152	0.540886	0.126962	1	0
0.353	4.500	1150	37561.4	686.076	1015.97	809.041	0.0555556	0.944444	0.332	0.540581	0.12742	1	0
0.354	4.500	1150	37526.1	686.075	1015.97	809.041	0.0560128	0.943987	0.333029	0.539742	0.127229	1	0
0.355	4.500	1150	37441.4	686.078	1015.97	809.041	0.0605853	0.939415	0.3336	0.539476	0.126924	1	0
0.356	4.500	1150	37592.6	686.075	1015.97	809.041	0.060471	0.939529	0.332686	0.539971	0.127343	1	0
0.357	4.500	1150	37551.7	686.076	1015.97	809.041	0.0624143	0.937586	0.332114	0.540619	0.127267	1	0
0.358	4.500	1150	37345	686.079	1015.97	809.041	0.0602423	0.939758	0.331695	0.541724	0.126581	1	0
0.359	4.500	1150	37215.8	686.082	1015.97	809.041	0.0605853	0.939415	0.331428	0.542486	0.126086	1	0
0.36	4.500	1150	37105.4	686.085	1015.97	809.04	0.0562414	0.943759	0.330514	0.543781	0.125705	1	0
0.361	4.500	1150	37239.6	686.083	1015.97	809.041	0.0587563	0.941244	0.329904	0.544086	0.12601	1	0
0.362	4.500	1150	37206.5	686.084	1015.97	809.04	0.056813	0.943187	0.329713	0.544315	0.125972	1	0
0.363	4.500	1150	37134.8	686.086	1015.97	809.04	0.0578418	0.942158	0.329828	0.544544	0.125629	1	0
0.364	4.500	1150	37449.4	686.078	1015.97	809.041	0.0587563	0.941244	0.329028	0.544429	0.126543	1	0
0.365	4.500	1150	37304.8	686.082	1015.97	809.041	0.0593278	0.940672	0.327313	0.546525	0.126162	1	0
0.366	4.500	1150	37382.4	686.079	1015.97	809.041	0.0578418	0.942158	0.326627	0.546982	0.126391	1	0
0.367	4.500	1150	37155.3	686.084	1015.97	809.041	0.0553269	0.944673	0.325293	0.549002	0.125705	1	0
0.368	4.500	1150	37257.7	686.081	1015.97	809.041	0.0550983	0.944902	0.325103	0.548659	0.126238	1	0
0.369	4.500	1150	37249.6	686.079	1015.97	809.041	0.0554412	0.944559	0.324912	0.548925	0.126162	1	0
0.37	4.500	1150	37388.6	686.076	1015.97	809.041	0.0563557	0.943644	0.32476	0.548506	0.126734	1	0
0.371	4.500	1150	37303.2	686.077	1015.97	809.041	0.053155	0.946845	0.325446	0.548049	0.126505	1	0
0.372	4.500	1150	37295	686.076	1015.97	809.041	0.0561271	0.943873	0.325789	0.547859	0.126353	1	0
0.373	4.500	1150	37299.7	686.075	1015.97	809.041	0.0560128	0.943987	0.325827	0.547744	0.126429	1	0
0.374	4.500	1150	37250.9	686.076	1015.97	809.041	0.0544124	0.945588	0.326132	0.547706	0.126162	1	0
0.375	4.500	1150	37337.2	686.073	1015.97	809.041	0.0553269	0.944673	0.326779	0.546868	0.126353	1	0
0.376	4.500	1150	37327.7	686.071	1015.97	809.042	0.0546411	0.945359	0.327351	0.546373	0.126276	1	0
0.377	4.500	1150	37178.7	686.076	1015.97	809.041	0.056813	0.943187	0.328342	0.545991	0.125667	1	0
0.378	4.500	1150	37114.2	686.078	1015.97	809.041	0.0597851	0.940215	0.328266	0.546182	0.125553	1	0
0.379	4.500	1150	37264.8	686.075	1015.97	809.041	0.0593278	0.940672	0.327351	0.546487	0.126162	1	0
0.38	4.500	1150	37352.6	686.073	1015.97	809.041	0.0561271	0.943873	0.328494	0.545039	0.126467	1	0
0.381	4.500	1150	37421.8	686.071	1015.97	809.041	0.0560128	0.943987	0.32777	0.545458	0.126772	1	0
0.382	4.500	1150	37503.7	686.07	1015.97	809.041	0.0573845	0.942615	0.327656	0.545229	0.127115	1	0
0.383	4.500	1150	37560.8	686.069	1015.97	809.041	0.0589849	0.941015	0.327465	0.545039	0.127496	1	0
0.384	4.500	1150	37546.2	686.068	1015.97	809.042	0.0544124	0.945588	0.327732	0.544658	0.12761	1	0
0.385	4.500	1150	37430.2	686.072	1015.97	809.041	0.0557842	0.944216	0.327008	0.545839	0.127153	1	0
0.386	4.500	1150	37680.2	686.066	1015.97	809.042	0.0553269	0.944673	0.326932	0.545229	0.127839	1	0
0.387	4.500	1150	37718.8	686.066	1015.97	809.042	0.0635574	0.936443	0.326818	0.545115	0.128067	1	0
0.388	4.500	1150	37493.1	686.071	1015.97	809.041	0.0597851	0.940215	0.326094	0.546449	0.127458	1	0
0.389	4.500	1150	37694.6	686.066	1015.97	809.042	0.0538409	0.946159	0.32636	0.545649	0.127991	1	0
0.39	4.500	1150	37687.1	686.066	1015.97	809.042	0.0610425	0.938957	0.326741	0.545115	0.128144	1	0
0.391	4.500	1150	37813.2	686.063	1015.97	809.042	0.0581847	0.941815	0.32697	0.544467	0.128563	1	0
0.392	4.500	1150	37752	686.063	1015.97	809.042	0.060471	0.939529	0.327694	0.544048	0.128258	1	0
0.393	4.500	1150	37863.8	686.061	1015.97	809.042	0.0608139	0.939186	0.327694	0.543705	0.128601	1	0
0.394	4.500	1150	37958.8	686.06	1015.97	809.042	0.0573845	0.942615	0.326094	0.545077	0.128829	1	0
0.395	4.500	1150	38258.9	686.053	1015.97	809.042	0.0579561	0.942044	0.325941	0.544277	0.129782	1	0
0.396	4.500	1150	38451.2	686.048	1015.97	809.042	0.0609282	0.939072	0.325827	0.543477	0.130697	1	0
0.397	4.500	1150	38440.6	686.048	1015.97	809.042	0.0576132	0.942387	0.326017	0.54321	0.130773	1	0
0.398	4.500	1150	38436.8	686.048	1015.97	809.042	0.0572702	0.94273	0.326055	0.543248	0.130697	1	0
0.399	4.500	1150	38421.6	686.048	1015.97	809.042	0.0584134	0.941587	0.325408	0.543896	0.130697	1	0
0.4	4.500	1150	38406.9	686.046	1015.97	809.043	0.0548697	0.94513	0.325674	0.543781	0.130544	1	0
0.401	4.500	1150	38323.2	686.049	1015.97	809.042	0.0542981	0.945702	0.325293	0.544315	0.130392	1	0
0.402	4.500	1150	38279	686.051	1015.97	809.042	0.0562414	0.943759	0.325141	0.544582	0.130277	1	0
0.403	4.500	1150	38397.4	686.047	1015.97	809.043	0.0574989	0.942501	0.325103	0.544277	0.13062	1	0
0.404	4.500	1150	38343.3	686.046	1015.97	809.043	0.0590992	0.940901	0.324036	0.54542	0.130544	1	0
0.405	4.500	1150	38274.9	686.047	1015.97	809.043	0.0574989	0.942501	0.323807	0.54603	0.130163	1	0
0.406	4.500	1150	38221.6	686.048	1015.97	809.043	0.0570416	0.942958	0.323121	0.546906	0.129973	1	0
0.407	4.500	1150	38251.6	686.048	1015.97	809.043	0.0577275	0.942273	0.324112	0.545801	0.130087	1	0
0.408	4.500	1150	38165.6	686.05	1015.97	809.043	0.0520119	0.947988	0.324341	0.545801	0.129858	1	0
0.409	4.500	1150	38302.8	686.047	1015.97	809.043	0.0555556	0.944444	0.324722	0.54481	0.130468	1	0
0.41	4.500	1150	38100.6	686.052	1015.97	809.042	0.0592135	0.940786	0.325941	0.544315	0.129744	1	0
0.411	4.500	1150	37728	686.06	1015.97	809.042	0.0569273	0.943073	0.325636	0.545953	0.12841	1	0
0.412	4.500	1150	37654.7	686.062	1015.97	809.042	0.0578418	0.942158	0.325065	0.546715	0.12822	1	0
0.413	4.500	1150	37802	686.059	1015.97	809.042	0.0569273	0.943073	0.325141	0.546144	0.128715	1	0
0.414	4.500	1150	37776.6	686.06	1015.97	809.042	0.0603567	0.939643	0.324912	0.546373	0.128715	1	0
0.415	4.500	1150	37828.8	686.06	1015.97	809.042	0.0617284	0.938272	0.324226	0.546944	0.128829	1	0
0.416	4.500	1150	37808.9	686.061	1015.97	809.042	0.0580704	0.94193	0.324379	0.54683	0.128791	1	0
0.417	4.500	1150	37995.8	686.057	1015.97	809.042	0.0574989	0.942501	0.325636	0.544963	0.129401	1	0
0.418	4.500	1150	38188.6	686.053	1015.97	809.042	0.0569273	0.943073	0.325332	0.544734	0.129934	1	0
0.419	4.500	1150	38009.3	686.057	1015.97	809.042	0.0560128	0.943987	0.325789	0.544772	0.129439	1	0
0.42	4.500	1150	38216.6	686.052	1015.97	809.042	0.060128	0.939872	0.326932	0.542829	0.130239	1	0
0.421	4.500	1150	38370.5	686.047	1015.97	809.043	0.0571559	0.942844	0.325979	0.543324	0.130697	1	0
0.422	4.500	1150	38188.1	686.052	1015.97	809.042	0.058642	0.941358	0.324608	0.545458	0.129934	1	0
0.423	4.500	1150	38009.6	686.056	1015.97	809.042	0.0572702	0.94273	0.325446	0.545191	0.129363	1	0
0.424	4.500	1150	37830.1	686.059	1015.97	809.042	0.0565844	0.943416	0.325332	0.545839	0.128829	1	0
0.425	4.500	1150	37969.7	686.056	1015.97	809.042	0.0605853	0.939415	0.325332	0.545534	0.129134	1	0
0.426	4.500	1150	38075.6	686.055	1015.97	809.042	0.0602423	0.939758	0.325332	0.545382	0.129287	1	0
0.427	4.500	1150	38195.3	686.053	1015.97	809.042	0.0587563	0.941244	0.325598	0.544848	0.129553	1	0
0.428	4.500	1150	38176.6	686.055	1015.97	809.042	0.0558985	0.944102	0.325598	0.544963	0.129439	1	0
0.429	4.500	1150	38058	686.057	1015.97	809.042	0.0522405	0.947759	0.325408	0.545382	0.12921	1	0
0.43	4.500	1150	37990	686.059	1015.97	809.042	0.0546411	0.945359	0.326589	0.544429	0.128982	1	0
0.431	4.500	1150	37955.8	686.06	1015.97	809.042	0.0566987	0.943301	0.326475	0.54481	0.128715	1	0
0.432	4.500	1150	37883.3	686.062	1015.97	809.042	0.0562414	0.943759	0.326017	0.545382	0.128601	1	0
0.433	4.500	1150	37948.5	686.062	1015.97	809.042	0.0569273	0.943073	0.325446	0.545725	0.128829	1	0
0.434	4.500	1150	38021.7	686.059	1015.97	809.042	0.0595565	0.940444	0.326551	0.544467	0.128982	1	0
0.435	4.500	1150	38078.8	686.058	1015.97	809.042	0.0606996	0.9393	0.327732	0.543057	0.12921	1	0
0.436	4.500	1150	38356.3	686.05	1015.97	809.042	0.0576132	0.942387	0.328227	0.541762	0.130011	1	0
0.437	4.500	1150	38490.2	686.046	1015.97	809.043	0.0580704	0.94193	0.327542	0.542105	0.130354	1	0
0.438	4.500	1150	38618.7	686.04	1015.97	809.043	0.0612711	0.938729	0.327503	0.541724	0.130773	1	0
0.439	4.500	1150	38642.2	686.041	1015.97	809.043	0.0587563	0.941244	0.326894	0.542257	0.130849	1	0
0.44	4.500	1150	38304.4	686.05	1015.97	809.042	0.0590992	0.940901	0.32617	0.544124	0.129706	1	0
0.441	4.500	1150	38271.8	686.053	1015.97	809.042	0.0571559	0.942844	0.326475	0.543972	0.129553	1	0
0.442	4.500	1150	38231.7	686.054	1015.97	809.042	0.0596708	0.940329	0.326246	0.544162	0.129592	1	0
0.443	4.500	1150	38032.6	686.057	1015.97	809.042	0.0581847	0.941815	0.325293	0.545687	0.12902	1	0
0.444	4.500	1150	37881.9	686.061	1015.97	809.042	0.0587563	0.941244	0.325103	0.546296	0.128601	1	0
0.445	4.500	1150	38045.5	686.057	1015.97	809.042	0.0570416	0.942958	0.325027	0.545915	0.129058	1	0
0.446	4.500	1150	37857	686.061	1015.97	809.042	0.0592135	0.940786	0.324989	0.546677	0.128334	1	0
0.447	4.500	1150	37744.5	686.063	1015.97	809.042	0.0564701	0.94353	0.323922	0.548201	0.127877	1	0
0.448	4.500	1150	37770.8	686.061	1015.97	809.042	0.0556699	0.94433	0.325027	0.54702	0.127953	1	0
0.449	4.500	1150	37680.1	686.064	1015.97	809.042	0.0562414	0.943759	0.32476	0.547668	0.127572	1	0
0.45	4.500	1150	37928.4	686.058	1015.97	809.042	0.0538409	0.946159	0.32415	0.547439	0.12841	1	0
0.451	4.500	1150	37896	686.059	1015.97	809.042	0.0578418	0.942158	0.324379	0.547325	0.128296	1	0
0.452	4.500	1150	37898.8	686.059	1015.97	809.042	0.0561271	0.943873	0.323426	0.548201	0.128372	1	0
0.453	4.500	1150	37729.1	686.061	1015.97	809.042	0.0552126	0.944787	0.324265	0.547859	0.127877	1	0
0.454	4.500	1150	37859.9	686.057	1015.97	809.042	0.054984	0.945016	0.324684	0.546906	0.12841	1	0
0.455	4.500	1150	37857.7	686.058	1015.97	809.042	0.0548697	0.94513	0.324531	0.546906	0.128563	1	0
0.456	4.500	1150	38129.7	686.051	1015.97	809.042	0.0580704	0.94193	0.324493	0.546182	0.129325	1	0
0.457	4.500	1150	37961.5	686.055	1015.97	809.042	0.0600137	0.939986	0.325941	0.545344	0.128715	1	0
0.458	4.500	1150	38019.8	686.055	1015.97	809.042	0.0579561	0.942044	0.325446	0.545763	0.128791	1	0
0.459	4.500	1150	38060.9	686.054	1015.97	809.042	0.0554412	0.944559	0.326132	0.544848	0.12902	1	0
0.46	4.500	1150	38335.3	686.048	1015.97	809.043	0.056813	0.943187	0.326208	0.543858	0.129934	1	0
0.461	4.500	1150	38231	686.049	1015.97	809.043	0.0548697	0.94513	0.325865	0.544734	0.129401	1	0
0.462	4.500	1150	38083.7	686.053	1015.97	809.042	0.0588706	0.941129	0.326208	0.544734	0.129058	1	0
0.463	4.500	1150	38136.9	686.052	1015.97	809.042	0.0597851	0.940215	0.326589	0.544239	0.129172	1	0
0.464	4.500	1150	38240.1	686.049	1015.97	809.043	0.0588706	0.941129	0.327084	0.5434	0.129515	1	0
0.465	4.500	1150	38277.4	686.048	1015.97	809.043	0.0574989	0.942501	0.327084	0.543248	0.129668	1	0
0.466	4.500	1150	38260.3	686.048	1015.97	809.043	0.0576132	0.942387	0.326322	0.54401	0.129668	1	0
0.467	4.500	1150	38430.7	686.046	1015.97	809.043	0.0561271	0.943873	0.326208	0.543553	0.130239	1	0
0.468	4.500	1150	38578.7	686.043	1015.97	809.043	0.0571559	0.942844	0.326551	0.542829	0.13062	1	0
0.469	4.500	1150	38391.1	686.046	1015.97	809.043	0.0576132	0.942387	0.326094	0.543858	0.130049	1	0
0.47	4.500	1150	38400.8	686.046	1015.97	809.043	0.0598994	0.940101	0.326132	0.543781	0.130087	1	0
0.471	4.500	1150	38531.9	686.041	1015.97	809.043	0.0580704	0.94193	0.325903	0.5434	0.130697	1	0
0.472	4.500	1150	38401.8	686.044	1015.97	809.043	0.0561271	0.943873	0.32617	0.543591	0.130239	1	0
0.473	4.500	1150	38317.8	686.045	1015.97	809.043	0.0579561	0.942044	0.325598	0.544391	0.130011	1	0
0.474	4.500	1150	38086.8	686.051	1015.97	809.043	0.0558985	0.944102	0.327084	0.543629	0.129287	1	0
0.475	4.500	1150	38113.3	686.05	1015.97	809.043	0.0561271	0.943873	0.327465	0.54321	0.129325	1	0
0.476	4.500	1150	37921.6	686.054	1015.97	809.042	0.0542981	0.945702	0.328227	0.543134	0.128639	1	0
0.477	4.500	1150	37898.2	686.054	1015.97	809.043	0.0562414	0.943759	0.32716	0.544162	0.128677	1	0
0.478	4.500	1150	37831	686.057	1015.97	809.042	0.0566987	0.943301	0.327008	0.544582	0.12841	1	0
0.479	4.500	1150	37640.7	686.06	1015.97	809.042	0.0580704	0.94193	0.326665	0.545382	0.127953	1	0
0.48	4.500	1150	37704.8	686.059	1015.97	809.042	0.0569273	0.943073	0.326703	0.544925	0.128372	1	0
0.481	4.500	1150	38019.8	686.052	1015.97	809.043	0.0570416	0.942958	0.327046	0.543629	0.129325	1	0
0.482	4.500	1150	37838.4	686.056	1015.97	809.042	0.0598994	0.940101	0.326894	0.544201	0.128906	1	0
0.483	4.500	1150	37822.4	686.056	1015.97	809.042	0.0589849	0.941015	0.326208	0.545001	0.128791	1	0
0.484	4.500	1150	37914	686.055	1015.97	809.042	0.0606996	0.9393	0.327465	0.543248	0.129287	1	0
0.485	4.500	1150	37959	686.053	1015.97	809.042	0.0576132	0.942387	0.325979	0.54462	0.129401	1	0
0.486	4.500	1150	37818.9	686.056	1015.97	809.042	0.0579561	0.942044	0.325827	0.545229	0.128944	1	0
0.487	4.500	1150	37673.4	686.06	1015.97	809.042	0.0577275	0.942273	0.325293	0.54622	0.128487	1	0
0.488	4.500	1150	37768.9	686.058	1015.97	809.042	0.0561271	0.943873	0.32476	0.546373	0.128868	1	0
0.489	4.500	1150	37983.2	686.053	1015.97	809.042	0.0538409	0.946159	0.325408	0.545001	0.129592	1	0
0.49	4.500	1150	37984	686.053	1015.97	809.042	0.0552126	0.944787	0.325903	0.544696	0.129401	1	0
0.491	4.500	1150	38137.5	686.047	1015.97	809.043	0.0569273	0.943073	0.325941	0.544201	0.129858	1	0
0.492	4.500	1150	38131	686.047	1015.97	809.043	0.0546411	0.945359	0.327199	0.542943	0.129858	1	0
0.493	4.500	1150	38104.8	686.049	1015.97	809.043	0.0569273	0.943073	0.327503	0.542791	0.129706	1	0
0.494	4.500	1150	38098.9	686.048	1015.97	809.043	0.0571559	0.942844	0.326741	0.543591	0.129668	1	0
0.495	4.500	1150	38133.9	686.049	1015.97	809.043	0.0560128	0.943987	0.32716	0.543019	0.12982	1	0
0.496	4.500	1150	38126.1	686.049	1015.97	809.043	0.0581847	0.941815	0.32857	0.541762	0.129668	1	0
0.497	4.500	1150	37888	686.055	1015.97	809.042	0.0565844	0.943416	0.327618	0.543553	0.128829	1	0
0.498	4.500	1150	37999.9	686.052	1015.97	809.042	0.0555556	0.944444	0.32838	0.542448	0.129172	1	0
0.499	4.500	1150	37915.7	686.055	1015.97	809.042	0.0547554	0.945245	0.327084	0.54401	0.128906	1	0
0.5	4.500	1150	37972.1	686.053	1015.97	809.042	0.0554412	0.944559	0.326513	0.544429	0.129058	1	0
0.501	4.500	1150	38002.1	686.052	1015.97	809.042	0.0578418	0.942158	0.326627	0.544162	0.12921	1	0
0.502	4.500	1150	37859.9	686.057	1015.97	809.042	0.0562414	0.943759	0.327122	0.544201	0.128677	1	0
0.503	4.500	1150	38139.7	686.051	1015.97	809.042	0.0581847	0.941815	0.325598	0.544925	0.129477	1	0
0.504	4.500	1150	38228.6	686.048	1015.97	809.043	0.0564701	0.94353	0.325141	0.544848	0.130011	1	0
0.505	4.500	1150	38215.9	686.05	1015.97	809.043	0.0590992	0.940901	0.324226	0.54603	0.129744	1	0
0.506	4.500	1150	38168.1	686.05	1015.97	809.043	0.0625286	0.937471	0.323845	0.546525	0.12963	1	0
0.507	4.500	1150	38239.3	686.049	1015.97	809.043	0.0587563	0.941244	0.323845	0.546373	0.129782	1	0
0.508	4.500	1150	38446.8	686.044	1015.97	809.043	0.0618427	0.938157	0.323769	0.545839	0.130392	1	0
0.509	4.500	1150	38361.6	686.045	1015.97	809.043	0.0587563	0.941244	0.323121	0.546715	0.130163	1	0
0.51	4.500	1150	38384.5	686.045	1015.97	809.043	0.0598994	0.940101	0.323617	0.545991	0.130392	1	0
0.511	4.500	1150	38182.2	686.049	1015.97	809.043	0.0564701	0.94353	0.323541	0.546792	0.129668	1	0
0.512	4.500	1150	38261.8	686.047	1015.97	809.043	0.0540695	0.94593	0.322321	0.547782	0.129896	1	0
0.513	4.500	1150	38352	686.046	1015.97	809.043	0.0545267	0.945473	0.323426	0.546296	0.130277	1	0
0.514	4.500	1150	38552.6	686.042	1015.97	809.043	0.0507545	0.949246	0.323503	0.545458	0.131039	1	0
0.515	4.500	1150	38779.2	686.038	1015.97	809.043	0.0529264	0.947074	0.323731	0.544544	0.131725	1	0
0.516	4.500	1150	38636.3	686.042	1015.97	809.043	0.0561271	0.943873	0.322169	0.546525	0.131306	1	0
0.517	4.500	1150	38855.5	686.037	1015.98	809.043	0.0580704	0.94193	0.322702	0.545229	0.132068	1	0
0.518	4.500	1150	38491.1	686.046	1015.97	809.043	0.0573845	0.942615	0.322855	0.546373	0.130773	1	0
0.519	4.500	1150	38332.4	686.051	1015.97	809.042	0.0547554	0.945245	0.32274	0.547173	0.130087	1	0
0.52	4.500	1150	38227.3	686.052	1015.97	809.042	0.0573845	0.942615	0.323274	0.547096	0.12963	1	0
0.521	4.500	1150	38371.2	686.049	1015.97	809.042	0.0602423	0.939758	0.322855	0.547173	0.129973	1	0
0.522	4.500	1150	38513.6	686.045	1015.97	809.043	0.0571559	0.942844	0.323807	0.545801	0.130392	1	0
0.523	4.500	1150	38641.3	686.042	1015.97	809.043	0.0570416	0.942958	0.323807	0.545496	0.130697	1	0
0.524	4.500	1150	38583.6	686.044	1015.97	809.043	0.0564701	0.94353	0.324417	0.544925	0.130658	1	0
0.525	4.500	1150	38656.6	686.043	1015.97	809.043	0.0564701	0.94353	0.323541	0.545382	0.131078	1	0
0.526	4.500	1150	38774	686.04	1015.98	809.043	0.0557842	0.944216	0.324417	0.544124	0.131459	1	0
0.527	4.500	1150	38524.3	686.046	1015.97	809.043	0.0546411	0.945359	0.324912	0.544353	0.130735	1	0
0.528	4.500	1150	38783.7	686.04	1015.98	809.043	0.0544124	0.945588	0.324074	0.544239	0.131687	1	0
0.529	4.500	1150	38932.4	686.036	1015.98	809.043	0.054984	0.945016	0.323503	0.544201	0.132297	1	0
0.53	4.500	1150	38778	686.04	1015.98	809.043	0.0573845	0.942615	0.323045	0.545153	0.131802	1	0
0.531	4.500	1150	38673.6	686.044	1015.98	809.042	0.0590992	0.940901	0.323693	0.544963	0.131344	1	0
0.532	4.500	1150	38657.3	686.045	1015.98	809.042	0.0556699	0.94433	0.323426	0.54542	0.131154	1	0
0.533	4.500	1150	38673.7	686.044	1015.98	809.042	0.0580704	0.94193	0.323083	0.545687	0.13123	1	0
0.534	4.500	1150	38832.9	686.04	1015.98	809.043	0.0580704	0.94193	0.323769	0.544467	0.131763	1	0
0.535	4.500	1150	38669.8	686.043	1015.97	809.043	0.0550983	0.944902	0.323922	0.544886	0.131192	1	0
0.536	4.500	1150	38713.7	686.042	1015.97	809.043	0.0558985	0.944102	0.324722	0.543896	0.131382	1	0
0.537	4.500	1150	38659	686.041	1015.97	809.043	0.053155	0.946845	0.324874	0.543972	0.131154	1	0
0.538	4.500	1150	38714.2	686.038	1015.97	809.043	0.0539552	0.946045	0.324989	0.543629	0.131382	1	0
0.539	4.500	1150	38630.3	686.041	1015.97	809.043	0.0573845	0.942615	0.32537	0.543515	0.131116	1	0
0.54	4.500	1150	38535.8	686.042	1015.97	809.043	0.0550983	0.944902	0.325065	0.544162	0.130773	1	0
0.541	4.500	1150	38553.5	686.043	1015.97	809.043	0.056813	0.943187	0.325903	0.543096	0.131001	1	0
0.542	4.500	1150	38599.1	686.041	1015.97	809.043	0.0542981	0.945702	0.325636	0.543172	0.131192	1	0
0.543	4.500	1150	38317.2	686.048	1015.97	809.043	0.0569273	0.943073	0.324341	0.545649	0.130011	1	0
0.544	4.500	1150	38325.2	686.049	1015.97	809.042	0.054984	0.945016	0.323998	0.545915	0.130087	1	0
0.545	4.500	1150	38214.6	686.052	1015.97	809.042	0.0533836	0.946616	0.324188	0.546144	0.129668	1	0
0.546	4.500	1150	38275.2	686.051	1015.97	809.042	0.0545267	0.945473	0.324112	0.545953	0.129934	1	0
0.547	4.500	1150	38346	686.048	1015.97	809.042	0.0536123	0.946388	0.325065	0.544886	0.130049	1	0
0.548	4.500	1150	38368.1	686.048	1015.97	809.043	0.0553269	0.944673	0.326475	0.543286	0.130239	1	0
0.549	4.500	1150	38381.5	686.048	1015.97	809.042	0.0545267	0.945473	0.32697	0.542791	0.130239	1	0
0.55	4.500	1150	38311.3	686.05	1015.97	809.042	0.0554412	0.944559	0.327008	0.543134	0.129858	1	0
0.551	4.500	1150	38340.9	686.051	1015.97	809.042	0.0557842	0.944216	0.328304	0.541952	0.129744	1	0
0.552	4.500	1150	38190.3	686.056	1015.97	809.042	0.0570416	0.942958	0.327846	0.542905	0.129249	1	0
0.553	4.500	1150	38200	686.057	1015.97	809.042	0.0564701	0.94353	0.328189	0.5426	0.12921	1	0
0.554	4.500	1150	38023.7	686.06	1015.97	809.042	0.0584134	0.941587	0.328113	0.543362	0.128525	1	0
0.555	4.500	1150	37973.9	686.061	1015.97	809.042	0.0570416	0.942958	0.327237	0.544315	0.128448	1	0
0.556	4.500	1150	37979.8	686.062	1015.97	809.042	0.0569273	0.943073	0.327275	0.544315	0.12841	1	0
0.557	4.500	1150	38060.4	686.058	1015.97	809.042	0.0561271	0.943873	0.328227	0.543134	0.128639	1	0
0.558	4.500	1150	38196.2	686.055	1015.97	809.042	0.0563557	0.943644	0.328494	0.542333	0.129172	1	0
0.559	4.500	1150	38291.7	686.05	1015.97	809.042	0.0572702	0.94273	0.328113	0.542372	0.129515	1	0
0.56	4.500	1150	38276.2	686.051	1015.97	809.042	0.0592135	0.940786	0.328723	0.541876	0.129401	1	0
0.561	4.500	1150	38476.4	686.047	1015.97	809.042	0.056813	0.943187	0.328761	0.54119	0.130049	1	0
0.562	4.500	1150	38432.2	686.048	1015.97	809.042	0.0588706	0.941129	0.328113	0.542067	0.12982	1	0
0.563	4.500	1150	38314.4	686.051	1015.97	809.042	0.0581847	0.941815	0.327732	0.542905	0.129363	1	0
0.564	4.500	1150	38492.3	686.046	1015.97	809.042	0.058299	0.941701	0.328151	0.5418	0.130049	1	0
0.565	4.500	1150	38675.2	686.042	1015.97	809.043	0.061957	0.938043	0.327923	0.541381	0.130697	1	0
0.566	4.500	1150	38438.2	686.046	1015.97	809.043	0.0585277	0.941472	0.328418	0.541762	0.12982	1	0
0.567	4.500	1150	38552.5	686.042	1015.97	809.043	0.0626429	0.937357	0.327846	0.541762	0.130392	1	0
0.568	4.500	1150	38561.3	686.043	1015.97	809.043	0.0614998	0.9385	0.326284	0.543362	0.130354	1	0
0.569	4.500	1150	38346.9	686.048	1015.97	809.043	0.0555556	0.944444	0.325827	0.544429	0.129744	1	0
0.57	4.500	1150	38186.2	686.051	1015.97	809.042	0.0562414	0.943759	0.326017	0.544772	0.12921	1	0
0.571	4.500	1150	38088.7	686.054	1015.97	809.042	0.0566987	0.943301	0.32556	0.545572	0.128868	1	0
0.572	4.500	1150	38094.3	686.053	1015.97	809.042	0.0556699	0.94433	0.325293	0.545572	0.129134	1	0
0.573	4.500	1150	38050.6	686.055	1015.97	809.042	0.0552126	0.944787	0.325179	0.545763	0.129058	1	0
0.574	4.500	1150	37977.3	686.059	1015.97	809.042	0.0564701	0.94353	0.324646	0.546563	0.128791	1	0
0.575	4.500	1150	37999.1	686.059	1015.97	809.042	0.0540695	0.94593	0.324112	0.546944	0.128944	1	0
0.576	4.500	1150	38274	686.052	1015.97	809.042	0.0547554	0.945245	0.323769	0.546487	0.129744	1	0
0.577	4.500	1150	38430.2	686.047	1015.97	809.043	0.058642	0.941358	0.324722	0.545077	0.130201	1	0
0.578	4.500	1150	38355.6	686.05	1015.97	809.042	0.0618427	0.938157	0.325141	0.545001	0.129858	1	0
0.579	4.500	1150	38235.1	686.052	1015.97	809.042	0.0613855	0.938615	0.325598	0.544848	0.129553	1	0
0.58	4.500	1150	38402.5	686.048	1015.97	809.042	0.0578418	0.942158	0.324531	0.545153	0.130316	1	0
0.581	4.500	1150	38191.8	686.054	1015.97	809.042	0.0534979	0.946502	0.324341	0.546068	0.129592	1	0
0.582	4.500	1150	38199.8	686.054	1015.97	809.042	0.0550983	0.944902	0.324265	0.546182	0.129553	1	0
0.583	4.500	1150	38107.1	686.056	1015.97	809.042	0.0506401	0.94936	0.324455	0.546373	0.129172	1	0
0.584	4.500	1150	38297.9	686.053	1015.97	809.042	0.0504115	0.949588	0.324379	0.545839	0.129782	1	0
0.585	4.500	1150	38304	686.053	1015.97	809.042	0.0504115	0.949588	0.324989	0.545267	0.129744	1	0
0.586	4.500	1150	38069.5	686.06	1015.97	809.042	0.0514403	0.94856	0.32556	0.545458	0.128982	1	0
0.587	4.500	1150	37813.9	686.066	1015.97	809.042	0.0550983	0.944902	0.324874	0.546944	0.128182	1	0
0.588	4.500	1150	37753	686.068	1015.97	809.041	0.0584134	0.941587	0.326665	0.545496	0.127839	1	0
0.589	4.500	1150	37816.6	686.067	1015.97	809.041	0.0550983	0.944902	0.325293	0.546754	0.127953	1	0
0.59	4.500	1150	38043.5	686.061	1015.97	809.042	0.0530407	0.946959	0.324265	0.546906	0.128829	1	0
0.591	4.500	1150	38307.5	686.055	1015.97	809.042	0.0555556	0.944444	0.324684	0.545572	0.129744	1	0
0.592	4.500	1150	38292.2	686.055	1015.97	809.042	0.0546411	0.945359	0.323579	0.546754	0.129668	1	0
0.593	4.500	1150	38195.8	686.058	1015.97	809.042	0.0573845	0.942615	0.323198	0.547668	0.129134	1	0
0.594	4.500	1150	38148.5	686.06	1015.97	809.042	0.0600137	0.939986	0.322512	0.548544	0.128944	1	0
0.595	4.500	1150	38163.3	686.059	1015.97	809.042	0.058299	0.941701	0.321407	0.549497	0.129096	1	0
0.596	4.500	1150	38224.5	686.058	1015.97	809.042	0.0580704	0.94193	0.321902	0.548849	0.129249	1	0
0.597	4.500	1150	38418.1	686.052	1015.97	809.042	0.0565844	0.943416	0.321826	0.548087	0.130087	1	0
0.598	4.500	1150	38461.7	686.048	1015.97	809.042	0.0562414	0.943759	0.321483	0.548316	0.130201	1	0
0.599	4.500	1150	38341	686.052	1015.97	809.042	0.0576132	0.942387	0.321978	0.548163	0.129858	1	0
0.6	4.500	1150	38290.1	686.052	1015.97	809.042	0.0548697	0.94513	0.322779	0.547516	0.129706	1	0
0.601	4.500	1150	38362.8	686.05	1015.97	809.042	0.0589849	0.941015	0.324074	0.546106	0.12982	1	0
0.602	4.500	1150	38425.6	686.048	1015.97	809.042	0.060128	0.939872	0.323655	0.546182	0.130163	1	0
0.603	4.500	1150	38438	686.048	1015.97	809.043	0.0570416	0.942958	0.324303	0.545496	0.130201	1	0
0.604	4.500	1150	38661	686.042	1015.97	809.043	0.0585277	0.941472	0.323884	0.545153	0.130963	1	0
0.605	4.500	1150	38543.3	686.045	1015.97	809.043	0.0625286	0.937471	0.323617	0.545839	0.130544	1	0
0.606	4.500	1150	38562.7	686.047	1015.97	809.042	0.0590992	0.940901	0.32415	0.545306	0.130544	1	0
0.607	4.500	1150	38600.2	686.045	1015.97	809.043	0.060471	0.939529	0.32415	0.545153	0.130697	1	0
0.608	4.500	1150	38730	686.04	1015.97	809.043	0.0606996	0.9393	0.324226	0.544544	0.13123	1	0
0.609	4.500	1150	38536.1	686.046	1015.97	809.042	0.0579561	0.942044	0.324493	0.544886	0.13062	1	0
0.61	4.500	1150	38605.5	686.042	1015.97	809.043	0.061957	0.938043	0.324531	0.54462	0.130849	1	0
0.611	4.500	1150	38690.7	686.039	1015.97	809.043	0.0635574	0.936443	0.323769	0.545115	0.131116	1	0
0.612	4.500	1150	38719.6	686.038	1015.97	809.043	0.0578418	0.942158	0.324379	0.544353	0.131268	1	0
0.613	4.500	1150	38391.3	686.046	1015.97	809.043	0.0579561	0.942044	0.324646	0.544963	0.130392	1	0
0.614	4.500	1150	38535.8	686.042	1015.97	809.043	0.0554412	0.944559	0.323274	0.545953	0.130773	1	0
0.615	4.500	1150	38791.8	686.035	1015.97	809.043	0.056813	0.943187	0.323503	0.54481	0.131687	1	0
0.616	4.500	1150	39018.1	686.029	1015.98	809.044	0.0544124	0.945588	0.322969	0.544696	0.132335	1	0
0.617	4.500	1150	38904.1	686.031	1015.97	809.044	0.0545267	0.945473	0.323541	0.544505	0.131954	1	0
0.618	4.500	1150	38937.9	686.032	1015.98	809.043	0.058299	0.941701	0.323655	0.544467	0.131878	1	0
0.619	4.500	1150	38653.9	686.04	1015.97	809.043	0.0580704	0.94193	0.325103	0.544048	0.130849	1	0
0.62	4.500	1150	38640.4	686.042	1015.97	809.043	0.0602423	0.939758	0.324722	0.544582	0.130697	1	0
0.621	4.500	1150	38517.3	686.044	1015.97	809.043	0.0609282	0.939072	0.324798	0.544772	0.13043	1	0
0.622	4.500	1150	38631.1	686.041	1015.97	809.043	0.058642	0.941358	0.32556	0.543667	0.130773	1	0
0.623	4.500	1150	38693.2	686.039	1015.97	809.043	0.0561271	0.943873	0.325408	0.543667	0.130925	1	0
0.624	4.500	1150	38771.9	686.036	1015.97	809.043	0.0580704	0.94193	0.324265	0.54462	0.131116	1	0
0.625	4.500	1150	38640.6	686.041	1015.97	809.043	0.058299	0.941701	0.324531	0.544848	0.13062	1	0
0.626	4.500	1150	38779.8	686.039	1015.97	809.043	0.0578418	0.942158	0.324188	0.544696	0.131116	1	0
0.627	4.500	1150	38859.6	686.037	1015.98	809.043	0.0545267	0.945473	0.323845	0.544772	0.131382	1	0
0.628	4.500	1150	38630.7	686.042	1015.97	809.043	0.0560128	0.943987	0.323617	0.545801	0.130582	1	0
0.629	4.500	1150	38415.7	686.049	1015.97	809.042	0.0569273	0.943073	0.323693	0.54622	0.130087	1	0
0.63	4.500	1150	38316.7	686.052	1015.97	809.042	0.0588706	0.941129	0.323426	0.546754	0.12982	1	0
0.631	4.500	1150	38398.2	686.049	1015.97	809.042	0.0563557	0.943644	0.323807	0.546144	0.130049	1	0
0.632	4.500	1150	38438	686.048	1015.97	809.042	0.0572702	0.94273	0.324874	0.54481	0.130316	1	0
0.633	4.500	1150	38523.7	686.047	1015.97	809.042	0.0556699	0.94433	0.323579	0.545801	0.13062	1	0
0.634	4.500	1150	38473.1	686.049	1015.97	809.042	0.0580704	0.94193	0.323236	0.54622	0.130544	1	0
0.635	4.500	1150	38380.6	686.053	1015.97	809.042	0.0553269	0.944673	0.322817	0.546906	0.130277	1	0
0.636	4.500	1150	38589.3	686.05	1015.98	809.042	0.0560128	0.943987	0.323312	0.545953	0.130735	1	0
0.637	4.500	1150	38679.6	686.046	1015.98	809.042	0.0572702	0.94273	0.322588	0.54622	0.131192	1	0
0.638	4.500	1150	38902.5	686.039	1015.98	809.043	0.0558985	0.944102	0.323121	0.544886	0.131992	1	0
0.639	4.500	1150	38935.1	686.04	1015.98	809.043	0.0563557	0.943644	0.322664	0.545306	0.13203	1	0
0.64	4.500	1150	38719.1	686.044	1015.98	809.042	0.0555556	0.944444	0.322969	0.545953	0.131078	1	0
0.641	4.500	1150	38634.6	686.045	1015.97	809.042	0.0554412	0.944559	0.32316	0.54603	0.130811	1	0
0.642	4.500	1150	38883.8	686.04	1015.98	809.043	0.0520119	0.947988	0.321902	0.546677	0.131421	1	0
0.643	4.500	1150	38897	686.04	1015.98	809.043	0.0557842	0.944216	0.322016	0.546487	0.131497	1	0
0.644	4.500	1150	38864.9	686.042	1015.98	809.042	0.0573845	0.942615	0.321712	0.546868	0.131421	1	0
0.645	4.500	1150	38724.9	686.045	1015.98	809.042	0.0581847	0.941815	0.321978	0.547135	0.130887	1	0
0.646	4.500	1150	38687.3	686.046	1015.98	809.042	0.0574989	0.942501	0.32194	0.547211	0.130849	1	0
0.647	4.500	1150	38818.1	686.043	1015.98	809.042	0.054984	0.945016	0.321902	0.546906	0.131192	1	0
0.648	4.500	1150	38871.9	686.043	1015.98	809.042	0.0542981	0.945702	0.321292	0.547363	0.131344	1	0
0.649	4.500	1150	39040.9	686.039	1015.98	809.043	0.0555556	0.944444	0.321331	0.546754	0.131916	1	0
0.65	4.500	1150	39116.3	686.037	1015.98	809.043	0.054984	0.945016	0.321559	0.546334	0.132106	1	0
0.651	4.500	1150	39107.1	686.037	1015.98	809.043	0.0554412	0.944559	0.32316	0.544734	0.132106	1	0
0.652	4.500	1150	39150.4	686.037	1015.98	809.043	0.0558985	0.944102	0.323541	0.544315	0.132144	1	0
0.653	4.500	1150	39207.3	686.036	1015.98	809.043	0.0560128	0.943987	0.323312	0.544429	0.132259	1	0
0.654	4.500	1150	38953	686.042	1015.98	809.042	0.0522405	0.947759	0.323312	0.545229	0.131459	1	0
0.655	4.500	1150	38890.3	686.043	1015.98	809.042	0.0557842	0.944216	0.32316	0.545496	0.131344	1	0
0.656	4.500	1150	38746.3	686.046	1015.98	809.042	0.0565844	0.943416	0.323998	0.545001	0.131001	1	0
0.657	4.500	1150	38564.3	686.051	1015.98	809.042	0.0574989	0.942501	0.323464	0.546106	0.13043	1	0
0.658	4.500	1150	38618.4	686.051	1015.98	809.042	0.0521262	0.947874	0.322588	0.546754	0.130658	1	0
0.659	4.500	1150	38751	686.048	1015.98	809.042	0.0536123	0.946388	0.321559	0.547325	0.131116	1	0
0.66	4.500	1150	38912.6	686.042	1015.98	809.042	0.0562414	0.943759	0.322855	0.545534	0.131611	1	0
0.661	4.500	1150	38942	686.041	1015.98	809.042	0.0556699	0.94433	0.322474	0.545839	0.131687	1	0
0.662	4.500	1150	38914.2	686.041	1015.98	809.042	0.0618427	0.938157	0.322474	0.546068	0.131459	1	0
0.663	4.500	1150	38854.7	686.043	1015.98	809.042	0.0588706	0.941129	0.322855	0.545953	0.131192	1	0
0.664	4.500	1150	38832.2	686.043	1015.98	809.042	0.0590992	0.940901	0.32316	0.545687	0.131154	1	0
0.665	4.500	1150	38969.6	686.039	1015.98	809.043	0.0581847	0.941815	0.322969	0.545267	0.131763	1	0
0.666	4.500	1150	39072.5	686.037	1015.98	809.043	0.0609282	0.939072	0.322969	0.544886	0.132144	1	0
0.667	4.500	1150	38959.1	686.042	1015.98	809.042	0.0563557	0.943644	0.322664	0.545915	0.131421	1	0
0.668	4.500	1150	39047.4	686.04	1015.98	809.042	0.0566987	0.943301	0.322664	0.545725	0.131611	1	0
0.669	4.500	1150	39102.7	686.038	1015.98	809.043	0.058642	0.941358	0.321826	0.546258	0.131916	1	0
0.67	4.500	1150	38975	686.041	1015.98	809.042	0.0564701	0.94353	0.321445	0.546906	0.131649	1	0
0.671	4.500	1150	38743.6	686.046	1015.98	809.042	0.0581847	0.941815	0.321483	0.547554	0.130963	1	0
0.672	4.500	1150	38847.9	686.042	1015.98	809.042	0.0565844	0.943416	0.321369	0.547439	0.131192	1	0
0.673	4.500	1150	38910.4	686.041	1015.98	809.043	0.0579561	0.942044	0.321712	0.546754	0.131535	1	0
0.674	4.500	1150	38814.6	686.043	1015.98	809.042	0.0545267	0.945473	0.322207	0.546525	0.131268	1	0
0.675	4.500	1150	39031	686.038	1015.98	809.043	0.0563557	0.943644	0.322283	0.545534	0.132183	1	0
0.676	4.500	1150	38827.8	686.044	1015.98	809.042	0.0526978	0.947302	0.322779	0.545725	0.131497	1	0
0.677	4.500	1150	38601.4	686.051	1015.98	809.042	0.0534979	0.946502	0.323541	0.545801	0.130658	1	0
0.678	4.500	1150	38606.5	686.05	1015.98	809.042	0.0532693	0.946731	0.322893	0.546411	0.130697	1	0
0.679	4.500	1150	38511.4	686.052	1015.98	809.042	0.0536123	0.946388	0.322436	0.547173	0.130392	1	0
0.68	4.500	1150	38219.2	686.058	1015.97	809.042	0.0545267	0.945473	0.322055	0.548468	0.129477	1	0
0.681	4.500	1150	38511.2	686.051	1015.97	809.042	0.0576132	0.942387	0.321788	0.54763	0.130582	1	0
0.682	4.500	1150	38510.8	686.051	1015.97	809.042	0.0600137	0.939986	0.322702	0.54683	0.130468	1	0
0.683	4.500	1150	38412.6	686.052	1015.97	809.042	0.0600137	0.939986	0.321674	0.548278	0.130049	1	0
0.684	4.500	1150	38490	686.051	1015.97	809.042	0.0576132	0.942387	0.321369	0.548354	0.130277	1	0
0.685	4.500	1150	38626.5	686.048	1015.98	809.042	0.0576132	0.942387	0.321864	0.547401	0.130735	1	0
0.686	4.500	1150	38530.3	686.05	1015.97	809.042	0.0609282	0.939072	0.321978	0.54782	0.130201	1	0
0.687	4.500	1150	38253.4	686.058	1015.97	809.042	0.060128	0.939872	0.322131	0.548583	0.129287	1	0
0.688	4.500	1150	38216.6	686.059	1015.97	809.042	0.0596708	0.940329	0.322931	0.54782	0.129249	1	0
0.689	4.500	1150	38387.5	686.054	1015.97	809.042	0.0596708	0.940329	0.321826	0.548201	0.129973	1	0
0.69	4.500	1150	38658.5	686.048	1015.98	809.042	0.0594422	0.940558	0.321902	0.547249	0.130849	1	0
0.691	4.500	1150	38514.4	686.051	1015.97	809.042	0.0598994	0.940101	0.321712	0.547935	0.130354	1	0
0.692	4.500	1150	38436.9	686.053	1015.97	809.042	0.0573845	0.942615	0.321788	0.548163	0.130049	1	0
0.693	4.500	1150	38661.3	686.048	1015.98	809.042	0.0552126	0.944787	0.321026	0.548163	0.130811	1	0
0.694	4.500	1150	38610.1	686.049	1015.98	809.042	0.0576132	0.942387	0.320226	0.54904	0.130735	1	0
0.695	4.500	1150	38682.8	686.048	1015.98	809.042	0.0566987	0.943301	0.319768	0.549345	0.130887	1	0
0.696	4.500	1150	38889.2	686.043	1015.98	809.042	0.0558985	0.944102	0.321064	0.547363	0.131573	1	0
0.697	4.500	1150	38927.9	686.042	1015.98	809.042	0.0594422	0.940558	0.320187	0.548163	0.131649	1	0
0.698	4.500	1150	39096.5	686.038	1015.98	809.043	0.0590992	0.940901	0.321216	0.546601	0.132183	1	0
0.699	4.500	1150	39467	686.029	1015.98	809.043	0.0570416	0.942958	0.321597	0.54481	0.133592	1	0
0.7	4.500	1150	39272.9	686.034	1015.98	809.043	0.0588706	0.941129	0.32114	0.545839	0.133021	1	0
0.701	4.500	1150	39148.9	686.036	1015.98	809.043	0.0594422	0.940558	0.321597	0.545991	0.132411	1	0
0.702	4.500	1150	38824.8	686.044	1015.98	809.042	0.0589849	0.941015	0.321826	0.54702	0.131154	1	0
0.703	4.500	1150	38902	686.042	1015.98	809.042	0.0570416	0.942958	0.322817	0.545763	0.131421	1	0
0.704	4.500	1150	39081.8	686.036	1015.98	809.043	0.0564701	0.94353	0.323388	0.544658	0.131954	1	0
0.705	4.500	1150	39063.4	686.034	1015.98	809.043	0.0570416	0.942958	0.323426	0.544544	0.13203	1	0
0.706	4.500	1150	38997.7	686.036	1015.98	809.043	0.0522405	0.947759	0.321254	0.546601	0.132144	1	0
0.707	4.500	1150	39063.4	686.034	1015.98	809.043	0.0537266	0.946273	0.321712	0.545915	0.132373	1	0
0.708	4.500	1150	38973.9	686.035	1015.98	809.043	0.0570416	0.942958	0.322207	0.545801	0.131992	1	0
0.709	4.500	1150	38911.4	686.036	1015.98	809.043	0.0534979	0.946502	0.32194	0.546296	0.131763	1	0
0.71	4.500	1150	38958.9	686.036	1015.98	809.043	0.0563557	0.943644	0.321559	0.546487	0.131954	1	0
0.711	4.500	1150	38730.1	686.042	1015.98	809.043	0.0571559	0.942844	0.321864	0.546982	0.131154	1	0
0.712	4.500	1150	38845.1	686.04	1015.98	809.043	0.0538409	0.946159	0.320911	0.54763	0.131459	1	0
0.713	4.500	1150	38880.9	686.04	1015.98	809.043	0.04984	0.95016	0.320607	0.547897	0.131497	1	0
0.714	4.500	1150	38925.2	686.037	1015.98	809.043	0.0528121	0.947188	0.321102	0.547287	0.131611	1	0
0.715	4.500	1150	38897.4	686.039	1015.98	809.043	0.0540695	0.94593	0.320073	0.548354	0.131573	1	0
0.716	4.500	1150	39138.8	686.032	1015.98	809.043	0.0533836	0.946616	0.31893	0.548583	0.132487	1	0
0.717	4.500	1150	39285.6	686.029	1015.98	809.043	0.0579561	0.942044	0.318968	0.548011	0.133021	1	0
0.718	4.500	1150	39103.9	686.034	1015.98	809.043	0.0593278	0.940672	0.318778	0.548925	0.132297	1	0
0.719	4.500	1150	39157.8	686.033	1015.98	809.043	0.0570416	0.942958	0.319883	0.547554	0.132564	1	0
0.72	4.500	1150	39098.7	686.036	1015.98	809.043	0.0616141	0.938386	0.321292	0.546296	0.132411	1	0
0.721	4.500	1150	39172.7	686.033	1015.98	809.043	0.0581847	0.941815	0.32114	0.546296	0.132564	1	0
0.722	4.500	1150	39093.3	686.034	1015.98	809.043	0.0596708	0.940329	0.320149	0.547554	0.132297	1	0
0.723	4.500	1150	38964.3	686.038	1015.98	809.043	0.0598994	0.940101	0.320416	0.547859	0.131725	1	0
0.724	4.500	1150	39025.1	686.036	1015.98	809.043	0.0613855	0.938615	0.320226	0.547782	0.131992	1	0
0.725	4.500	1150	39176.3	686.032	1015.98	809.043	0.0643576	0.935642	0.320378	0.547058	0.132564	1	0
0.726	4.500	1150	39087	686.035	1015.98	809.043	0.0596708	0.940329	0.319845	0.547897	0.132259	1	0
0.727	4.500	1150	39123.3	686.034	1015.98	809.043	0.0585277	0.941472	0.319159	0.548544	0.132297	1	0
0.728	4.500	1150	39165.5	686.033	1015.98	809.043	0.0606996	0.9393	0.319463	0.548087	0.132449	1	0
0.729	4.500	1150	39484.4	686.025	1015.98	809.043	0.0570416	0.942958	0.319502	0.546754	0.133745	1	0
0.73	4.500	1150	39467.8	686.026	1015.98	809.043	0.0556699	0.94433	0.319349	0.54683	0.133821	1	0
0.731	4.500	1150	39162.3	686.033	1015.98	809.043	0.0566987	0.943301	0.317749	0.549459	0.132792	1	0
0.732	4.500	1150	38892.6	686.041	1015.98	809.043	0.0566987	0.943301	0.318092	0.549992	0.131916	1	0
0.733	4.500	1150	39308.7	686.03	1015.98	809.043	0.0571559	0.942844	0.318397	0.548392	0.133211	1	0
0.734	4.500	1150	39265.6	686.033	1015.98	809.043	0.0569273	0.943073	0.318854	0.548011	0.133135	1	0
0.735	4.500	1150	39356.5	686.031	1015.98	809.043	0.0595565	0.940444	0.31893	0.547668	0.133402	1	0
0.736	4.500	1150	39257.8	686.032	1015.98	809.043	0.0602423	0.939758	0.318549	0.548316	0.133135	1	0
0.737	4.500	1150	39461.9	686.027	1015.98	809.043	0.0560128	0.943987	0.318282	0.547973	0.133745	1	0
0.738	4.500	1150	39587.4	686.024	1015.98	809.043	0.0554412	0.944559	0.318244	0.547668	0.134088	1	0
0.739	4.500	1150	39820.3	686.019	1015.98	809.043	0.056813	0.943187	0.318016	0.547325	0.134659	1	0
0.74	4.500	1150	39667.3	686.025	1015.98	809.043	0.058299	0.941701	0.31874	0.547135	0.134126	1	0
0.741	4.500	1150	39636.9	686.026	1015.98	809.043	0.0602423	0.939758	0.319082	0.546906	0.134012	1	0
0.742	4.500	1150	39502.1	686.029	1015.98	809.043	0.0610425	0.938957	0.319387	0.547249	0.133364	1	0
0.743	4.500	1150	39665.4	686.025	1015.98	809.043	0.0585277	0.941472	0.319311	0.546792	0.133897	1	0
0.744	4.500	1150	39500.5	686.029	1015.98	809.043	0.0560128	0.943987	0.318511	0.548087	0.133402	1	0
0.745	4.500	1150	39463.4	686.029	1015.98	809.043	0.0603567	0.939643	0.317825	0.548811	0.133364	1	0
0.746	4.500	1150	39472.9	686.028	1015.98	809.043	0.0605853	0.939415	0.317177	0.549459	0.133364	1	0
0.747	4.500	1150	39450.3	686.029	1015.98	809.043	0.0580704	0.94193	0.317215	0.549535	0.13325	1	0
0.748	4.500	1150	39534.1	686.029	1015.98	809.043	0.0545267	0.945473	0.317177	0.549345	0.133478	1	0
0.749	4.500	1150	39521.9	686.028	1015.98	809.043	0.0580704	0.94193	0.316225	0.550373	0.133402	1	0
0.75	4.500	1150	39531.5	686.029	1015.98	809.043	0.0561271	0.943873	0.315996	0.550602	0.133402	1	0
0.751	4.500	1150	39380.6	686.032	1015.98	809.043	0.0542981	0.945702	0.315844	0.551174	0.132983	1	0
0.752	4.500	1150	39370.9	686.031	1015.98	809.043	0.0553269	0.944673	0.317787	0.549116	0.133097	1	0
0.753	4.500	1150	39151	686.035	1015.98	809.043	0.0548697	0.94513	0.317063	0.550602	0.132335	1	0
0.754	4.500	1150	39210.3	686.032	1015.98	809.043	0.0564701	0.94353	0.31874	0.548735	0.132526	1	0
0.755	4.500	1150	39260.3	686.031	1015.98	809.043	0.0561271	0.943873	0.319845	0.547478	0.132678	1	0
0.756	4.500	1150	39165.1	686.033	1015.98	809.043	0.0569273	0.943073	0.320073	0.547592	0.132335	1	0
0.757	4.500	1150	39215.6	686.032	1015.98	809.043	0.0545267	0.945473	0.320797	0.546601	0.132602	1	0
0.758	4.500	1150	39168.7	686.034	1015.98	809.043	0.0563557	0.943644	0.321483	0.546068	0.132449	1	0
0.759	4.500	1150	39152.5	686.035	1015.98	809.043	0.0558985	0.944102	0.321674	0.545953	0.132373	1	0
0.76	4.500	1150	39059.4	686.037	1015.98	809.043	0.0548697	0.94513	0.322588	0.545382	0.13203	1	0
0.761	4.500	1150	39137.3	686.037	1015.98	809.043	0.0546411	0.945359	0.322321	0.545458	0.132221	1	0
0.762	4.500	1150	39088.8	686.039	1015.98	809.042	0.0536123	0.946388	0.323769	0.544353	0.131878	1	0
0.763	4.500	1150	39156.6	686.037	1015.98	809.042	0.0517833	0.948217	0.323388	0.544353	0.132259	1	0
0.764	4.500	1150	39185.4	686.037	1015.98	809.042	0.0539552	0.946045	0.323845	0.543858	0.132297	1	0
0.765	4.500	1150	39277.5	686.035	1015.98	809.043	0.0572702	0.94273	0.324989	0.542372	0.13264	1	0
0.766	4.500	1150	39071.3	686.04	1015.98	809.042	0.0550983	0.944902	0.324608	0.543477	0.131916	1	0
0.767	4.500	1150	38930.6	686.043	1015.98	809.042	0.056813	0.943187	0.323884	0.544658	0.131459	1	0
0.768	4.500	1150	38908.5	686.041	1015.98	809.042	0.0542981	0.945702	0.324112	0.544353	0.131535	1	0
0.769	4.500	1150	38712.4	686.045	1015.98	809.042	0.0558985	0.944102	0.323236	0.545877	0.130887	1	0
0.77	4.500	1150	38871.5	686.042	1015.98	809.042	0.0554412	0.944559	0.323274	0.545344	0.131382	1	0
0.771	4.500	1150	38872.5	686.04	1015.98	809.043	0.0598994	0.940101	0.323198	0.545306	0.131497	1	0
0.772	4.500	1150	38791.1	686.042	1015.98	809.042	0.0556699	0.94433	0.323083	0.54561	0.131306	1	0
0.773	4.500	1150	38537.2	686.048	1015.97	809.042	0.0546411	0.945359	0.323579	0.545877	0.130544	1	0
0.774	4.500	1150	38560.7	686.047	1015.97	809.042	0.0594422	0.940558	0.324036	0.545267	0.130697	1	0
0.775	4.500	1150	38534	686.047	1015.97	809.042	0.054984	0.945016	0.32476	0.544696	0.130544	1	0
0.776	4.500	1150	38480.8	686.048	1015.97	809.042	0.0514403	0.94856	0.324074	0.54561	0.130316	1	0
0.777	4.500	1150	38512.9	686.049	1015.97	809.042	0.0532693	0.946731	0.324455	0.545077	0.130468	1	0
0.778	4.500	1150	38537.8	686.047	1015.97	809.042	0.0555556	0.944444	0.324074	0.545382	0.130544	1	0
0.779	4.500	1150	38541.4	686.048	1015.97	809.042	0.0587563	0.941244	0.324265	0.545191	0.130544	1	0
0.78	4.500	1150	38580.2	686.046	1015.97	809.042	0.0588706	0.941129	0.323617	0.545877	0.130506	1	0
0.781	4.500	1150	38747.5	686.04	1015.98	809.043	0.0570416	0.942958	0.323769	0.545153	0.131078	1	0
0.782	4.500	1150	38738.3	686.041	1015.98	809.043	0.0572702	0.94273	0.323922	0.545115	0.130963	1	0
0.783	4.500	1150	38566.4	686.046	1015.97	809.042	0.0534979	0.946502	0.32255	0.547135	0.130316	1	0
0.784	4.500	1150	38543.6	686.046	1015.97	809.042	0.0570416	0.942958	0.321674	0.548011	0.130316	1	0
0.785	4.500	1150	38552.7	686.045	1015.97	809.042	0.0589849	0.941015	0.32095	0.548468	0.130582	1	0
0.786	4.500	1150	38461.2	686.046	1015.97	809.042	0.0572702	0.94273	0.321559	0.548163	0.130277	1	0
0.787	4.500	1150	38504.5	686.046	1015.97	809.042	0.0570416	0.942958	0.32034	0.54923	0.13043	1	0
0.788	4.500	1150	38486.3	686.047	1015.97	809.042	0.0560128	0.943987	0.319425	0.550107	0.130468	1	0
0.789	4.500	1150	38537.8	686.045	1015.97	809.042	0.0577275	0.942273	0.321102	0.548316	0.130582	1	0
0.79	4.500	1150	38684.3	686.042	1015.97	809.043	0.0571559	0.942844	0.321788	0.547249	0.130963	1	0
0.791	4.500	1150	38562	686.046	1015.97	809.042	0.0550983	0.944902	0.321635	0.547897	0.130468	1	0
0.792	4.500	1150	38469.8	686.049	1015.97	809.042	0.0566987	0.943301	0.321635	0.54824	0.130125	1	0
0.793	4.500	1150	38395.8	686.051	1015.97	809.042	0.051669	0.948331	0.322093	0.547973	0.129934	1	0
0.794	4.500	1150	38466	686.051	1015.97	809.042	0.0530407	0.946959	0.321978	0.547897	0.130125	1	0
0.795	4.500	1150	38506.3	686.049	1015.97	809.042	0.0502972	0.949703	0.322436	0.547173	0.130392	1	0
0.796	4.500	1150	38669.4	686.045	1015.98	809.042	0.0544124	0.945588	0.322817	0.54622	0.130963	1	0
0.797	4.500	1150	38740.1	686.044	1015.98	809.042	0.0560128	0.943987	0.323464	0.545267	0.131268	1	0
0.798	4.500	1150	38751.4	686.043	1015.98	809.042	0.054984	0.945016	0.323503	0.545229	0.131268	1	0
0.799	4.500	1150	38912.3	686.04	1015.98	809.043	0.0603567	0.939643	0.32316	0.545115	0.131725	1	0
0.8	4.500	1150	38984.5	686.038	1015.98	809.043	0.0608139	0.939186	0.323312	0.544582	0.132106	1	0
0.801	4.500	1150	39260.3	686.03	1015.98	809.043	0.0597851	0.940215	0.323655	0.543362	0.132983	1	0
0.802	4.500	1150	39378.8	686.027	1015.98	809.043	0.0613855	0.938615	0.323998	0.5426	0.133402	1	0
0.803	4.500	1150	39344.3	686.028	1015.98	809.043	0.0600137	0.939986	0.324493	0.542295	0.133211	1	0
0.804	4.500	1150	39438.9	686.025	1015.98	809.043	0.0612711	0.938729	0.323579	0.542829	0.133592	1	0
0.805	4.500	1150	39440.3	686.025	1015.98	809.043	0.0530407	0.946959	0.323731	0.542867	0.133402	1	0
0.806	4.500	1150	39406.6	686.026	1015.98	809.043	0.0580704	0.94193	0.324379	0.542295	0.133326	1	0
0.807	4.500	1150	39339.4	686.027	1015.98	809.043	0.0560128	0.943987	0.324455	0.542448	0.133097	1	0
0.808	4.500	1150	39271.9	686.03	1015.98	809.043	0.0564701	0.94353	0.324646	0.5426	0.132754	1	0
0.809	4.500	1150	39150.1	686.032	1015.98	809.043	0.0613855	0.938615	0.32495	0.542486	0.132564	1	0
0.81	4.500	1150	39314	686.028	1015.98	809.043	0.0595565	0.940444	0.325674	0.541267	0.133059	1	0
0.811	4.500	1150	39531.5	686.026	1015.98	809.043	0.058299	0.941701	0.325446	0.540924	0.133631	1	0
0.812	4.500	1150	39649	686.023	1015.98	809.043	0.0555556	0.944444	0.324798	0.541076	0.134126	1	0
0.813	4.500	1150	39467.2	686.027	1015.98	809.043	0.0593278	0.940672	0.324531	0.541876	0.133592	1	0
0.814	4.500	1150	39327.4	686.031	1015.98	809.043	0.0560128	0.943987	0.324455	0.542448	0.133097	1	0
0.815	4.500	1150	39060.6	686.036	1015.98	809.043	0.0585277	0.941472	0.324455	0.543286	0.132259	1	0
0.816	4.500	1150	38964.4	686.039	1015.98	809.043	0.0569273	0.943073	0.324112	0.54401	0.131878	1	0
0.817	4.500	1150	38884.2	686.04	1015.98	809.043	0.0564701	0.94353	0.323464	0.544582	0.131954	1	0
0.818	4.500	1150	39064.6	686.036	1015.98	809.043	0.0540695	0.94593	0.32316	0.544086	0.132754	1	0
0.819	4.500	1150	39112.1	686.032	1015.98	809.043	0.0534979	0.946502	0.323655	0.543515	0.13283	1	0
0.82	4.500	1150	39239.2	686.03	1015.98	809.043	0.0517833	0.948217	0.323388	0.5434	0.133211	1	0
0.821	4.500	1150	39242.6	686.029	1015.98	809.043	0.0562414	0.943759	0.323236	0.543553	0.133211	1	0
0.822	4.500	1150	39286.8	686.028	1015.98	809.043	0.0528121	0.947188	0.322931	0.543743	0.133326	1	0
0.823	4.500	1150	39172.7	686.031	1015.98	809.043	0.0565844	0.943416	0.323007	0.543972	0.133021	1	0
0.824	4.500	1150	39260.7	686.027	1015.98	809.043	0.0529264	0.947074	0.323198	0.543248	0.133554	1	0
0.825	4.500	1150	39136.6	686.03	1015.98	809.043	0.0504115	0.949588	0.32335	0.543553	0.133097	1	0
0.826	4.500	1150	39241.5	686.027	1015.98	809.043	0.0515546	0.948445	0.323617	0.542867	0.133516	1	0
0.827	4.500	1150	39179.2	686.029	1015.98	809.043	0.0536123	0.946388	0.32274	0.543896	0.133364	1	0
0.828	4.500	1150	39097.1	686.031	1015.98	809.043	0.0547554	0.945245	0.323083	0.543972	0.132945	1	0
0.829	4.500	1150	39337.8	686.026	1015.98	809.043	0.0564701	0.94353	0.323693	0.542562	0.133745	1	0
0.83	4.500	1150	39534.8	686.022	1015.98	809.044	0.0552126	0.944787	0.32316	0.54241	0.134431	1	0
0.831	4.500	1150	39382.1	686.025	1015.98	809.043	0.0539552	0.946045	0.323807	0.542333	0.133859	1	0
0.832	4.500	1150	39650.1	686.019	1015.98	809.044	0.0560128	0.943987	0.323655	0.541571	0.134774	1	0
0.833	4.500	1150	39660.3	686.019	1015.98	809.044	0.0541838	0.945816	0.322398	0.542867	0.134736	1	0
0.834	4.500	1150	39606.7	686.021	1015.98	809.044	0.0521262	0.947874	0.321559	0.544048	0.134393	1	0
0.835	4.500	1150	39641.2	686.019	1015.98	809.044	0.0537266	0.946273	0.321369	0.544162	0.134469	1	0
0.836	4.500	1150	39666.2	686.018	1015.98	809.044	0.0548697	0.94513	0.321178	0.544239	0.134583	1	0
0.837	4.500	1150	39550.7	686.022	1015.98	809.043	0.04984	0.95016	0.321331	0.544505	0.134164	1	0
0.838	4.500	1150	39342.9	686.026	1015.98	809.043	0.0512117	0.948788	0.321483	0.545077	0.13344	1	0
0.839	4.500	1150	39368.1	686.027	1015.98	809.043	0.0522405	0.947759	0.321521	0.545001	0.133478	1	0
0.84	4.500	1150	39422.1	686.027	1015.98	809.043	0.051669	0.948331	0.320645	0.545649	0.133707	1	0
0.841	4.500	1150	39185.2	686.033	1015.98	809.043	0.0558985	0.944102	0.320492	0.546449	0.133059	1	0
0.842	4.500	1150	39000.7	686.037	1015.98	809.043	0.0540695	0.94593	0.321331	0.54622	0.132449	1	0
0.843	4.500	1150	39222.4	686.032	1015.98	809.043	0.0552126	0.944787	0.321369	0.545496	0.133135	1	0
0.844	4.500	1150	39225.7	686.031	1015.98	809.043	0.0537266	0.946273	0.322055	0.544848	0.133097	1	0
0.845	4.500	1150	39250.7	686.032	1015.98	809.043	0.0554412	0.944559	0.321292	0.545496	0.133211	1	0
0.846	4.500	1150	39207.8	686.033	1015.98	809.043	0.0564701	0.94353	0.320302	0.546601	0.133097	1	0
0.847	4.500	1150	39253.8	686.031	1015.98	809.043	0.0548697	0.94513	0.320988	0.545763	0.13325	1	0
0.848	4.500	1150	39178.8	686.034	1015.98	809.043	0.0533836	0.946616	0.320721	0.546373	0.132907	1	0
0.849	4.500	1150	39167.2	686.035	1015.98	809.043	0.0522405	0.947759	0.320111	0.547058	0.13283	1	0
0.85	4.500	1150	39156.3	686.035	1015.98	809.043	0.0522405	0.947759	0.321331	0.545991	0.132678	1	0
0.851	4.500	1150	39042.5	686.039	1015.98	809.043	0.0510974	0.948903	0.32194	0.545725	0.132335	1	0
0.852	4.500	1150	38897.2	686.041	1015.98	809.042	0.0521262	0.947874	0.321254	0.54702	0.131725	1	0
0.853	4.500	1150	38892.6	686.04	1015.98	809.043	0.0555556	0.944444	0.321369	0.546868	0.131763	1	0
0.854	4.500	1150	38886.5	686.041	1015.98	809.042	0.0554412	0.944559	0.322016	0.54622	0.131763	1	0
0.855	4.500	1150	38744.4	686.045	1015.98	809.042	0.0556699	0.94433	0.32194	0.546754	0.131306	1	0
0.856	4.500	1150	38885.6	686.042	1015.98	809.042	0.0569273	0.943073	0.322055	0.546144	0.131802	1	0
0.857	4.500	1150	38689.8	686.047	1015.98	809.042	0.0569273	0.943073	0.323388	0.54542	0.131192	1	0
0.858	4.500	1150	38780.1	686.045	1015.98	809.042	0.058642	0.941358	0.323426	0.545191	0.131382	1	0
0.859	4.500	1150	38805.4	686.044	1015.98	809.042	0.060128	0.939872	0.323198	0.545382	0.131421	1	0
0.86	4.500	1150	38790.1	686.043	1015.98	809.042	0.056813	0.943187	0.32255	0.546334	0.131116	1	0
0.861	4.500	1150	38831.8	686.04	1015.98	809.043	0.0558985	0.944102	0.322207	0.546487	0.131306	1	0
0.862	4.500	1150	38791.4	686.042	1015.98	809.042	0.0593278	0.940672	0.322398	0.546449	0.131154	1	0
0.863	4.500	1150	38828.7	686.041	1015.98	809.043	0.0571559	0.942844	0.322169	0.546601	0.13123	1	0
0.864	4.500	1150	39024.2	686.038	1015.98	809.043	0.0560128	0.943987	0.322588	0.545496	0.131916	1	0
0.865	4.500	1150	38920.2	686.039	1015.98	809.043	0.0540695	0.94593	0.322588	0.545763	0.131649	1	0
0.866	4.500	1150	39003.9	686.037	1015.98	809.043	0.0537266	0.946273	0.32335	0.544772	0.131878	1	0
0.867	4.500	1150	39024.2	686.038	1015.98	809.043	0.0560128	0.943987	0.32194	0.545991	0.132068	1	0
0.868	4.500	1150	39009	686.038	1015.98	809.043	0.0627572	0.937243	0.321712	0.546182	0.132106	1	0
0.869	4.500	1150	39292.5	686.032	1015.98	809.043	0.0618427	0.938157	0.321902	0.545115	0.132983	1	0
0.87	4.500	1150	39322.2	686.031	1015.98	809.043	0.0602423	0.939758	0.321102	0.545801	0.133097	1	0
0.871	4.500	1150	39381.8	686.029	1015.98	809.043	0.0618427	0.938157	0.320416	0.546144	0.13344	1	0
0.872	4.500	1150	39371.9	686.03	1015.98	809.043	0.0597851	0.940215	0.319806	0.54683	0.133364	1	0
0.873	4.500	1150	39498.2	686.027	1015.98	809.043	0.0634431	0.936557	0.319502	0.546754	0.133745	1	0
0.874	4.500	1150	39270.4	686.032	1015.98	809.043	0.0596708	0.940329	0.32034	0.54683	0.13283	1	0
0.875	4.500	1150	39232.5	686.032	1015.98	809.043	0.0589849	0.941015	0.319121	0.548125	0.132754	1	0
0.876	4.500	1150	39303.4	686.029	1015.98	809.043	0.0611568	0.938843	0.318054	0.54904	0.132907	1	0
0.877	4.500	1150	39319.2	686.031	1015.98	809.043	0.0595565	0.940444	0.317825	0.549192	0.132983	1	0
0.878	4.500	1150	39367.9	686.03	1015.98	809.043	0.0570416	0.942958	0.317253	0.549421	0.133326	1	0
0.879	4.500	1150	39305.7	686.03	1015.98	809.043	0.0550983	0.944902	0.317635	0.549268	0.133097	1	0
0.88	4.500	1150	39377.6	686.028	1015.98	809.043	0.0593278	0.940672	0.31752	0.549192	0.133288	1	0
0.881	4.500	1150	39289.2	686.03	1015.98	809.043	0.0552126	0.944787	0.317787	0.549345	0.132868	1	0
0.882	4.500	1150	39290.3	686.03	1015.98	809.043	0.0547554	0.945245	0.318168	0.548925	0.132907	1	0
0.883	4.500	1150	39236.4	686.032	1015.98	809.043	0.0556699	0.94433	0.317825	0.549497	0.132678	1	0
0.884	4.500	1150	39267.8	686.032	1015.98	809.043	0.0565844	0.943416	0.319121	0.548087	0.132792	1	0
0.885	4.500	1150	39280.9	686.031	1015.98	809.043	0.0581847	0.941815	0.31973	0.547401	0.132868	1	0
0.886	4.500	1150	39045.5	686.036	1015.98	809.043	0.0553269	0.944673	0.320683	0.547058	0.132259	1	0
0.887	4.500	1150	39058.1	686.036	1015.98	809.043	0.0539552	0.946045	0.321331	0.546258	0.132411	1	0
0.888	4.500	1150	39281.6	686.03	1015.98	809.043	0.0545267	0.945473	0.321445	0.545344	0.133211	1	0
0.889	4.500	1150	39254.9	686.031	1015.98	809.043	0.0538409	0.946159	0.320911	0.54603	0.133059	1	0
0.89	4.500	1150	39134.8	686.035	1015.98	809.043	0.0561271	0.943873	0.32095	0.546334	0.132716	1	0
0.891	4.500	1150	39092.3	686.036	1015.98	809.043	0.0557842	0.944216	0.321216	0.546449	0.132335	1	0
0.892	4.500	1150	39243.9	686.033	1015.98	809.043	0.0545267	0.945473	0.32114	0.545991	0.132868	1	0
0.893	4.500	1150	39215.6	686.034	1015.98	809.043	0.0539552	0.946045	0.32114	0.546068	0.132792	1	0
0.894	4.500	1150	39027.2	686.039	1015.98	809.042	0.0555556	0.944444	0.321254	0.546601	0.132144	1	0
0.895	4.500	1150	38985.4	686.04	1015.98	809.042	0.058642	0.941358	0.321521	0.546563	0.131916	1	0
0.896	4.500	1150	39075.2	686.038	1015.98	809.043	0.0645862	0.935414	0.321064	0.546715	0.132221	1	0
0.897	4.500	1150	38822	686.044	1015.98	809.042	0.0617284	0.938272	0.320721	0.547935	0.131344	1	0
0.898	4.500	1150	38567	686.051	1015.98	809.042	0.0577275	0.942273	0.321483	0.548049	0.130468	1	0
0.899	4.500	1150	38567.2	686.05	1015.98	809.042	0.0585277	0.941472	0.32194	0.547744	0.130316	1	0
0.9	4.500	1150	38643.6	686.049	1015.98	809.042	0.0598994	0.940101	0.32175	0.547706	0.130544	1	0
0.901	4.500	1150	38656.8	686.05	1015.98	809.042	0.0593278	0.940672	0.321407	0.547973	0.13062	1	0
0.902	4.500	1150	38704.8	686.049	1015.98	809.042	0.0572702	0.94273	0.322207	0.54702	0.130773	1	0
0.903	4.500	1150	38999.8	686.043	1015.98	809.042	0.0556699	0.94433	0.32274	0.545496	0.131763	1	0
0.904	4.500	1150	39018.3	686.041	1015.98	809.042	0.0571559	0.942844	0.32316	0.545077	0.131763	1	0
0.905	4.500	1150	38829.2	686.047	1015.98	809.042	0.0579561	0.942044	0.324036	0.545001	0.130963	1	0
0.906	4.500	1150	38797.6	686.047	1015.98	809.042	0.0594422	0.940558	0.323922	0.544963	0.131116	1	0
0.907	4.500	1150	38790.5	686.046	1015.98	809.042	0.0528121	0.947188	0.322817	0.54603	0.131154	1	0
0.908	4.500	1150	38864	686.045	1015.98	809.042	0.0520119	0.947988	0.323693	0.54481	0.131497	1	0
0.909	4.500	1150	38831.8	686.045	1015.98	809.042	0.0538409	0.946159	0.323007	0.545725	0.131268	1	0
0.91	4.500	1150	38991.7	686.04	1015.98	809.042	0.0555556	0.944444	0.323845	0.544391	0.131763	1	0
0.911	4.500	1150	39119.4	686.037	1015.98	809.043	0.0546411	0.945359	0.323617	0.544162	0.132221	1	0
0.912	4.500	1150	39069.3	686.038	1015.98	809.043	0.0585277	0.941472	0.322283	0.545572	0.132144	1	0
0.913	4.500	1150	39282.7	686.032	1015.98	809.043	0.0588706	0.941129	0.322283	0.544886	0.13283	1	0
0.914	4.500	1150	39113.1	686.037	1015.98	809.043	0.0576132	0.942387	0.322474	0.545229	0.132297	1	0
0.915	4.500	1150	39031.6	686.039	1015.98	809.043	0.0585277	0.941472	0.322016	0.545915	0.132068	1	0
0.916	4.500	1150	38936	686.042	1015.98	809.042	0.0571559	0.942844	0.320759	0.547516	0.131725	1	0
0.917	4.500	1150	38801.9	686.045	1015.98	809.042	0.0596708	0.940329	0.32053	0.54824	0.13123	1	0
0.918	4.500	1150	38810.5	686.043	1015.98	809.042	0.0548697	0.94513	0.31954	0.549268	0.131192	1	0
0.919	4.500	1150	38670.5	686.047	1015.98	809.042	0.054984	0.945016	0.319197	0.550259	0.130544	1	0
0.92	4.500	1150	38782.6	686.044	1015.98	809.042	0.0574989	0.942501	0.319768	0.549345	0.130887	1	0
0.921	4.500	1150	38503.8	686.051	1015.97	809.042	0.058299	0.941701	0.320454	0.549497	0.130049	1	0
0.922	4.500	1150	38181.6	686.057	1015.97	809.042	0.0617284	0.938272	0.320721	0.550297	0.128982	1	0
0.923	4.500	1150	38136.4	686.058	1015.97	809.042	0.0598994	0.940101	0.322169	0.548887	0.128944	1	0
0.924	4.500	1150	38094.2	686.06	1015.97	809.042	0.0580704	0.94193	0.322855	0.548278	0.128868	1	0
0.925	4.500	1150	38086.9	686.06	1015.97	809.042	0.056813	0.943187	0.322779	0.548278	0.128944	1	0
0.926	4.500	1150	38106.9	686.059	1015.97	809.042	0.0589849	0.941015	0.322855	0.548163	0.128982	1	0
0.927	4.500	1150	37947.7	686.063	1015.97	809.042	0.0562414	0.943759	0.323121	0.548316	0.128563	1	0
0.928	4.500	1150	37992.2	686.062	1015.97	809.042	0.0571559	0.942844	0.323198	0.547973	0.128829	1	0
0.929	4.500	1150	38052.6	686.061	1015.97	809.042	0.0590992	0.940901	0.323198	0.547935	0.128868	1	0
0.93	4.500	1150	38231	686.055	1015.97	809.042	0.051326	0.948674	0.323007	0.547706	0.129287	1	0
0.931	4.500	1150	38177.4	686.055	1015.97	809.042	0.0592135	0.940786	0.321331	0.549383	0.129287	1	0
0.932	4.500	1150	38257.5	686.053	1015.97	809.042	0.0554412	0.944559	0.321445	0.549078	0.129477	1	0
0.933	4.500	1150	38314.3	686.051	1015.97	809.042	0.0554412	0.944559	0.322245	0.548049	0.129706	1	0
0.934	4.500	1150	38059.4	686.054	1015.97	809.042	0.0556699	0.94433	0.321978	0.549116	0.128906	1	0
0.935	4.500	1150	37989.6	686.055	1015.97	809.042	0.0547554	0.945245	0.32194	0.549383	0.128677	1	0
0.936	4.500	1150	37966.9	686.055	1015.97	809.042	0.0584134	0.941587	0.320569	0.550754	0.128677	1	0
0.937	4.500	1150	38300.1	686.046	1015.97	809.043	0.058299	0.941701	0.321407	0.548849	0.129744	1	0
0.938	4.500	1150	38194.9	686.05	1015.97	809.043	0.061957	0.938043	0.321674	0.54904	0.129287	1	0
0.939	4.500	1150	38361.9	686.045	1015.97	809.043	0.0584134	0.941587	0.322093	0.548011	0.129896	1	0
0.94	4.500	1150	38122.4	686.051	1015.97	809.043	0.0564701	0.94353	0.321254	0.549535	0.12921	1	0
0.941	4.500	1150	38148.6	686.05	1015.97	809.043	0.0578418	0.942158	0.32175	0.548887	0.129363	1	0
0.942	4.500	1150	38096.6	686.052	1015.97	809.043	0.0558985	0.944102	0.322779	0.547973	0.129249	1	0
0.943	4.500	1150	38042.1	686.053	1015.97	809.043	0.0555556	0.944444	0.322321	0.548621	0.129058	1	0
0.944	4.500	1150	38156.7	686.049	1015.97	809.043	0.0572702	0.94273	0.322512	0.548011	0.129477	1	0
0.945	4.500	1150	38224.7	686.047	1015.97	809.043	0.061957	0.938043	0.322245	0.548011	0.129744	1	0
0.946	4.500	1150	38266.2	686.047	1015.97	809.043	0.0548697	0.94513	0.321597	0.548354	0.130049	1	0
0.947	4.500	1150	38308.1	686.045	1015.97	809.043	0.0561271	0.943873	0.322131	0.547668	0.130201	1	0
0.948	4.500	1150	38439	686.042	1015.97	809.043	0.0576132	0.942387	0.322474	0.54702	0.130506	1	0
0.949	4.500	1150	38192.2	686.047	1015.97	809.043	0.0544124	0.945588	0.323083	0.547058	0.129858	1	0
0.95	4.500	1150	38088.3	686.049	1015.97	809.043	0.0565844	0.943416	0.323045	0.547478	0.129477	1	0
0.951	4.500	1150	37707.7	686.058	1015.97	809.042	0.0581847	0.941815	0.323464	0.548316	0.12822	1	0
0.952	4.500	1150	37707	686.06	1015.97	809.042	0.0606996	0.9393	0.324074	0.547706	0.12822	1	0
0.953	4.500	1150	37635.5	686.061	1015.97	809.042	0.0609282	0.939072	0.322855	0.54904	0.128105	1	0
0.954	4.500	1150	37725.9	686.059	1015.97	809.042	0.0555556	0.944444	0.322436	0.548925	0.128639	1	0
0.955	4.500	1150	37865.7	686.056	1015.97	809.042	0.0580704	0.94193	0.322931	0.548049	0.12902	1	0
0.956	4.500	1150	37906.2	686.055	1015.97	809.042	0.0569273	0.943073	0.323198	0.547516	0.129287	1	0
0.957	4.500	1150	37879.8	686.058	1015.97	809.042	0.0584134	0.941587	0.323541	0.547249	0.12921	1	0
0.958	4.500	1150	37765.7	686.06	1015.97	809.042	0.0544124	0.945588	0.323655	0.547592	0.128753	1	0
0.959	4.500	1150	37605.8	686.065	1015.97	809.042	0.0521262	0.947874	0.323541	0.54824	0.12822	1	0
0.96	4.500	1150	37591.3	686.065	1015.97	809.042	0.0540695	0.94593	0.323807	0.548125	0.128067	1	0
0.961	4.500	1150	37660.9	686.065	1015.97	809.042	0.0562414	0.943759	0.324379	0.547325	0.128296	1	0
0.962	4.500	1150	37569.2	686.069	1015.97	809.042	0.0558985	0.944102	0.323922	0.548125	0.127953	1	0
0.963	4.500	1150	37698.4	686.064	1015.97	809.042	0.0605853	0.939415	0.324265	0.547287	0.128448	1	0
0.964	4.500	1150	37719.7	686.065	1015.97	809.042	0.0585277	0.941472	0.322931	0.548544	0.128525	1	0
0.965	4.500	1150	37840.4	686.061	1015.97	809.042	0.0555556	0.944444	0.323464	0.547668	0.128868	1	0
0.966	4.500	1150	37777	686.064	1015.97	809.042	0.0569273	0.943073	0.32396	0.547516	0.128525	1	0
0.967	4.500	1150	37706	686.065	1015.97	809.042	0.0563557	0.943644	0.324265	0.547439	0.128296	1	0
0.968	4.500	1150	37603.9	686.067	1015.97	809.042	0.0563557	0.943644	0.32396	0.548125	0.127915	1	0
0.969	4.500	1150	37875	686.059	1015.97	809.042	0.0593278	0.940672	0.323884	0.547249	0.128868	1	0
0.97	4.500	1150	38059.9	686.054	1015.97	809.042	0.0571559	0.942844	0.324646	0.545801	0.129553	1	0
0.971	4.500	1150	37965.2	686.057	1015.97	809.042	0.0556699	0.94433	0.324798	0.54603	0.129172	1	0
0.972	4.500	1150	38163.2	686.052	1015.97	809.042	0.0574989	0.942501	0.324036	0.546296	0.129668	1	0
0.973	4.500	1150	37966.9	686.058	1015.97	809.042	0.0580704	0.94193	0.324569	0.546334	0.129096	1	0
0.974	4.500	1150	37873.5	686.06	1015.97	809.042	0.0584134	0.941587	0.323884	0.547439	0.128677	1	0
0.975	4.500	1150	37755.6	686.063	1015.97	809.042	0.0585277	0.941472	0.324341	0.547287	0.128372	1	0
0.976	4.500	1150	37848.8	686.06	1015.97	809.042	0.060128	0.939872	0.323655	0.547516	0.128829	1	0
0.977	4.500	1150	38019.6	686.054	1015.97	809.042	0.0620713	0.937929	0.323388	0.547096	0.129515	1	0
0.978	4.500	1150	38191.7	686.05	1015.97	809.043	0.0594422	0.940558	0.324188	0.545687	0.130125	1	0
0.979	4.500	1150	38224	686.049	1015.97	809.043	0.0574989	0.942501	0.324341	0.545458	0.130201	1	0
0.98	4.500	1150	38170.3	686.051	1015.97	809.042	0.0588706	0.941129	0.324455	0.545572	0.129973	1	0
0.981	4.500	1150	38350.3	686.048	1015.97	809.043	0.0632144	0.936786	0.32556	0.54382	0.13062	1	0
0.982	4.500	1150	38575.2	686.042	1015.97	809.043	0.056813	0.943187	0.325979	0.542562	0.131459	1	0
0.983	4.500	1150	38663.1	686.04	1015.97	809.043	0.0566987	0.943301	0.326437	0.541952	0.131611	1	0
0.984	4.500	1150	38493.7	686.045	1015.97	809.043	0.0598994	0.940101	0.327542	0.541381	0.131078	1	0
0.985	4.500	1150	38719.4	686.039	1015.97	809.043	0.060471	0.939529	0.327884	0.540238	0.131878	1	0
0.986	4.500	1150	38838.2	686.037	1015.98	809.043	0.060128	0.939872	0.328761	0.538866	0.132373	1	0
0.987	4.500	1150	38817.4	686.038	1015.98	809.043	0.0565844	0.943416	0.326779	0.541	0.132221	1	0
0.988	4.500	1150	38655.7	686.04	1015.97	809.043	0.0556699	0.94433	0.326779	0.54161	0.131611	1	0
0.989	4.500	1150	38894	686.036	1015.98	809.043	0.0566987	0.943301	0.327389	0.540314	0.132297	1	0
0.99	4.500	1150	38644.4	686.041	1015.97	809.043	0.0553269	0.944673	0.327503	0.541038	0.131459	1	0
0.991	4.500	1150	38667.7	686.041	1015.97	809.043	0.0585277	0.941472	0.327237	0.541381	0.131382	1	0
0.992	4.500	1150	38672.3	686.042	1015.97	809.043	0.0577275	0.942273	0.326894	0.541495	0.131611	1	0
0.993	4.500	1150	38766.2	686.041	1015.98	809.043	0.0626429	0.937357	0.326551	0.541533	0.131916	1	0
0.994	4.500	1150	38690.7	686.042	1015.97	809.043	0.0602423	0.939758	0.327046	0.541343	0.131611	1	0
0.995	4.500	1150	38511.6	686.045	1015.97	809.043	0.0600137	0.939986	0.32716	0.541838	0.131001	1	0
0.996	4.500	1150	38683.4	686.041	1015.97	809.043	0.0609282	0.939072	0.326246	0.542219	0.131535	1	0
0.997	4.500	1150	38311	686.05	1015.97	809.042	0.0639003	0.9361	0.325636	0.544124	0.130239	1	0
0.998	4.500	1150	38255.4	686.052	1015.97	809.042	0.0614998	0.9385	0.324455	0.545572	0.129973	1	0
0.999	4.500	1150	38259	686.052	1015.97	809.042	0.0642433	0.935757	0.324265	0.545687	0.130049	1	0
