time	pCa	hs_length	force	a_fil_length	m_fil_length	a_pop_0	a_pop_1	m_pop_0	m_pop_1	c_pop_0	c_pop_1
0.0005	9.000	1615	-5.68434e-06	1015.87	809	1	0	1	0	1	0
0.001	9.000	1615	-5.68434e-06	1015.87	809	1	0	1	0	1	0
0.0015	9.000	1615	-5.68434e-06	1015.87	809	0.99963	0.00037037	1	0	1	0
0.002	9.000	1615	-5.68434e-06	1015.87	809	1	0	1	0	1	0
0.0025	9.000	1615	-5.68434e-06	1015.87	809	1	0	1	0	1	0
0.003	9.000	1615	-5.68434e-06	1015.87	809	1	0	1	0	1	0
0.0035	9.000	1615	-5.68434e-06	1015.87	809	1	0	1	0	1	0
0.004	9.000	1615	-5.68434e-06	1015.87	809	1	0	1	0	1	0
0.0045	9.000	1615	-5.68434e-06	1015.87	809	1	0	1	0	1	0
0.005	9.000	1615	-5.68434e-06	1015.87	809	1	0	1	0	1	0
0.0055	9.000	1615	-5.68434e-06	1015.87	809	1	0	1	0	1	0
0.006	9.000	1615	-5.68434e-06	1015.87	809	1	0	1	0	1	0
0.0065	9.000	1615	-5.68434e-06	1015.87	809	1	0	1	0	1	0
0.007	9.000	1615	-5.68434e-06	1015.87	809	0.99963	0.00037037	1	0	1	0
0.0075	9.000	1615	-5.68434e-06	1015.87	809	0.99963	0.00037037	1	0	1	0
0.008	9.000	1615	-5.68434e-06	1015.87	809	0.99963	0.00037037	1	0	1	0
0.0085	9.000	1615	-5.68434e-06	1015.87	809	0.99963	0.00037037	1	0	1	0
0.009	9.000	1615	-5.68434e-06	1015.87	809	1	0	1	0	1	0
0.0095	9.000	1615	-5.68434e-06	1015.87	809	1	0	1	0	1	0
0.01	9.000	1615	-5.68434e-06	1015.87	809	1	0	1	0	1	0
0.0105	4.500	1615	825.024	1015.88	809.002	0.628519	0.371481	0.99716	0.00283951	1	0
0.011	4.500	1615	2396.06	1015.88	809.005	0.348889	0.651111	0.991111	0.00888889	1	0
0.0115	4.500	1615	3936.49	1015.89	809.007	0.21	0.79	0.984938	0.0150617	1	0
0.012	4.500	1615	5928.08	1015.89	809.011	0.145556	0.854444	0.978025	0.0219753	1	0
0.0125	4.500	1615	7207.23	1015.9	809.013	0.124444	0.875556	0.973333	0.0266667	1	0
0.013	4.500	1615	8365.03	1015.9	809.016	0.11037	0.88963	0.968765	0.0312346	1	0
0.0135	4.500	1615	8665.55	1015.9	809.016	0.101852	0.898148	0.967654	0.0323457	1	0
0.014	4.500	1615	9594.33	1015.91	809.018	0.0977778	0.902222	0.964444	0.0355556	1	0
0.0145	4.500	1615	10433.6	1015.91	809.019	0.0944444	0.905556	0.961111	0.0388889	1	0
0.015	4.500	1615	10559.4	1015.91	809.02	0.087037	0.912963	0.960617	0.0393827	1	0
0.0155	4.500	1615	11789.3	1015.91	809.022	0.0844444	0.915556	0.956543	0.0434568	1	0
0.016	4.500	1615	12177.7	1015.92	809.023	0.0885185	0.911481	0.954938	0.0450617	1	0
0.0165	4.500	1615	12400.3	1015.92	809.023	0.0811111	0.918889	0.954444	0.0455556	1	0
0.017	4.500	1615	12418.6	1015.92	809.023	0.0896296	0.91037	0.954321	0.045679	1	0
0.0175	4.500	1615	13176.7	1015.92	809.025	0.0877778	0.912222	0.951728	0.0482716	1	0
0.018	4.500	1615	13247	1015.92	809.025	0.092963	0.907037	0.951728	0.0482716	1	0
0.0185	4.500	1615	13805.8	1015.92	809.026	0.0892593	0.910741	0.95	0.05	1	0
0.019	4.500	1615	14555.9	1015.92	809.027	0.087037	0.912963	0.947284	0.052716	1	0
0.0195	4.500	1615	14490.4	1015.92	809.027	0.092963	0.907037	0.947407	0.0525926	1	0
0.02	4.500	1615	14485.4	1015.92	809.027	0.0888889	0.911111	0.947407	0.0525926	1	0
0.0205	4.500	1615	14590.1	1015.92	809.027	0.0907407	0.909259	0.946667	0.0533333	1	0
0.021	4.500	1615	14949.9	1015.93	809.028	0.0859259	0.914074	0.945926	0.0540741	1	0
0.0215	4.500	1615	15043.1	1015.93	809.028	0.0840741	0.915926	0.945432	0.0545679	1	0
0.022	4.500	1615	15494.7	1015.93	809.029	0.0855556	0.914444	0.943827	0.0561728	1	0
0.0225	4.500	1615	15718.3	1015.93	809.029	0.0848148	0.915185	0.942716	0.057284	1	0
0.023	4.500	1615	15566.8	1015.93	809.029	0.0814815	0.918519	0.943333	0.0566667	1	0
0.0235	4.500	1615	15635.8	1015.93	809.029	0.0892593	0.910741	0.942716	0.057284	1	0
0.024	4.500	1615	15353.9	1015.93	809.029	0.077037	0.922963	0.944074	0.0559259	1	0
0.0245	4.500	1615	15031.6	1015.93	809.028	0.0818519	0.918148	0.945432	0.0545679	1	0
0.025	4.500	1615	14634.7	1015.92	809.027	0.0903704	0.90963	0.94716	0.0528395	1	0
0.0255	4.500	1615	14878.2	1015.93	809.028	0.0859259	0.914074	0.94642	0.0535802	1	0
0.026	4.500	1615	14851.6	1015.92	809.028	0.0848148	0.915185	0.94642	0.0535802	1	0
0.0265	4.500	1615	15015.4	1015.93	809.028	0.09	0.91	0.946173	0.0538272	1	0
0.027	4.500	1615	15305.6	1015.93	809.029	0.0796296	0.92037	0.944938	0.0550617	1	0
0.0275	4.500	1615	15734	1015.93	809.03	0.0840741	0.915926	0.943704	0.0562963	1	0
0.028	4.500	1615	16019.8	1015.93	809.03	0.0851852	0.914815	0.94284	0.0571605	1	0
0.0285	4.500	1615	15607.6	1015.93	809.029	0.0844444	0.915556	0.944074	0.0559259	1	0
0.029	4.500	1615	15696.2	1015.93	809.03	0.0866667	0.913333	0.943827	0.0561728	1	0
0.0295	4.500	1615	15707.9	1015.93	809.03	0.0818519	0.918148	0.943704	0.0562963	1	0
0.03	4.500	1615	15334.4	1015.93	809.029	0.0874074	0.912593	0.944444	0.0555556	1	0
0.0305	4.500	1615	15204.9	1015.93	809.029	0.0888889	0.911111	0.945062	0.0549383	1	0
0.031	4.500	1615	15264.6	1015.93	809.029	0.0888889	0.911111	0.944568	0.0554321	1	0
0.0315	4.500	1615	15570.8	1015.93	809.029	0.09	0.91	0.943951	0.0560494	1	0
0.032	4.500	1615	15868.6	1015.93	809.03	0.0833333	0.916667	0.94284	0.0571605	1	0
0.0325	4.500	1615	16054.9	1015.93	809.03	0.0811111	0.918889	0.941852	0.0581481	1	0
0.033	4.500	1615	15757.8	1015.93	809.029	0.0844444	0.915556	0.94284	0.0571605	1	0
0.0335	4.500	1615	15709	1015.93	809.03	0.0774074	0.922593	0.943086	0.0569136	1	0
0.034	4.500	1615	15766.9	1015.93	809.03	0.0844444	0.915556	0.943086	0.0569136	1	0
0.0345	4.500	1615	15491	1015.93	809.029	0.0844444	0.915556	0.944074	0.0559259	1	0
0.035	4.500	1615	15229.6	1015.93	809.029	0.0737037	0.926296	0.944938	0.0550617	1	0
0.0355	4.500	1615	15470.1	1015.93	809.029	0.0796296	0.92037	0.943704	0.0562963	1	0
0.036	4.500	1615	15460.1	1015.93	809.029	0.0825926	0.917407	0.943457	0.0565432	1	0
0.0365	4.500	1615	15506.5	1015.93	809.029	0.0940741	0.905926	0.943333	0.0566667	1	0
0.037	4.500	1615	15661.8	1015.93	809.029	0.0788889	0.921111	0.943086	0.0569136	1	0
0.0375	4.500	1615	15537.9	1015.93	809.029	0.0851852	0.914815	0.943086	0.0569136	1	0
0.038	4.500	1615	15316.3	1015.93	809.029	0.0796296	0.92037	0.943704	0.0562963	1	0
0.0385	4.500	1615	15709.7	1015.93	809.03	0.0788889	0.921111	0.942593	0.0574074	1	0
0.039	4.500	1615	15423.6	1015.93	809.029	0.0907407	0.909259	0.943457	0.0565432	1	0
0.0395	4.500	1615	15479.7	1015.93	809.029	0.0855556	0.914444	0.94358	0.0564198	1	0
0.04	4.500	1615	15767.1	1015.93	809.03	0.0844444	0.915556	0.942716	0.057284	1	0
0.0405	4.500	1615	16013.4	1015.93	809.03	0.0874074	0.912593	0.941605	0.0583951	1	0
0.041	4.500	1615	15896.2	1015.93	809.03	0.0914815	0.908519	0.942469	0.0575309	1	0
0.0415	4.500	1615	16278.1	1015.93	809.03	0.0955556	0.904444	0.941481	0.0585185	1	0
0.042	4.500	1615	16166.1	1015.93	809.03	0.0937037	0.906296	0.941728	0.0582716	1	0
0.0425	4.500	1615	16041.8	1015.93	809.03	0.0907407	0.909259	0.942222	0.0577778	1	0
0.043	4.500	1615	16417.2	1015.93	809.031	0.087037	0.912963	0.940741	0.0592593	1	0
0.0435	4.500	1615	16868.4	1015.93	809.032	0.0803704	0.91963	0.939506	0.0604938	1	0
0.044	4.500	1615	16761.6	1015.93	809.031	0.0759259	0.924074	0.939877	0.0601235	1	0
0.0445	4.500	1615	16182.9	1015.93	809.03	0.0888889	0.911111	0.941605	0.0583951	1	0
0.045	4.500	1615	16235.6	1015.93	809.03	0.0881481	0.911852	0.941728	0.0582716	1	0
0.0455	4.500	1615	16323.6	1015.93	809.03	0.08	0.92	0.940988	0.0590123	1	0
0.046	4.500	1615	16109	1015.93	809.03	0.0766667	0.923333	0.941605	0.0583951	1	0
0.0465	4.500	1615	15785	1015.93	809.029	0.0777778	0.922222	0.942716	0.057284	1	0
0.047	4.500	1615	15731.7	1015.93	809.029	0.0766667	0.923333	0.943086	0.0569136	1	0
0.0475	4.500	1615	15844.5	1015.93	809.03	0.0766667	0.923333	0.942963	0.057037	1	0
0.048	4.500	1615	15694	1015.93	809.029	0.0818519	0.918148	0.943086	0.0569136	1	0
0.0485	4.500	1615	15363.6	1015.93	809.029	0.0796296	0.92037	0.944444	0.0555556	1	0
0.049	4.500	1615	15154.5	1015.93	809.028	0.0814815	0.918519	0.945062	0.0549383	1	0
0.0495	4.500	1615	14789.4	1015.92	809.028	0.0833333	0.916667	0.946049	0.0539506	1	0
0.05	4.500	1615	14741.5	1015.92	809.028	0.0777778	0.922222	0.946543	0.0534568	1	0
0.0505	4.500	1615	15061.1	1015.93	809.028	0.0807407	0.919259	0.945802	0.0541975	1	0
0.051	4.500	1615	15022	1015.93	809.028	0.0818519	0.918148	0.945926	0.0540741	1	0
0.0515	4.500	1615	15035.8	1015.93	809.028	0.0840741	0.915926	0.945679	0.054321	1	0
0.052	4.500	1615	14738.1	1015.92	809.028	0.0877778	0.912222	0.94679	0.0532099	1	0
0.0525	4.500	1615	14701.7	1015.92	809.027	0.092963	0.907037	0.94679	0.0532099	1	0
0.053	4.500	1615	14839.1	1015.92	809.028	0.0937037	0.906296	0.946173	0.0538272	1	0
0.0535	4.500	1615	14964.7	1015.93	809.028	0.0911111	0.908889	0.945432	0.0545679	1	0
0.054	4.500	1615	15174.5	1015.93	809.028	0.0862963	0.913704	0.944568	0.0554321	1	0
0.0545	4.500	1615	15461.1	1015.93	809.029	0.0903704	0.90963	0.943827	0.0561728	1	0
0.055	4.500	1615	15301	1015.93	809.029	0.0951852	0.904815	0.944074	0.0559259	1	0
0.0555	4.500	1615	15823.5	1015.93	809.03	0.097037	0.902963	0.942469	0.0575309	1	0
0.056	4.500	1615	16368.6	1015.93	809.031	0.0922222	0.907778	0.940741	0.0592593	1	0
0.0565	4.500	1615	15806.9	1015.93	809.029	0.0907407	0.909259	0.94284	0.0571605	1	0
0.057	4.500	1615	15933.3	1015.93	809.03	0.0777778	0.922222	0.942469	0.0575309	1	0
0.0575	4.500	1615	15859.8	1015.93	809.03	0.0848148	0.915185	0.942716	0.057284	1	0
0.058	4.500	1615	15424.7	1015.93	809.029	0.0818519	0.918148	0.944074	0.0559259	1	0
0.0585	4.500	1615	15504.3	1015.93	809.029	0.0914815	0.908519	0.943951	0.0560494	1	0
0.059	4.500	1615	15141.1	1015.93	809.028	0.0818519	0.918148	0.944938	0.0550617	1	0
0.0595	4.500	1615	15434.5	1015.93	809.029	0.087037	0.912963	0.943827	0.0561728	1	0
0.06	4.500	1615	15648.2	1015.93	809.029	0.0825926	0.917407	0.94284	0.0571605	1	0
0.0605	4.500	1615	15385	1015.93	809.029	0.0785185	0.921481	0.943333	0.0566667	1	0
0.061	4.500	1615	15484.9	1015.93	809.029	0.0848148	0.915185	0.942716	0.057284	1	0
0.0615	4.500	1615	15344.6	1015.93	809.029	0.0881481	0.911852	0.943827	0.0561728	1	0
0.062	4.500	1615	15039.2	1015.93	809.028	0.08	0.92	0.945309	0.0546914	1	0
0.0625	4.500	1615	15228.3	1015.93	809.028	0.0837037	0.916296	0.944568	0.0554321	1	0
0.063	4.500	1615	15849.8	1015.93	809.03	0.0859259	0.914074	0.942346	0.0576543	1	0
0.0635	4.500	1615	15985.8	1015.93	809.03	0.0918519	0.908148	0.941728	0.0582716	1	0
0.064	4.500	1615	15899.7	1015.93	809.03	0.0911111	0.908889	0.942099	0.0579012	1	0
0.0645	4.500	1615	15523.8	1015.93	809.029	0.0855556	0.914444	0.94358	0.0564198	1	0
0.065	4.500	1615	15843.2	1015.93	809.03	0.0837037	0.916296	0.942716	0.057284	1	0
0.0655	4.500	1615	16041	1015.93	809.03	0.0881481	0.911852	0.942099	0.0579012	1	0
0.066	4.500	1615	16059.5	1015.93	809.03	0.0807407	0.919259	0.941852	0.0581481	1	0
0.0665	4.500	1615	15976.3	1015.93	809.03	0.0818519	0.918148	0.942099	0.0579012	1	0
0.067	4.500	1615	16064.8	1015.93	809.03	0.077037	0.922963	0.941728	0.0582716	1	0
0.0675	4.500	1615	15868.5	1015.93	809.03	0.082963	0.917037	0.942469	0.0575309	1	0
0.068	4.500	1615	15447.2	1015.93	809.029	0.0918519	0.908148	0.943457	0.0565432	1	0
0.0685	4.500	1615	15659.3	1015.93	809.029	0.0959259	0.904074	0.94284	0.0571605	1	0
0.069	4.500	1615	15649.1	1015.93	809.029	0.0851852	0.914815	0.94321	0.0567901	1	0
0.0695	4.500	1615	15773.8	1015.93	809.03	0.087037	0.912963	0.943086	0.0569136	1	0
0.07	4.500	1615	15959.2	1015.93	809.03	0.0903704	0.90963	0.942346	0.0576543	1	0
0.0705	4.500	1615	15737.3	1015.93	809.029	0.0818519	0.918148	0.942716	0.057284	1	0
0.071	4.500	1615	15655.4	1015.93	809.029	0.0896296	0.91037	0.942963	0.057037	1	0
0.0715	4.500	1615	15359.6	1015.93	809.029	0.0851852	0.914815	0.943951	0.0560494	1	0
0.072	4.500	1615	15091.3	1015.93	809.028	0.0862963	0.913704	0.944815	0.0551852	1	0
0.0725	4.500	1615	15342.4	1015.93	809.029	0.0881481	0.911852	0.944074	0.0559259	1	0
0.073	4.500	1615	15261.1	1015.93	809.029	0.0851852	0.914815	0.944198	0.0558025	1	0
0.0735	4.500	1615	15457.6	1015.93	809.029	0.0859259	0.914074	0.943704	0.0562963	1	0
0.074	4.500	1615	15454.8	1015.93	809.029	0.0814815	0.918519	0.943457	0.0565432	1	0
0.0745	4.500	1615	15368.3	1015.93	809.029	0.0866667	0.913333	0.943951	0.0560494	1	0
0.075	4.500	1615	15386.9	1015.93	809.029	0.0818519	0.918148	0.943951	0.0560494	1	0
0.0755	4.500	1615	15623.3	1015.93	809.029	0.0844444	0.915556	0.943457	0.0565432	1	0
0.076	4.500	1615	15536.1	1015.93	809.029	0.0807407	0.919259	0.94321	0.0567901	1	0
0.0765	4.500	1615	15426.6	1015.93	809.029	0.0881481	0.911852	0.944198	0.0558025	1	0
0.077	4.500	1615	15460.1	1015.93	809.029	0.0862963	0.913704	0.944321	0.055679	1	0
0.0775	4.500	1615	15337	1015.93	809.029	0.0740741	0.925926	0.944444	0.0555556	1	0
0.078	4.500	1615	15429.9	1015.93	809.029	0.0781481	0.921852	0.944444	0.0555556	1	0
0.0785	4.500	1615	15514.2	1015.93	809.029	0.0874074	0.912593	0.944074	0.0559259	1	0
0.079	4.500	1615	15439.3	1015.93	809.029	0.0848148	0.915185	0.944691	0.0553086	1	0
0.0795	4.500	1615	15568.3	1015.93	809.029	0.0844444	0.915556	0.944321	0.055679	1	0
0.08	4.500	1615	15384	1015.93	809.029	0.0881481	0.911852	0.945062	0.0549383	1	0
0.0805	4.500	1615	15679.5	1015.93	809.03	0.0874074	0.912593	0.944074	0.0559259	1	0
0.081	4.500	1615	15783.9	1015.93	809.03	0.0866667	0.913333	0.943704	0.0562963	1	0
0.0815	4.500	1615	15661.4	1015.93	809.029	0.0937037	0.906296	0.944074	0.0559259	1	0
0.082	4.500	1615	15957.9	1015.93	809.03	0.0925926	0.907407	0.94321	0.0567901	1	0
0.0825	4.500	1615	16090.2	1015.93	809.03	0.087037	0.912963	0.942099	0.0579012	1	0
0.083	4.500	1615	16021	1015.93	809.03	0.0774074	0.922593	0.941975	0.0580247	1	0
0.0835	4.500	1615	16244.1	1015.93	809.03	0.0814815	0.918519	0.941481	0.0585185	1	0
0.084	4.500	1615	16330.1	1015.93	809.031	0.082963	0.917037	0.941111	0.0588889	1	0
0.0845	4.500	1615	15737.5	1015.93	809.03	0.0959259	0.904074	0.943333	0.0566667	1	0
0.085	4.500	1615	15777.7	1015.93	809.03	0.0937037	0.906296	0.943086	0.0569136	1	0
0.0855	4.500	1615	15961	1015.93	809.03	0.0837037	0.916296	0.942222	0.0577778	1	0
0.086	4.500	1615	15172.4	1015.93	809.028	0.0881481	0.911852	0.945185	0.0548148	1	0
0.0865	4.500	1615	15669.3	1015.93	809.029	0.0877778	0.912222	0.943457	0.0565432	1	0
0.087	4.500	1615	15974.2	1015.93	809.03	0.0844444	0.915556	0.941728	0.0582716	1	0
0.0875	4.500	1615	15685.4	1015.93	809.029	0.0914815	0.908519	0.94358	0.0564198	1	0
0.088	4.500	1615	15786.7	1015.93	809.03	0.0918519	0.908148	0.942963	0.057037	1	0
0.0885	4.500	1615	15512	1015.93	809.029	0.0933333	0.906667	0.944198	0.0558025	1	0
0.089	4.500	1615	15352.1	1015.93	809.029	0.087037	0.912963	0.944444	0.0555556	1	0
0.0895	4.500	1615	15341.6	1015.93	809.029	0.0896296	0.91037	0.944568	0.0554321	1	0
0.09	4.500	1615	15525	1015.93	809.029	0.0918519	0.908148	0.944074	0.0559259	1	0
0.0905	4.500	1615	15347.5	1015.93	809.029	0.0925926	0.907407	0.944691	0.0553086	1	0
0.091	4.500	1615	15533.6	1015.93	809.029	0.0874074	0.912593	0.944321	0.055679	1	0
0.0915	4.500	1615	15221.3	1015.93	809.029	0.0774074	0.922593	0.945556	0.0544444	1	0
0.092	4.500	1615	15663	1015.93	809.029	0.087037	0.912963	0.944321	0.055679	1	0
0.0925	4.500	1615	15516.1	1015.93	809.029	0.082963	0.917037	0.944815	0.0551852	1	0
0.093	4.500	1615	15433.2	1015.93	809.029	0.0837037	0.916296	0.944938	0.0550617	1	0
0.0935	4.500	1615	15276.7	1015.93	809.029	0.0877778	0.912222	0.945062	0.0549383	1	0
0.094	4.500	1615	14843.6	1015.92	809.028	0.0848148	0.915185	0.946914	0.0530864	1	0
0.0945	4.500	1615	15172.8	1015.93	809.029	0.0855556	0.914444	0.945679	0.054321	1	0
0.095	4.500	1615	15035.7	1015.93	809.028	0.0903704	0.90963	0.945926	0.0540741	1	0
0.0955	4.500	1615	15334.5	1015.93	809.029	0.0859259	0.914074	0.945309	0.0546914	1	0
0.096	4.500	1615	14975.8	1015.93	809.028	0.0922222	0.907778	0.94642	0.0535802	1	0
0.0965	4.500	1615	15397.5	1015.93	809.029	0.0862963	0.913704	0.944691	0.0553086	1	0
0.097	4.500	1615	15147.2	1015.93	809.028	0.0855556	0.914444	0.945309	0.0546914	1	0
0.0975	4.500	1615	15739.2	1015.93	809.029	0.0855556	0.914444	0.94321	0.0567901	1	0
0.098	4.500	1615	15216.7	1015.93	809.028	0.0766667	0.923333	0.944815	0.0551852	1	0
0.0985	4.500	1615	15195	1015.93	809.028	0.0777778	0.922222	0.945309	0.0546914	1	0
0.099	4.500	1615	14756.1	1015.92	809.027	0.0744444	0.925556	0.94679	0.0532099	1	0
0.0995	4.500	1615	14472.3	1015.92	809.027	0.0862963	0.913704	0.947654	0.0523457	1	0
0.1	4.500	1615	14677.9	1015.92	809.027	0.0848148	0.915185	0.946914	0.0530864	1	0
