10187.1
10187.1
10187.1
10187.1
10187.1
10187.1
10187.1
10187.1
10187.1
10187.1
10187.1
10187.1
10187.1
10187.1
10187.1
10187.1
10187.1
10187.1
10187.1
10187.1
10187.1
10187.1
10187.1
10187.1
10187.1
10187.1
10187.1
10187.1
10187.1
10187.1
10187.1
10187.1
10187.1
10187.1
10187.1
10187.1
10187.1
10187.1
10187.1
10187.1
10187.1
10187.1
10187.1
10187.1
10187.1
10187.1
10187.1
10187.1
10187.1
10187.1
10187.1
10187.1
10187.1
10187.1
10187.1
10187.1
10187.1
10187.1
10187.1
10187.1
10187.1
10187.1
10187.1
10187.1
10187.1
10187.1
10187.1
10187.1
10187.1
10187.1
10187.1
10187.1
10187.1
10187.1
10187.1
10187.1
10187.1
10187.1
10187.1
10187.1
10187.1
10187.1
10187.1
10187.1
10187.1
10187.1
10187.1
10187.1
10187.1
10187.1
10187.1
10187.1
10187.1
10187.1
10187.1
10187.1
10187.1
10187.1
10187.1
10187.1
10260.7
10260.7
10286.5
10334.1
10497.6
10622.7
10713.5
10995.0
11280.3
11579.3
11770.2
12352.3
12698.4
13298.0
13581.6
14089.2
14218.5
14322.6
14457.3
14796.4
15055.2
15591.6
15986.8
16387.0
16745.8
16998.6
17221.7
17563.8
17947.7
18044.2
18424.4
18634.0
18836.0
19048.4
19235.5
19224.9
19535.7
19826.3
20154.4
20337.5
20522.4
20674.5
20969.8
21337.2
21662.7
21936.1
22192.0
22319.3
22527.4
22831.1
22961.1
23332.8
23680.6
23726.0
24023.1
24282.4
24628.1
24735.5
24821.8
24983.8
25246.7
25486.2
25888.9
26049.3
26280.8
26526.9
26782.4
27132.9
27334.3
27813.4
28074.8
28441.4
28614.5
28950.6
28980.8
29158.7
29326.6
29670.0
29932.2
30438.7
30806.0
30892.6
31115.7
31216.7
31644.9
31659.4
31878.6
32087.3
32414.5
32758.5
32813.2
33263.4
33505.0
33846.0
34257.5
34577.9
34963.2
35229.2
35805.0
35969.1
36343.4
36525.8
36797.6
36935.0
37016.7
37501.9
37951.3
38440.3
38960.8
39135.3
39492.6
39694.8
39985.7
40303.2
40693.9
40991.6
41005.4
41163.6
41461.2
41665.6
41952.1
42329.0
42163.0
42549.0
42820.8
42802.8
42977.7
42949.3
43158.0
43517.5
44045.3
44191.5
44650.1
45188.3
45548.9
45919.8
46127.1
46724.8
46996.7
47169.8
47096.7
47749.6
47987.6
48030.6
48337.6
48273.0
48581.4
48711.2
48798.5
49170.9
49537.1
50034.4
50283.4
50552.2
50748.0
51017.6
51283.6
51460.5
51847.5
52068.7
52147.8
52206.2
52232.5
52213.2
52525.6
52641.5
52878.5
53263.9
53493.9
53720.6
54123.9
54655.3
54878.3
55278.7
55620.1
55919.1
56034.1
56087.5
56343.8
56400.3
56362.5
56913.6
57251.8
57500.4
57749.8
57928.6
58197.4
58442.5
58555.3
58870.0
59137.1
59298.1
59774.7
60189.6
60192.4
60444.6
60635.4
60856.2
61254.7
61546.0
61684.6
61918.8
62035.4
62335.4
62212.7
62315.3
62868.0
63310.3
63391.6
63507.0
63638.4
63785.4
63896.7
63740.8
64063.7
64260.2
64654.3
64561.6
64890.0
65198.2
65571.2
65955.6
66383.8
66395.1
66607.7
66650.4
66885.6
67333.4
67323.0
67610.6
67449.4
67880.3
68112.0
68596.0
68827.1
69002.0
69649.0
69829.4
70156.4
70541.7
70523.1
70736.6
70991.1
71241.9
71128.8
71448.2
71515.6
71730.2
71616.8
71973.9
72119.8
72740.4
73078.3
73250.3
73474.8
73448.8
73774.7
73907.7
74200.4
74248.5
74185.4
74190.0
74383.3
74867.4
74945.9
75146.9
75466.5
76041.8
76420.1
76246.6
76734.4
76937.5
77266.6
77611.8
77581.0
77529.2
77529.7
77808.5
77888.6
78239.1
78065.5
78056.0
78102.9
78418.2
78672.8
78894.6
78807.2
79074.2
78916.0
78954.8
79238.6
79073.9
79064.9
79207.2
79813.2
80441.8
80332.8
80837.6
80882.5
81013.3
80989.9
81070.2
81257.7
81214.5
81106.3
80849.2
80603.6
80501.6
80653.7
80984.1
81108.5
81109.1
81016.4
81222.9
81672.2
81595.0
82266.7
82775.6
82734.0
82985.9
83485.6
83591.5
83746.6
83653.8
83851.9
83954.6
83997.5
83906.3
83869.0
83843.8
84179.3
84340.1
84745.3
84753.9
85111.5
85433.5
85579.9
85330.3
86010.4
86043.0
86374.9
86384.9
86761.5
86774.1
86893.5
86991.7
87408.7
87227.0
87340.2
87522.8
87478.9
87789.1
88060.0
88558.5
88592.9
88896.0
88961.3
89285.0
89627.6
89865.0
89748.9
89318.7
89849.2
89718.3
90070.9
90161.2
90352.3
90345.6
90412.1
90430.0
90646.8
90959.2
91157.0
91346.7
91375.9
91433.4
91654.4
91950.7
92310.6
92641.4
92855.0
93070.3
92905.2
93045.2
93082.8
93414.2
94031.2
93896.3
94130.5
94140.2
94305.0
94035.7
94316.2
94719.3
94791.4
94897.6
95099.3
95064.3
94980.1
94862.2
94723.0
94896.0
95291.8
95458.3
95550.5
95460.0
95253.4
95211.7
95237.4
94962.8
95177.4
95057.6
95357.7
95219.1
95300.0
95506.0
95675.0
95940.8
96141.7
96317.1
96373.0
96734.8
96484.0
96274.0
96702.3
96522.3
96459.3
96738.1
96591.8
96923.1
96700.5
97276.3
97496.7
97574.9
97471.2
97536.4
97627.3
97854.6
98014.1
98134.0
98526.3
98552.4
98498.2
98496.4
98496.1
98714.2
98591.3
98966.7
99217.5
99080.4
99279.4
99245.8
98999.5
99202.0
99096.8
99102.5
99457.6
99958.1
99885.2
99989.5
100121.0
100306.0
100066.0
100156.0
100331.0
100587.0
101229.0
101339.0
101607.0
101850.0
102387.0
102522.0
102820.0
102788.0
102908.0
103175.0
103501.0
103855.0
104249.0
104501.0
104392.0
104503.0
104444.0
104562.0
104466.0
104378.0
104302.0
104250.0
104581.0
104814.0
104801.0
104823.0
104900.0
104934.0
105030.0
104955.0
104962.0
104821.0
104560.0
104900.0
105118.0
104831.0
105004.0
105028.0
105237.0
105122.0
105313.0
105697.0
105776.0
105940.0
106000.0
106068.0
106314.0
106501.0
106266.0
106326.0
106372.0
106693.0
106348.0
106503.0
107145.0
107137.0
107113.0
107126.0
106681.0
106836.0
107629.0
107655.0
107739.0
107642.0
107258.0
107379.0
107532.0
107417.0
107623.0
107633.0
107901.0
107777.0
107780.0
107753.0
107687.0
107874.0
107745.0
107494.0
107070.0
107345.0
107574.0
107581.0
107673.0
108194.0
108441.0
108416.0
108793.0
108852.0
109331.0
109487.0
109939.0
109866.0
109894.0
109919.0
109944.0
110075.0
110001.0
110245.0
110456.0
110582.0
110792.0
110912.0
111236.0
111375.0
111395.0
111216.0
111299.0
111721.0
112337.0
112591.0
112584.0
112786.0
112914.0
112820.0
112780.0
112670.0
112725.0
112964.0
113165.0
113417.0
113677.0
113622.0
113979.0
113806.0
113806.0
114112.0
113877.0
113767.0
114115.0
114070.0
114682.0
114582.0
114489.0
114605.0
114650.0
114675.0
114603.0
114796.0
114775.0
114565.0
114246.0
114468.0
114463.0
114186.0
114290.0
114464.0
114670.0
114718.0
114999.0
115069.0
114863.0
114807.0
114667.0
114621.0
114745.0
114925.0
115066.0
115182.0
114994.0
114858.0
114827.0
115299.0
115578.0
115376.0
115796.0
115775.0
115735.0
115649.0
116001.0
116063.0
116447.0
116497.0
116250.0
116122.0
115876.0
115743.0
115999.0
116068.0
116264.0
116027.0
116051.0
115964.0
115937.0
116231.0
116237.0
116172.0
115995.0
116225.0
116292.0
116167.0
115938.0
115536.0
115522.0
115228.0
115444.0
115595.0
115482.0
115557.0
115536.0
115244.0
115400.0
115578.0
115538.0
115652.0
115704.0
115896.0
116030.0
116165.0
116190.0
116263.0
115979.0
116093.0
115805.0
115596.0
115751.0
115847.0
115878.0
115820.0
115846.0
115653.0
116074.0
116145.0
115850.0
116221.0
115974.0
116245.0
116429.0
116301.0
116280.0
116085.0
115901.0
115989.0
116066.0
116065.0
115719.0
115626.0
115939.0
115937.0
116100.0
116096.0
116089.0
116195.0
116726.0
116290.0
116339.0
116634.0
116825.0
116897.0
116717.0
116958.0
116699.0
116614.0
116567.0
116642.0
116539.0
116486.0
116528.0
116516.0
116719.0
116931.0
116885.0
117040.0
117484.0
117486.0
117815.0
118140.0
118027.0
117529.0
116933.0
116868.0
116768.0
116512.0
116772.0
116800.0
116838.0
116793.0
116766.0
117065.0
116698.0
116883.0
117148.0
117178.0
117275.0
117305.0
117224.0
117068.0
117106.0
116366.0
116383.0
116165.0
115927.0
115689.0
115445.0
115224.0
115281.0
115215.0
115532.0
115394.0
115531.0
115368.0
115224.0
115686.0
115740.0
115726.0
115862.0
115709.0
115670.0
115696.0
115690.0
116154.0
116270.0
115969.0
115861.0
115873.0
116150.0
116187.0
115874.0
115513.0
115555.0
115676.0
115547.0
115575.0
115574.0
115679.0
115401.0
115597.0
115574.0
115549.0
115460.0
115313.0
115263.0
114835.0
115118.0
115107.0
115241.0
115298.0
115354.0
115526.0
115355.0
115244.0
115239.0
115340.0
115458.0
115516.0
115139.0
115139.0
114871.0
114578.0
114419.0
114400.0
114726.0
114907.0
114663.0
115000.0
115363.0
115243.0
115341.0
115173.0
115289.0
115416.0
115135.0
115118.0
115323.0
115376.0
115935.0
116040.0
115989.0
116162.0
116145.0
115948.0
116511.0
116356.0
116212.0
116171.0
116063.0
115902.0
115898.0
115802.0
115749.0
115713.0
116044.0
116320.0
116544.0
116361.0
116290.0
116666.0
116748.0
116720.0
116245.0
116398.0
116686.0
116457.0
116347.0
116154.0
116040.0
116065.0
116644.0
117064.0
117397.0
117413.0
117227.0
117368.0
117594.0
117932.0
118172.0
118153.0
118032.0
118335.0
118365.0
118622.0
118698.0
118864.0
118880.0
118927.0
118878.0
118830.0
118792.0
118969.0
119529.0
119638.0
120006.0
120129.0
120156.0
119987.0
120011.0
119629.0
119268.0
119295.0
119315.0
119691.0
119260.0
118973.0
119174.0
119247.0
119337.0
119391.0
119666.0
119655.0
119730.0
119488.0
119104.0
119248.0
119033.0
119228.0
119178.0
118705.0
118441.0
118802.0
119091.0
118840.0
118883.0
118905.0
118839.0
119023.0
119088.0
118991.0
118850.0
118679.0
118473.0
118499.0
118445.0
118369.0
118728.0
119000.0
119028.0
118911.0
119227.0
119563.0
119497.0
119222.0
119278.0
118982.0
119223.0
119478.0
119831.0
119920.0
119938.0
119727.0
120276.0
120042.0
120120.0
120321.0
120446.0
120503.0
120645.0
120603.0
120446.0
120710.0
120578.0
120664.0
120805.0
121179.0
121224.0
121047.0
121473.0
121775.0
121801.0
122043.0
122234.0
122484.0
122638.0
122689.0
122709.0
122839.0
122950.0
122690.0
122767.0
122498.0
122483.0
122597.0
122272.0
122226.0
122161.0
122019.0
121838.0
121445.0
121579.0
121807.0
121906.0
121675.0
122039.0
122019.0
122163.0
122282.0
122389.0
122234.0
122033.0
121737.0
121852.0
121993.0
122422.0
122438.0
122138.0
122143.0
122208.0
122314.0
122604.0
122781.0
122564.0
122365.0
122633.0
122711.0
122393.0
122395.0
122489.0
122473.0
122564.0
122732.0
122702.0
122903.0
123271.0
123528.0
123900.0
123462.0
123523.0
123554.0
123540.0
123765.0
123910.0
123802.0
124042.0
123826.0
123839.0
123601.0
123122.0
123635.0
123544.0
123261.0
123230.0
123382.0
123414.0
123580.0
123826.0
123405.0
122897.0
122776.0
122593.0
122284.0
122700.0
122843.0
122413.0
122419.0
122460.0
122608.0
123174.0
123520.0
123523.0
123331.0
122962.0
122629.0
122579.0
122636.0
122580.0
122548.0
122333.0
122164.0
122274.0
122138.0
122382.0
122172.0
122212.0
122318.0
122336.0
122168.0
122291.0
122412.0
122869.0
122836.0
122627.0
122843.0
123174.0
123295.0
123531.0
124091.0
123948.0
123815.0
124135.0
124417.0
124219.0
124168.0
124282.0
124074.0
124140.0
124008.0
124442.0
124386.0
124091.0
124010.0
124003.0
124210.0
123911.0
124070.0
123670.0
123598.0
123699.0
123403.0
123050.0
123006.0
123131.0
122884.0
122869.0
122555.0
122971.0
123204.0
123424.0
123474.0
123518.0
123512.0
123598.0
124017.0
124292.0
124497.0
124336.0
124317.0
124260.0
124061.0
123912.0
123862.0
123885.0
124139.0
124064.0
123847.0
124065.0
124300.0
124383.0
124035.0
124234.0
124058.0
124226.0
124076.0
124190.0
124227.0
124252.0
124670.0
124773.0
124454.0
124641.0
124547.0
124678.0
124694.0
124522.0
124434.0
124501.0
124514.0
124175.0
124337.0
124392.0
124068.0
124400.0
123888.0
123767.0
123967.0
123755.0
123779.0
123739.0
124258.0
124013.0
123886.0
123779.0
123642.0
123370.0
123622.0
124021.0
123956.0
124018.0
124052.0
123881.0
124121.0
124091.0
124095.0
124035.0
124106.0
123965.0
123530.0
123141.0
123051.0
122750.0
122895.0
122802.0
122778.0
122831.0
122781.0
122847.0
122525.0
122440.0
122572.0
122805.0
122789.0
123256.0
123468.0
123368.0
123669.0
123888.0
123999.0
124238.0
123940.0
124050.0
124101.0
124420.0
124036.0
123879.0
123832.0
123929.0
123612.0
123760.0
124040.0
123918.0
123716.0
123486.0
123721.0
123802.0
124116.0
124415.0
124171.0
124388.0
124550.0
124262.0
124428.0
124281.0
124432.0
124882.0
124824.0
124500.0
124406.0
124629.0
124705.0
124825.0
124854.0
124924.0
125041.0
124761.0
124601.0
124714.0
124809.0
125025.0
125393.0
125142.0
125130.0
125020.0
124985.0
124551.0
124725.0
124552.0
124987.0
125271.0
125101.0
125029.0
125069.0
125165.0
125427.0
125206.0
125177.0
125133.0
124861.0
125157.0
124981.0
124988.0
124962.0
125112.0
124985.0
125196.0
125169.0
125127.0
125183.0
125577.0
125576.0
125423.0
125696.0
125475.0
125632.0
125453.0
125758.0
125884.0
125680.0
125768.0
126076.0
126232.0
126077.0
125798.0
125820.0
126145.0
126148.0
126166.0
126155.0
126166.0
125929.0
125896.0
126030.0
125995.0
126042.0
126453.0
126385.0
126373.0
126463.0
126378.0
126697.0
126482.0
126327.0
126241.0
126347.0
126939.0
126528.0
126319.0
126633.0
126457.0
126308.0
126427.0
126654.0
126518.0
126713.0
126977.0
126839.0
126489.0
126376.0
126019.0
126270.0
126117.0
126293.0
126169.0
126110.0
126107.0
126193.0
125992.0
126096.0
125980.0
125851.0
125757.0
125463.0
125981.0
126117.0
126328.0
126464.0
126576.0
126549.0
126163.0
126372.0
126091.0
126197.0
126243.0
125989.0
126032.0
126047.0
126008.0
126099.0
125981.0
125898.0
126078.0
126084.0
126277.0
126367.0
126243.0
126575.0
126682.0
126354.0
126450.0
125830.0
126241.0
126052.0
126566.0
126454.0
126458.0
126238.0
126276.0
126224.0
126137.0
126167.0
125857.0
125680.0
125756.0
126052.0
126096.0
126259.0
126286.0
126067.0
125922.0
125819.0
125921.0
125905.0
125725.0
125505.0
125739.0
125786.0
126043.0
126057.0
125743.0
125762.0
125574.0
125277.0
125224.0
125446.0
125422.0
125407.0
125176.0
125303.0
125551.0
125596.0
125504.0
125847.0
125727.0
125881.0
126001.0
126305.0
125988.0
125770.0
125751.0
125762.0
125548.0
125530.0
125805.0
125948.0
126117.0
126046.0
125815.0
125587.0
125338.0
125226.0
125080.0
125162.0
124765.0
125143.0
125161.0
125062.0
125495.0
125464.0
125205.0
125314.0
125230.0
124870.0
124707.0
124772.0
125137.0
124908.0
124978.0
125015.0
124724.0
125192.0
125321.0
125559.0
125157.0
125316.0
125233.0
125363.0
125407.0
125342.0
125519.0
125566.0
125323.0
125140.0
124987.0
125067.0
125146.0
125296.0
125468.0
125505.0
125575.0
125426.0
125628.0
125710.0
125789.0
125787.0
126155.0
126257.0
126000.0
125918.0
125700.0
126062.0
125791.0
126165.0
125872.0
125791.0
125919.0
125889.0
125852.0
125847.0
125947.0
125832.0
125720.0
125704.0
126061.0
126005.0
125779.0
125643.0
125978.0
125893.0
125514.0
125948.0
125909.0
126100.0
125795.0
125710.0
125899.0
125795.0
125856.0
125650.0
125672.0
126034.0
125758.0
125713.0
125587.0
125397.0
125489.0
125239.0
125201.0
125214.0
125101.0
125111.0
125240.0
125142.0
124837.0
124952.0
124654.0
124391.0
124440.0
124548.0
124520.0
124792.0
124615.0
124917.0
124698.0
124948.0
125094.0
125003.0
124767.0
125151.0
124998.0
125004.0
124973.0
125015.0
125485.0
125481.0
125741.0
126016.0
126089.0
126041.0
126076.0
125743.0
125642.0
125799.0
125499.0
125352.0
125302.0
126029.0
125832.0
125387.0
125349.0
125324.0
125117.0
124822.0
125278.0
125121.0
125072.0
125345.0
125475.0
125531.0
125782.0
125711.0
125829.0
125702.0
125722.0
125639.0
125194.0
125124.0
125271.0
125311.0
125098.0
125142.0
124848.0
124764.0
124638.0
124832.0
124981.0
124954.0
124768.0
124643.0
124828.0
124440.0
124746.0
124848.0
124778.0
124795.0
124683.0
124620.0
124505.0
124636.0
124396.0
124291.0
124459.0
124444.0
124652.0
124644.0
124552.0
124517.0
124507.0
124461.0
124439.0
124551.0
124521.0
124118.0
124016.0
123981.0
123695.0
123460.0
123363.0
122853.0
122869.0
122774.0
122784.0
122620.0
122494.0
122019.0
121971.0
121982.0
122077.0
122213.0
122569.0
122553.0
122584.0
122430.0
122428.0
122443.0
122181.0
122072.0
122128.0
122256.0
122369.0
122367.0
122448.0
122097.0
122076.0
122026.0
122046.0
122498.0
122410.0
122522.0
122370.0
122433.0
122518.0
122437.0
122432.0
122218.0
122428.0
122247.0
122256.0
122228.0
121889.0
121667.0
122040.0
122082.0
122269.0
122080.0
122176.0
122343.0
122253.0
122569.0
122398.0
122496.0
122485.0
122350.0
122628.0
123045.0
123122.0
123340.0
123635.0
123408.0
123598.0
123689.0
123942.0
123932.0
123686.0
123690.0
123233.0
123622.0
123484.0
123627.0
123736.0
123897.0
123739.0
123559.0
123514.0
123396.0
123132.0
123305.0
123458.0
123714.0
123774.0
123780.0
123534.0
123565.0
123455.0
123541.0
123549.0
123402.0
123282.0
123193.0
123201.0
122983.0
122609.0
122700.0
122521.0
122651.0
122999.0
122754.0
122749.0
122880.0
122873.0
122877.0
122792.0
122603.0
122713.0
122701.0
122574.0
122855.0
123078.0
122822.0
122941.0
122941.0
123260.0
123290.0
123312.0
123361.0
123297.0
123381.0
123286.0
123531.0
123340.0
123242.0
123561.0
123202.0
123166.0
123187.0
123699.0
123592.0
123579.0
123504.0
123854.0
123619.0
123827.0
123652.0
123384.0
123383.0
123367.0
123140.0
123469.0
123224.0
123109.0
123300.0
123146.0
123483.0
123469.0
123185.0
123222.0
122852.0
123147.0
123258.0
123456.0
123860.0
123557.0
123279.0
123301.0
123123.0
122941.0
123127.0
122984.0
123155.0
123070.0
123126.0
123219.0
123084.0
123176.0
123274.0
123028.0
123090.0
123204.0
123130.0
123087.0
122795.0
122991.0
123628.0
123491.0
123331.0
123391.0
123546.0
123735.0
123649.0
123397.0
123220.0
123585.0
123650.0
123632.0
123486.0
123686.0
123701.0
123840.0
123805.0
123615.0
123693.0
123814.0
123154.0
123209.0
123066.0
123014.0
123318.0
123291.0
123636.0
123674.0
123811.0
123535.0
123428.0
123448.0
123527.0
123773.0
123633.0
124043.0
123997.0
123467.0
123240.0
123256.0
123208.0
123092.0
123192.0
122987.0
123123.0
122898.0
122847.0
123366.0
123327.0
123037.0
123276.0
123318.0
123380.0
123348.0
123475.0
123363.0
123534.0
123726.0
123893.0
123786.0
123397.0
123356.0
123636.0
123552.0
123796.0
123845.0
124097.0
124189.0
124229.0
123899.0
124048.0
124044.0
123873.0
124132.0
123938.0
124022.0
124001.0
123800.0
123516.0
123619.0
123459.0
123671.0
123667.0
123513.0
123872.0
123697.0
123684.0
123966.0
124035.0
123875.0
123868.0
123613.0
123676.0
123786.0
123479.0
123130.0
122823.0
123015.0
123129.0
122955.0
122848.0
122959.0
123004.0
123094.0
123074.0
122891.0
122816.0
123060.0
123200.0
123520.0
123478.0
123287.0
123508.0
123682.0
124073.0
124459.0
124543.0
124668.0
124721.0
124592.0
124619.0
123943.0
124277.0
124468.0
124232.0
124172.0
124351.0
124498.0
124467.0
124625.0
124689.0
124997.0
124778.0
124780.0
124950.0
124753.0
124718.0
124414.0
124356.0
124546.0
124288.0
124250.0
124574.0
124495.0
124665.0
124677.0
124528.0
124587.0
124917.0
124876.0
125057.0
125308.0
125520.0
125155.0
124997.0
124691.0
124650.0
124850.0
124683.0
124744.0
124779.0
124702.0
124827.0
124865.0
124879.0
124712.0
124710.0
124619.0
124173.0
123768.0
123707.0
123626.0
123349.0
123541.0
124148.0
124101.0
124089.0
124262.0
124308.0
124396.0
124634.0
124451.0
124387.0
124201.0
124230.0
124315.0
124500.0
124412.0
124570.0
124998.0
125021.0
125360.0
125456.0
125539.0
125510.0
125292.0
125202.0
125380.0
125082.0
125497.0
125572.0
125377.0
125331.0
125410.0
125192.0
125147.0
125442.0
125462.0
125478.0
125293.0
125251.0
125175.0
125227.0
125443.0
125542.0
125738.0
125805.0
125750.0
125635.0
125845.0
126001.0
125918.0
125977.0
125965.0
126168.0
126001.0
125715.0
125799.0
125797.0
125382.0
125329.0
125515.0
125486.0
125356.0
125393.0
125044.0
125162.0
125351.0
125350.0
125077.0
125404.0
125385.0
125298.0
125133.0
125388.0
125467.0
125496.0
125616.0
125487.0
125688.0
125395.0
125752.0
125649.0
125792.0
125519.0
125517.0
125187.0
125065.0
125047.0
124721.0
124758.0
124403.0
124155.0
124111.0
124080.0
124009.0
124061.0
123810.0
124060.0
124031.0
123652.0
123511.0
123621.0
123616.0
123672.0
123243.0
123161.0
122827.0
123011.0
122958.0
122881.0
122861.0
123057.0
122906.0
122869.0
123058.0
122815.0
122723.0
122677.0
122843.0
122605.0
122841.0
122590.0
122799.0
122923.0
123350.0
123374.0
123307.0
123311.0
123237.0
123422.0
123256.0
123106.0
123125.0
123458.0
123140.0
123032.0
123150.0
123116.0
122820.0
123017.0
123283.0
123290.0
123255.0
122783.0
122728.0
122962.0
123038.0
122729.0
122752.0
122801.0
122963.0
122883.0
122970.0
122753.0
122980.0
122999.0
122431.0
122239.0
122265.0
122390.0
122638.0
122699.0
122841.0
122397.0
122637.0
122765.0
122655.0
122686.0
122906.0
122940.0
123306.0
122839.0
122527.0
122727.0
122916.0
123035.0
122493.0
122353.0
122435.0
122917.0
122984.0
123228.0
122919.0
122754.0
123183.0
122801.0
122842.0
123025.0
122855.0
122394.0
122346.0
122389.0
122698.0
122843.0
122780.0
122551.0
122761.0
122611.0
122898.0
123237.0
123111.0
122760.0
122537.0
122435.0
122172.0
122300.0
122454.0
122051.0
122095.0
122286.0
122042.0
121845.0
122028.0
121697.0
121985.0
121924.0
122117.0
122297.0
122449.0
122564.0
122346.0
122378.0
122115.0
122002.0
122084.0
122128.0
121719.0
121686.0
121739.0
121362.0
121626.0
121626.0
121573.0
121563.0
121555.0
121781.0
121969.0
121809.0
122108.0
121922.0
121868.0
121578.0
121566.0
121850.0
121692.0
121662.0
121601.0
121886.0
121546.0
121681.0
121605.0
121394.0
121208.0
121505.0
121618.0
121436.0
121544.0
121553.0
121614.0
121463.0
121638.0
121666.0
121693.0
121772.0
121949.0
122282.0
122357.0
122335.0
122242.0
122045.0
121947.0
121933.0
121913.0
121866.0
121918.0
122103.0
121996.0
121629.0
121694.0
121972.0
122332.0
122073.0
121972.0
121852.0
121441.0
121798.0
121662.0
121529.0
121405.0
121909.0
121830.0
121904.0
121895.0
121920.0
121864.0
121803.0
122123.0
122150.0
122748.0
122507.0
122718.0
122920.0
123157.0
122914.0
122635.0
122576.0
122490.0
122579.0
122821.0
122736.0
122434.0
122189.0
121844.0
121940.0
121889.0
122214.0
121943.0
122346.0
122204.0
122344.0
122318.0
122533.0
122797.0
123006.0
123289.0
123103.0
123148.0
123226.0
123424.0
124085.0
124189.0
124290.0
124437.0
124390.0
124592.0
124578.0
124383.0
124349.0
124541.0
124445.0
124614.0
124412.0
124395.0
124444.0
124221.0
124288.0
124268.0
124228.0
123995.0
123906.0
123770.0
123794.0
123932.0
123785.0
123941.0
123952.0
123945.0
123838.0
123815.0
123800.0
124191.0
124002.0
123899.0
123849.0
123914.0
124069.0
124019.0
123878.0
123820.0
123360.0
123659.0
123584.0
123653.0
123994.0
123967.0
124183.0
124399.0
124327.0
123821.0
124275.0
124019.0
124499.0
124524.0
124489.0
124656.0
124619.0
124905.0
124943.0
125189.0
125245.0
125268.0
125419.0
125427.0
125089.0
124744.0
124734.0
124933.0
124747.0
124880.0
125137.0
125522.0
125691.0
125847.0
125889.0
126053.0
125843.0
125647.0
125568.0
125795.0
126304.0
126198.0
126356.0
126231.0
126267.0
126171.0
126381.0
126312.0
126188.0
126363.0
126604.0
126493.0
126380.0
126446.0
126308.0
126386.0
126974.0
127095.0
126801.0
126804.0
126823.0
126460.0
126451.0
126399.0
126377.0
126267.0
126342.0
126125.0
126227.0
126596.0
126772.0
126613.0
126478.0
126526.0
126534.0
126671.0
126964.0
126928.0
126590.0
126618.0
126400.0
126415.0
126589.0
126212.0
126090.0
126231.0
126427.0
126441.0
126493.0
126435.0
126539.0
126272.0
126167.0
126234.0
126245.0
126231.0
126325.0
126182.0
125974.0
126034.0
125885.0
126100.0
126150.0
126520.0
126348.0
126490.0
126724.0
126717.0
126403.0
126499.0
126577.0
126720.0
126230.0
126177.0
126167.0
126205.0
126521.0
126412.0
126598.0
126850.0
126991.0
127063.0
126933.0
126933.0
127205.0
127570.0
127709.0
127589.0
127176.0
127192.0
127260.0
127141.0
127198.0
127093.0
127207.0
127171.0
127088.0
127005.0
126410.0
126623.0
126855.0
127159.0
127087.0
127233.0
126984.0
127135.0
127199.0
127397.0
127459.0
127280.0
127125.0
126952.0
126845.0
126975.0
126792.0
126900.0
126924.0
127054.0
127072.0
127458.0
127086.0
126951.0
126949.0
126903.0
126717.0
126787.0
126645.0
126900.0
126543.0
126341.0
126533.0
126327.0
126404.0
126656.0
126683.0
126745.0
126878.0
126643.0
126824.0
126878.0
126615.0
126819.0
126898.0
127022.0
126791.0
126918.0
127001.0
126943.0
126493.0
126535.0
126392.0
126551.0
126538.0
126578.0
126659.0
126693.0
126753.0
126418.0
126297.0
126442.0
126677.0
126648.0
126992.0
127357.0
127663.0
127598.0
127763.0
127899.0
128231.0
128418.0
128400.0
128486.0
128345.0
128849.0
129171.0
129146.0
129090.0
129335.0
129462.0
129503.0
129345.0
129794.0
129893.0
130177.0
130438.0
130224.0
130133.0
130351.0
130075.0
130193.0
130251.0
130326.0
130384.0
130009.0
130181.0
130155.0
130391.0
130398.0
130619.0
130768.0
130914.0
130953.0
131156.0
131056.0
130927.0
130872.0
130814.0
130890.0
131094.0
130933.0
130992.0
131161.0
130910.0
131178.0
131762.0
131592.0
131805.0
131608.0
131798.0
131636.0
131903.0
131953.0
131957.0
131994.0
131993.0
131931.0
131892.0
131798.0
131456.0
131389.0
131160.0
130567.0
130876.0
130971.0
131142.0
131088.0
130874.0
131052.0
131313.0
131341.0
131639.0
131688.0
131664.0
131032.0
131539.0
131526.0
131060.0
130970.0
130990.0
131199.0
131275.0
131296.0
131491.0
131410.0
130932.0
130902.0
130931.0
130962.0
131248.0
131054.0
130970.0
130460.0
130377.0
130129.0
130042.0
129482.0
129164.0
129015.0
128778.0
128774.0
128717.0
128500.0
128255.0
128796.0
128887.0
128887.0
129151.0
128756.0
128768.0
128472.0
128597.0
128572.0
128346.0
128783.0
128865.0
129119.0
129386.0
129668.0
129580.0
129338.0
129477.0
129540.0
129573.0
129494.0
129229.0
129072.0
128914.0
128638.0
128929.0
128628.0
128534.0
128541.0
128241.0
128006.0
128168.0
127830.0
127847.0
127820.0
127916.0
127828.0
127524.0
127436.0
127555.0
127568.0
127408.0
127404.0
127758.0
127460.0
127622.0
127606.0
127789.0
128106.0
127734.0
127389.0
127416.0
127673.0
127514.0
127685.0
127634.0
127915.0
128176.0
127929.0
127772.0
127698.0
127792.0
127574.0
127622.0
127583.0
128071.0
128106.0
128151.0
128171.0
128228.0
127994.0
127950.0
127874.0
128023.0
127064.0
127166.0
126870.0
127136.0
127228.0
127359.0
127064.0
127181.0
127254.0
127467.0
127847.0
128185.0
128061.0
127732.0
128110.0
128064.0
128057.0
127958.0
127817.0
127635.0
127499.0
127573.0
127456.0
127394.0
127339.0
126921.0
126809.0
126780.0
126981.0
126904.0
126878.0
126938.0
127023.0
126736.0
126506.0
126281.0
125930.0
126280.0
126423.0
126100.0
125527.0
125343.0
125368.0
125158.0
124929.0
124589.0
124730.0
124638.0
124767.0
124715.0
124508.0
124277.0
124199.0
124303.0
124744.0
124356.0
124269.0
124424.0
124368.0
124671.0
124758.0
124823.0
124980.0
124813.0
124833.0
124842.0
124716.0
124678.0
124768.0
124671.0
124635.0
124778.0
124922.0
124794.0
124657.0
124329.0
124335.0
124202.0
124297.0
124412.0
124319.0
124119.0
123944.0
123746.0
123980.0
124280.0
124232.0
124280.0
123986.0
124144.0
123818.0
123920.0
123767.0
124099.0
124348.0
124359.0
124223.0
124476.0
124215.0
124258.0
124189.0
124682.0
124614.0
124576.0
124235.0
124415.0
124123.0
124369.0
124788.0
124773.0
124699.0
124723.0
125157.0
125017.0
124995.0
124866.0
124633.0
124855.0
125024.0
125207.0
125214.0
124853.0
125219.0
125430.0
125226.0
125610.0
125636.0
125493.0
125739.0
125947.0
126044.0
125886.0
125889.0
125950.0
126090.0
125715.0
125541.0
125677.0
125553.0
125907.0
125685.0
126163.0
126329.0
126761.0
126709.0
126594.0
126611.0
127011.0
127079.0
127177.0
127684.0
127756.0
127628.0
127982.0
127903.0
128237.0
127943.0
127931.0
127966.0
127783.0
127872.0
127630.0
127732.0
127762.0
127517.0
128000.0
128165.0
128287.0
128565.0
128564.0
128325.0
128274.0
127983.0
127983.0
128129.0
128308.0
128261.0
128430.0
128722.0
128753.0
128741.0
128418.0
128425.0
128531.0
128638.0
128534.0
128804.0
128688.0
128781.0
128699.0
128488.0
128555.0
128330.0
128435.0
128598.0
128460.0
128619.0
128677.0
129202.0
129229.0
129429.0
129374.0
129562.0
129441.0
129456.0
129769.0
129806.0
129788.0
129616.0
130161.0
130402.0
130360.0
130355.0
130411.0
130743.0
130789.0
130595.0
131048.0
131303.0
131280.0
131133.0
131046.0
131249.0
130929.0
130467.0
130861.0
130808.0
130922.0
130894.0
130531.0
130323.0
130447.0
130265.0
130682.0
130126.0
130231.0
130250.0
130568.0
130854.0
130979.0
131000.0
130872.0
130691.0
130494.0
130047.0
130055.0
130362.0
130292.0
129954.0
130177.0
129840.0
129419.0
129212.0
129187.0
129227.0
129508.0
129277.0
128764.0
128604.0
128879.0
129287.0
129353.0
129022.0
129335.0
129341.0
129348.0
128901.0
128866.0
128804.0
128573.0
128301.0
127841.0
127593.0
127435.0
127282.0
127159.0
127082.0
127198.0
126837.0
126731.0
126440.0
126593.0
127200.0
127360.0
127282.0
126926.0
127424.0
127417.0
127462.0
127496.0
127307.0
127588.0
127611.0
127499.0
127669.0
127201.0
127201.0
127898.0
128150.0
128175.0
128379.0
128545.0
128671.0
128434.0
128575.0
128838.0
128597.0
128924.0
128961.0
129360.0
129141.0
129149.0
129018.0
129237.0
128886.0
129095.0
129321.0
129269.0
129003.0
129047.0
129226.0
129526.0
129156.0
129112.0
129011.0
128447.0
128121.0
128236.0
127522.0
127739.0
127820.0
127758.0
127927.0
128064.0
127912.0
127499.0
127774.0
128259.0
127960.0
128151.0
128162.0
128076.0
127663.0
127637.0
127781.0
127859.0
127916.0
127994.0
128453.0
128246.0
128181.0
127864.0
127380.0
127342.0
127341.0
126897.0
126653.0
126423.0
126396.0
126970.0
127221.0
127142.0
126873.0
126615.0
126515.0
126862.0
127198.0
127163.0
126810.0
126946.0
126630.0
126842.0
126567.0
126382.0
126272.0
126120.0
125753.0
125684.0
125337.0
125336.0
125258.0
125416.0
125314.0
125123.0
125163.0
125185.0
125609.0
125992.0
126112.0
125608.0
125631.0
125889.0
125516.0
125744.0
125786.0
125692.0
125185.0
125095.0
125475.0
125500.0
125070.0
124836.0
124689.0
124837.0
124949.0
124938.0
124939.0
124655.0
124997.0
124910.0
124901.0
124905.0
124933.0
124694.0
124712.0
124598.0
125076.0
125175.0
125229.0
124640.0
124657.0
125058.0
125268.0
125466.0
125432.0
125868.0
126139.0
126193.0
126018.0
126025.0
125966.0
126032.0
125992.0
125996.0
125820.0
125916.0
126218.0
126322.0
126135.0
125924.0
125885.0
125892.0
126097.0
125684.0
125337.0
125558.0
125699.0
125722.0
125830.0
126175.0
126079.0
125815.0
126041.0
125405.0
125219.0
125480.0
125980.0
125994.0
125871.0
125692.0
125952.0
125843.0
125825.0
126230.0
125954.0
126018.0
125839.0
125989.0
125768.0
126011.0
126098.0
126062.0
126190.0
125997.0
126071.0
125960.0
125811.0
126077.0
125886.0
125588.0
125769.0
126271.0
126486.0
126322.0
126422.0
126346.0
126335.0
126307.0
126189.0
125853.0
125537.0
125516.0
125615.0
125309.0
125358.0
125281.0
125170.0
125168.0
125023.0
124921.0
125270.0
125557.0
125751.0
125955.0
126058.0
126203.0
126185.0
126012.0
126322.0
126076.0
126222.0
126010.0
126285.0
126449.0
125998.0
126180.0
126498.0
126352.0
126364.0
126595.0
126701.0
126776.0
126708.0
126903.0
126743.0
126409.0
126370.0
126250.0
125918.0
125676.0
125573.0
125553.0
125497.0
126031.0
126145.0
126053.0
126004.0
126107.0
126324.0
126475.0
126200.0
126108.0
126076.0
126113.0
125994.0
126077.0
125798.0
125681.0
126047.0
125852.0
125891.0
126611.0
126826.0
126523.0
126408.0
126229.0
125404.0
125534.0
125582.0
125788.0
126037.0
126039.0
125749.0
125549.0
125574.0
125535.0
125400.0
125509.0
125695.0
125473.0
125515.0
125779.0
125729.0
125614.0
125442.0
125475.0
125738.0
125967.0
126082.0
126196.0
126694.0
126612.0
126567.0
126698.0
126711.0
126506.0
126385.0
126378.0
126112.0
126126.0
126214.0
126515.0
125989.0
125762.0
125264.0
125527.0
125252.0
125263.0
125360.0
125230.0
125355.0
125080.0
125419.0
125519.0
125921.0
125688.0
125441.0
125380.0
125559.0
125304.0
125394.0
125382.0
125415.0
125593.0
125726.0
125773.0
125683.0
125922.0
126233.0
126161.0
126003.0
125808.0
125478.0
125519.0
125402.0
125041.0
125269.0
125616.0
125676.0
125708.0
125862.0
125810.0
126111.0
126181.0
126091.0
125963.0
125873.0
125367.0
125151.0
125340.0
125088.0
124894.0
124863.0
124904.0
124799.0
124410.0
124438.0
124598.0
124447.0
124806.0
124969.0
125264.0
125070.0
125301.0
125411.0
125725.0
125660.0
125989.0
125805.0
125418.0
125443.0
124962.0
125484.0
125756.0
125843.0
125798.0
125819.0
126037.0
126258.0
126806.0
126739.0
126709.0
127143.0
127498.0
127423.0
127447.0
127414.0
127416.0
127607.0
127366.0
127313.0
127483.0
127494.0
127534.0
127650.0
127861.0
127731.0
127796.0
127586.0
127645.0
127240.0
127246.0
127306.0
126971.0
126952.0
126546.0
126986.0
127125.0
127254.0
127242.0
127239.0
127310.0
127341.0
127221.0
127298.0
127336.0
126930.0
126794.0
126512.0
126368.0
126327.0
125845.0
125542.0
125381.0
125648.0
125486.0
125639.0
125724.0
125531.0
125558.0
125628.0
125533.0
125521.0
125881.0
125965.0
125527.0
125294.0
125613.0
125289.0
125382.0
125426.0
125179.0
125449.0
125479.0
125794.0
125811.0
125529.0
125705.0
125971.0
126195.0
126304.0
126419.0
126252.0
126132.0
126013.0
126049.0
126070.0
126219.0
125978.0
125996.0
125758.0
125389.0
125230.0
125309.0
125242.0
125216.0
125145.0
124946.0
124836.0
124716.0
124771.0
124473.0
124991.0
124626.0
124617.0
124619.0
124524.0
124483.0
124515.0
124370.0
124529.0
124426.0
124063.0
124068.0
124354.0
124276.0
124376.0
124265.0
124437.0
124699.0
124923.0
125027.0
124891.0
124848.0
124772.0
125022.0
124849.0
125124.0
125210.0
124905.0
124566.0
124230.0
124122.0
123882.0
124072.0
124038.0
123835.0
123954.0
124214.0
124410.0
124046.0
124081.0
124182.0
124289.0
124344.0
124140.0
124399.0
124723.0
125029.0
125300.0
125428.0
125130.0
124967.0
124835.0
124656.0
124518.0
124684.0
124505.0
124591.0
125051.0
124809.0
124598.0
124279.0
124064.0
124149.0
124176.0
123958.0
123850.0
123845.0
123993.0
123974.0
124047.0
124201.0
124258.0
124328.0
124132.0
124007.0
124105.0
123866.0
123882.0
124108.0
123945.0
123926.0
124043.0
123946.0
123997.0
123898.0
124061.0
123886.0
123807.0
123769.0
124078.0
124012.0
124016.0
124151.0
124341.0
124205.0
124195.0
124134.0
123832.0
123911.0
124324.0
124660.0
124908.0
124990.0
124954.0
124963.0
124767.0
124686.0
124555.0
124382.0
124402.0
124569.0
124708.0
124924.0
124867.0
124848.0
124549.0
124755.0
124676.0
124486.0
124004.0
124069.0
123818.0
123677.0
124012.0
124048.0
123947.0
124010.0
123857.0
123920.0
124238.0
124554.0
124714.0
124873.0
124738.0
124498.0
124689.0
124288.0
124730.0
124407.0
124918.0
124715.0
124627.0
124436.0
124304.0
123895.0
123952.0
124168.0
123810.0
124144.0
124185.0
124185.0
124415.0
124252.0
124298.0
124375.0
124388.0
124391.0
124431.0
124965.0
124628.0
124528.0
124636.0
124358.0
124278.0
124563.0
124336.0
124248.0
124248.0
124511.0
124810.0
124717.0
124532.0
124370.0
124073.0
124105.0
124196.0
124016.0
123728.0
123809.0
123939.0
124104.0
124081.0
124662.0
124409.0
124570.0
124366.0
124660.0
125043.0
124860.0
124845.0
125005.0
125176.0
124953.0
125134.0
125053.0
125015.0
124976.0
125334.0
125274.0
125302.0
125554.0
125550.0
125603.0
125663.0
125965.0
126292.0
126132.0
126131.0
126041.0
126206.0
126517.0
126442.0
126559.0
126936.0
126493.0
126250.0
126307.0
126416.0
126454.0
125822.0
125844.0
125783.0
125613.0
125577.0
125311.0
125409.0
125407.0
124856.0
124847.0
124792.0
124529.0
124417.0
124506.0
124497.0
124599.0
124791.0
124804.0
124923.0
125072.0
124914.0
124658.0
124404.0
124525.0
124236.0
124436.0
124186.0
124345.0
124368.0
124461.0
124594.0
124737.0
124599.0
124716.0
124720.0
124218.0
124237.0
124040.0
124023.0
124247.0
124286.0
124068.0
124500.0
124770.0
124693.0
124711.0
125079.0
125314.0
125131.0
125099.0
125279.0
125325.0
125654.0
125577.0
125426.0
125254.0
125581.0
125829.0
125705.0
125863.0
126019.0
126128.0
125962.0
126294.0
125826.0
125907.0
126182.0
125845.0
125824.0
125879.0
125673.0
125688.0
125846.0
126008.0
126195.0
126082.0
126044.0
126012.0
125944.0
125649.0
125666.0
125684.0
125849.0
125911.0
125350.0
125587.0
125270.0
125853.0
125804.0
125864.0
125935.0
126225.0
126625.0
126593.0
126457.0
126386.0
126290.0
126292.0
126321.0
125958.0
125731.0
125478.0
125121.0
125592.0
125563.0
125782.0
125814.0
125694.0
125714.0
125626.0
125446.0
125422.0
125493.0
125805.0
125917.0
125970.0
125825.0
125597.0
125383.0
125437.0
125442.0
125474.0
125330.0
125059.0
125069.0
125114.0
124823.0
124702.0
124663.0
124725.0
124759.0
124738.0
124442.0
124168.0
124162.0
124353.0
124018.0
124217.0
124269.0
124434.0
124411.0
124275.0
124430.0
124557.0
124722.0
124756.0
124822.0
124843.0
124788.0
124820.0
125028.0
124964.0
124789.0
124403.0
124718.0
124850.0
124771.0
124818.0
125148.0
125081.0
124946.0
124712.0
124807.0
124900.0
124837.0
124684.0
124595.0
124516.0
124052.0
124179.0
124108.0
124196.0
124523.0
124568.0
124313.0
124349.0
124402.0
124381.0
124754.0
125206.0
125426.0
125217.0
125273.0
125095.0
125105.0
125336.0
124894.0
124633.0
124664.0
124841.0
125112.0
125207.0
125320.0
125102.0
124977.0
125476.0
125564.0
125477.0
125381.0
125603.0
125448.0
125168.0
125083.0
125026.0
125270.0
125171.0
125518.0
125256.0
125023.0
70146.3
15976.5
683.612
787.629
823.092
746.126
1088.7
763.829
675.474
677.441
594.296
781.649
678.124
540.244
412.485
923.013
801.986
790.669
787.323
1074.22
549.171
756.839
527.853
600.63
771.828
1049.64
815.14
483.486
742.818
743.006
319.509
1126.72
877.62
779.466
685.039
740.261
807.131
742.607
548.798
768.33
732.842
626.486
547.596
705.786
724.591
359.408
802.404
1209.56
446.799
765.882
557.953
718.219
801.518
1048.8
406.54
770.998
600.962
963.805
819.787
761.74
778.31
794.406
558.902
735.216
830.764
547.27
744.454
631.45
416.57
693.436
230.319
754.642
359.727
765.903
418.962
845.506
746.911
703.845
676.192
477.116
1038.79
565.754
366.142
725.035
1152.84
638.056
484.2
870.777
566.047
649.771
770.574
775.114
772.96
397.57
602.904
731.863
445.629
437.833
608.554
443.046
816.161
437.991
1141.44
567.834
613.714
646.478
294.881
655.196
674.385
630.595
874.631
721.698
460.265
595.372
1067.55
727.102
860.757
494.283
1004.8
560.154
1043.21
650.23
944.054
699.525
333.078
567.263
600.029
449.572
706.898
1095.21
766.469
879.158
1126.77
800.862
1002.8
507.211
1126.05
851.783
617.841
629.153
674.932
596.985
1090.46
916.492
980.941
828.888
203.329
647.123
859.804
917.945
810.15
601.67
841.296
549.092
494.567
696.832
632.629
331.72
986.768
979.866
557.431
722.944
990.645
475.809
705.48
462.275
347.131
643.178
817.926
499.841
580.285
629.527
727.711
381.368
1110.1
750.267
611.84
755.443
1000.66
343.455
487.462
881.369
289.984
733.598
532.263
891.528
747.608
627.153
1009.56
623.112
618.255
977.488
846.459
903.513
692.952
340.001
578.55
623.039
250.295
619.169
436.896
815.018
833.847
488.963
890.601
513.509
412.574
700.229
811.944
875.451
596.315
481.036
776.348
696.763
825.008
760.531
566.894
315.992
561.732
508.517
520.288
444.528
826.855
448.26
577.202
495.986
713.776
468.72
939.455
626.172
583.353
1017.64
862.226
631.773
779.808
524.721
381.843
1091.73
541.912
654.049
762.936
728.497
502.466
559.402
303.097
345.837
797.42
513.105
586.668
695.013
568.428
596.195
746.369
659.397
510.885
425.183
595.113
335.608
917.518
578.282
783.728
650.932
286.536
760.376
544.439
199.175
948.477
518.136
612.92
713.03
460.866
726.385
469.691
352.502
957.755
607.138
351.204
524.585
972.791
748.392
810.641
528.889
729.292
587.087
440.419
557.722
828.933
326.634
859.347
560.916
747.496
719.479
697.031
550.589
759.436
296.89
530.169
993.421
711.52
702.962
512.805
943.776
356.693
785.019
330.391
709.988
455.725
398.022
243.943
440.105
651.611
510.669
416.382
490.001
393.078
548.881
650.89
221.12
690.622
898.097
609.104
640.127
341.578
807.452
715.514
533.103
531.228
512.757
384.42
397.465
497.785
359.603
307.842
491.313
561.956
449.446
551.122
558.346
140.093
247.626
513.297
816.419
666.377
589.884
523.608
478.865
418.788
575.275
247.252
382.142
420.625
345.146
453.741
423.178
494.736
170.495
621.344
493.093
441.803
479.451
496.005
480.866
329.132
712.644
537.983
422.01
306.447
528.869
496.108
229.344
694.136
607.952
392.64
512.232
565.182
750.639
466.054
306.445
485.1
571.255
644.695
325.249
441.279
700.993
648.202
412.482
385.763
315.142
242.377
735.378
497.726
229.09
835.592
557.983
465.23
679.362
625.049
578.987
718.254
533.999
648.981
449.802
489.735
842.099
628.119
546.433
275.565
6457.29
21029.4
35282.8
49489.8
63469.8
77758.2
91970.0
105644.0
117937.0
128585.0
139111.0
148172.0
152538.0
143494.0
134228.0
128304.0
122290.0
115510.0
110000.0
105551.0
100365.0
96561.2
93590.4
90095.4
84769.0
83739.0
80271.7
76986.5
75211.3
69722.6
67851.0
66524.1
65661.7
64505.0
62011.1
60549.8
58572.8
56646.1
56096.6
55752.5
54750.2
54612.3
53667.1
52922.7
52265.0
51661.4
51618.7
50841.6
50616.3
50116.4
50320.6
50646.5
50843.6
50496.3
50553.7
50541.2
50622.7
50790.2
50731.5
50613.1
50600.5
51172.5
51234.0
51411.0
51541.9
51875.4
52067.3
52436.7
52553.2
51246.9
51642.9
51585.6
51691.3
51293.6
51315.4
51363.4
51400.3
51613.1
51806.0
52064.7
51755.6
52026.3
52250.7
52525.3
52643.6
52650.1
52983.7
53683.6
53500.0
53501.4
53563.6
53652.2
53819.9
54254.6
54332.5
54472.8
54127.4
54498.0
54381.2
54564.8
54923.6
55023.9
55092.2
55980.4
55977.2
55868.0
55966.7
56049.8
56379.5
56096.1
56259.7
56592.8
56902.6
56931.3
57129.1
57308.0
57484.2
57443.0
57289.4
57925.5
58207.3
58592.0
58589.6
58481.4
58753.5
58779.2
59242.2
59920.8
60136.1
60617.9
60861.4
61388.2
61741.0
61830.1
62109.2
62222.7
62694.3
63123.6
63339.4
63770.0
64088.8
64378.0
64761.0
65289.9
65271.4
65322.8
65856.9
66136.0
66331.0
66532.9
66847.2
66808.9
67127.1
67378.3
67629.3
68095.4
68361.0
68519.4
68832.0
69108.8
69469.9
69876.9
70014.1
70022.2
70566.8
70804.9
71108.5
71299.5
71418.5
71433.1
71664.6
71779.9
72255.2
72292.2
72596.5
72835.9
72724.4
72874.1
72993.3
73481.4
73736.3
73696.5
73589.1
74344.9
74649.8
74839.5
75111.6
75478.1
75647.7
75872.3
76289.3
76959.9
77217.8
77245.5
77144.9
77356.4
77798.8
77950.7
77797.8
78321.0
78697.1
78813.2
79219.2
79176.1
79270.1
79585.4
79950.4
80212.7
80634.1
80829.8
80999.2
81143.0
81714.7
81852.3
82122.7
82213.5
82436.6
82486.8
82714.5
82537.9
82591.1
82739.6
82911.0
82996.7
83406.7
83430.4
83535.8
84033.4
84040.8
84302.6
84242.6
84345.0
84160.0
84190.2
84141.9
84475.7
84585.7
84493.6
84802.6
84868.0
85144.0
85111.8
85370.4
85982.4
85924.1
85936.9
86143.4
86176.7
86209.5
86521.1
86677.7
86731.6
86758.1
87095.6
86975.7
87195.5
87553.1
87998.8
88023.3
88181.4
88406.0
88656.0
89142.7
89547.9
90035.7
90357.8
90300.8
90584.8
90691.2
90824.3
90807.3
90885.4
91020.3
91090.1
91058.9
91618.2
91749.4
92001.3
92223.4
92277.7
92399.7
92380.3
92529.1
92570.3
92688.4
92468.1
92883.3
92788.8
92802.4
93065.8
93217.4
93297.1
93271.8
93749.8
94105.6
94001.6
93916.9
93962.0
94212.5
94474.9
94685.8
94585.4
94726.8
94640.2
94580.2
94552.7
94899.3
94853.0
95288.5
95117.8
95084.0
95066.6
95510.3
95573.4
95793.8
95798.3
95771.3
95972.6
95805.5
95937.1
96268.4
96552.4
96407.8
96623.1
96627.7
96701.1
96713.6
96559.3
96434.0
96404.2
96608.4
96701.3
96781.5
96766.5
97016.0
97113.6
97431.5
97521.3
97861.7
98149.4
98065.7
98089.6
98017.0
98221.3
98280.3
98725.6
98567.0
98397.0
98545.7
98551.7
98547.8
98610.3
98706.1
98746.7
98827.0
98408.0
98469.2
98447.0
98969.0
99224.2
99341.3
99338.8
99175.9
99249.6
99549.7
99741.9
99466.9
99518.2
99240.5
99177.7
99111.4
99619.5
99767.8
100375.0
100637.0
100924.0
100722.0
100866.0
100845.0
101129.0
101043.0
101415.0
101918.0
101725.0
101489.0
101744.0
101732.0
101331.0
101631.0
101701.0
101952.0
102139.0
101899.0
102314.0
102586.0
102527.0
102781.0
102686.0
102645.0
102740.0
103237.0
103281.0
103931.0
103789.0
103819.0
103978.0
103850.0
103642.0
103846.0
103677.0
103879.0
104187.0
104052.0
104103.0
104024.0
104094.0
103883.0
103986.0
104142.0
104229.0
104097.0
104264.0
104607.0
104641.0
104565.0
104583.0
104830.0
104952.0
105251.0
105697.0
105327.0
105559.0
105608.0
105509.0
105225.0
104957.0
105193.0
105507.0
106071.0
105903.0
105917.0
106074.0
106304.0
106340.0
106143.0
106633.0
106628.0
106197.0
105923.0
106029.0
106553.0
106726.0
107407.0
107926.0
107918.0
108042.0
107943.0
108161.0
107924.0
107627.0
107557.0
107887.0
107761.0
107686.0
107721.0
107980.0
108326.0
108283.0
108407.0
108603.0
108323.0
108318.0
108760.0
108618.0
108716.0
108488.0
108346.0
108403.0
108316.0
108459.0
108368.0
108681.0
108561.0
108758.0
108608.0
108582.0
108779.0
109304.0
109250.0
109559.0
109481.0
109623.0
109680.0
109849.0
109852.0
109872.0
109696.0
109805.0
109391.0
109418.0
109604.0
109827.0
109767.0
109823.0
110034.0
109862.0
110052.0
109854.0
110023.0
110194.0
110332.0
110512.0
110779.0
110355.0
110116.0
109860.0
109881.0
109830.0
110083.0
109834.0
110276.0
110554.0
110756.0
110950.0
110998.0
111040.0
111144.0
111079.0
111331.0
111112.0
111375.0
111575.0
111972.0
111940.0
111752.0
111880.0
111626.0
111649.0
111560.0
111602.0
111398.0
111487.0
111546.0
111486.0
111887.0
111770.0
112789.0
112801.0
112478.0
112676.0
112746.0
113037.0
113048.0
112895.0
112621.0
112515.0
112698.0
112933.0
113183.0
113047.0
112964.0
112982.0
113214.0
113157.0
113123.0
113196.0
112888.0
112440.0
112700.0
112902.0
113117.0
113343.0
113278.0
113292.0
113529.0
113575.0
113748.0
113990.0
114054.0
113993.0
113899.0
113682.0
113405.0
112953.0
112836.0
112802.0
112973.0
113208.0
113560.0
113377.0
113500.0
113468.0
113868.0
113814.0
113565.0
113679.0
113720.0
113918.0
113459.0
113343.0
112964.0
112976.0
113212.0
113290.0
113805.0
114045.0
114272.0
114178.0
114214.0
114396.0
114569.0
114486.0
114602.0
114721.0
114828.0
114490.0
114324.0
114327.0
114300.0
114341.0
114281.0
114213.0
114447.0
114440.0
114196.0
114192.0
114358.0
114183.0
114278.0
114298.0
113821.0
113906.0
114080.0
114235.0
114567.0
114774.0
114737.0
114665.0
114880.0
114862.0
114886.0
114843.0
114890.0
114971.0
115329.0
115548.0
115584.0
115561.0
115886.0
115806.0
115902.0
116087.0
115747.0
115831.0
115868.0
116170.0
116178.0
116273.0
116841.0
116970.0
116954.0
117277.0
117277.0
117373.0
117332.0
117233.0
117335.0
117658.0
117545.0
117745.0
117941.0
117982.0
118456.0
118223.0
118025.0
118335.0
118456.0
118340.0
118424.0
118339.0
118613.0
118455.0
118331.0
118732.0
118778.0
119209.0
119176.0
118946.0
119276.0
119181.0
119340.0
119245.0
119637.0
120054.0
119931.0
120002.0
119902.0
119533.0
119524.0
119069.0
119302.0
119261.0
119311.0
119125.0
118958.0
118612.0
118430.0
118555.0
118718.0
118826.0
118912.0
118795.0
118719.0
118662.0
118394.0
118390.0
118693.0
118634.0
118472.0
118473.0
118610.0
118182.0
118451.0
118524.0
118349.0
118412.0
118434.0
118372.0
118346.0
118212.0
118208.0
118250.0
118380.0
118660.0
118675.0
119023.0
119007.0
118831.0
118878.0
119036.0
118298.0
118420.0
118469.0
118305.0
118259.0
118220.0
117922.0
117871.0
117575.0
117582.0
117593.0
117764.0
117465.0
117783.0
117705.0
117572.0
117996.0
118018.0
118308.0
118442.0
118270.0
118332.0
118155.0
117802.0
117660.0
117823.0
117732.0
117949.0
118085.0
118153.0
118415.0
118120.0
118085.0
118209.0
118307.0
118299.0
117983.0
117972.0
117958.0
118125.0
118521.0
118367.0
118003.0
117978.0
117833.0
117939.0
117658.0
117634.0
117614.0
117491.0
117144.0
117392.0
117335.0
117277.0
117313.0
117407.0
117534.0
117295.0
116931.0
116792.0
116754.0
116779.0
117145.0
117223.0
116997.0
117107.0
117280.0
117147.0
117578.0
117592.0
117512.0
117664.0
117429.0
117116.0
116777.0
117005.0
116786.0
116728.0
116856.0
117074.0
117073.0
117048.0
117299.0
117183.0
117552.0
117285.0
116909.0
117179.0
117135.0
117268.0
117727.0
117816.0
117696.0
117706.0
117727.0
117587.0
117957.0
117695.0
118011.0
117981.0
118372.0
118303.0
118380.0
118269.0
118089.0
117822.0
117729.0
117860.0
117944.0
117734.0
117666.0
117966.0
118160.0
118081.0
117767.0
118008.0
118055.0
117928.0
118065.0
118255.0
117933.0
117477.0
117562.0
117307.0
117339.0
117835.0
117787.0
118061.0
117803.0
117972.0
117761.0
117805.0
117766.0
117591.0
117459.0
117534.0
117759.0
117663.0
117582.0
117413.0
117707.0
117863.0
118068.0
117984.0
117818.0
117626.0
117373.0
117612.0
117410.0
117485.0
117263.0
117036.0
117190.0
116939.0
117159.0
117289.0
117246.0
117535.0
117567.0
117506.0
117844.0
118218.0
118180.0
117931.0
117840.0
117924.0
118453.0
118367.0
118432.0
118693.0
118783.0
119034.0
119401.0
118909.0
119029.0
119080.0
119070.0
119419.0
119228.0
118997.0
118771.0
118834.0
119261.0
119107.0
119406.0
119380.0
119519.0
119990.0
119901.0
120141.0
120449.0
120476.0
120483.0
120123.0
119934.0
120370.0
120219.0
120280.0
120275.0
120240.0
120443.0
120316.0
120187.0
120192.0
120187.0
120135.0
120173.0
119960.0
119835.0
120252.0
120250.0
120464.0
120389.0
120306.0
120685.0
120681.0
120519.0
120722.0
120996.0
121514.0
121576.0
121556.0
121610.0
121206.0
121453.0
121760.0
121743.0
121990.0
122271.0
122376.0
122389.0
122581.0
122446.0
122066.0
121618.0
121564.0
121661.0
121566.0
121610.0
121935.0
121855.0
121842.0
121873.0
122050.0
121693.0
121998.0
122300.0
122065.0
122184.0
122140.0
122522.0
122494.0
122681.0
122709.0
122582.0
122998.0
123060.0
123203.0
123288.0
123459.0
123293.0
123051.0
123553.0
123933.0
123613.0
123952.0
124471.0
124301.0
124177.0
124282.0
124141.0
124601.0
124449.0
124669.0
124792.0
125241.0
124913.0
124673.0
124792.0
124369.0
124359.0
124486.0
124488.0
124153.0
123954.0
124324.0
124265.0
124580.0
124634.0
124530.0
124421.0
124068.0
124269.0
124465.0
124688.0
124615.0
124853.0
124718.0
124709.0
125076.0
124945.0
124864.0
124803.0
124558.0
124480.0
124929.0
124613.0
124525.0
124684.0
124769.0
124826.0
125056.0
124773.0
124833.0
124856.0
124996.0
125054.0
124998.0
125170.0
125231.0
124928.0
125072.0
125228.0
125224.0
125301.0
125158.0
125535.0
125535.0
125625.0
125859.0
125907.0
125626.0
125392.0
125233.0
125192.0
125240.0
125650.0
125552.0
125010.0
125178.0
124911.0
125317.0
125636.0
125818.0
125655.0
125798.0
125839.0
125467.0
125215.0
125349.0
125634.0
125340.0
125709.0
125600.0
125375.0
125342.0
124917.0
125119.0
125164.0
125546.0
125558.0
125582.0
125868.0
125707.0
125265.0
125595.0
125815.0
126098.0
126559.0
126726.0
126322.0
126423.0
126824.0
126593.0
126648.0
126569.0
126696.0
126295.0
126667.0
126850.0
126933.0
127024.0
126886.0
126975.0
126849.0
126981.0
126595.0
126712.0
126814.0
127093.0
126826.0
126799.0
127127.0
127141.0
127010.0
127424.0
127193.0
126722.0
126781.0
126459.0
126715.0
126998.0
126748.0
126954.0
127010.0
127066.0
127030.0
126855.0
126820.0
126593.0
126590.0
126766.0
126744.0
126991.0
127069.0
127100.0
127241.0
127241.0
126997.0
126763.0
126892.0
126897.0
126653.0
126830.0
126833.0
126879.0
127052.0
127304.0
127318.0
127617.0
127791.0
127972.0
127636.0
127445.0
127645.0
127527.0
127284.0
127649.0
127487.0
127571.0
127432.0
127595.0
127223.0
127101.0
126700.0
126869.0
126935.0
126793.0
126912.0
126922.0
126906.0
126927.0
126573.0
126489.0
126526.0
126354.0
126481.0
126349.0
126195.0
126349.0
126198.0
126166.0
126389.0
126304.0
126446.0
126178.0
126323.0
126168.0
126717.0
126720.0
126599.0
126240.0
126315.0
126052.0
126028.0
126170.0
126035.0
126217.0
126037.0
126628.0
126478.0
126139.0
125915.0
126107.0
125968.0
125680.0
125725.0
125449.0
125327.0
125100.0
125014.0
125120.0
125263.0
125651.0
125892.0
125980.0
126331.0
126180.0
126101.0
126041.0
125730.0
125798.0
126209.0
126194.0
126192.0
126283.0
125913.0
125857.0
125986.0
126097.0
125979.0
126088.0
126106.0
126392.0
126467.0
126287.0
126096.0
126138.0
125781.0
125485.0
125161.0
124851.0
124957.0
125238.0
125362.0
125197.0
124828.0
125272.0
125179.0
125063.0
124955.0
125030.0
125054.0
125010.0
125062.0
124849.0
124895.0
124739.0
125061.0
124969.0
125142.0
125390.0
124939.0
125517.0
125518.0
125442.0
125347.0
124849.0
124755.0
124946.0
124945.0
124900.0
124909.0
125080.0
125008.0
125230.0
125336.0
125715.0
125843.0
125887.0
125708.0
125624.0
125533.0
125506.0
125657.0
125360.0
125521.0
125269.0
125425.0
125393.0
125457.0
125536.0
125647.0
125739.0
126133.0
126510.0
126519.0
126383.0
126443.0
126245.0
126200.0
126384.0
125839.0
125502.0
125267.0
125115.0
125385.0
125375.0
125253.0
125518.0
125730.0
125527.0
125672.0
125511.0
125311.0
125447.0
125343.0
125545.0
125811.0
125940.0
126127.0
126316.0
126488.0
126432.0
126138.0
126115.0
126577.0
126482.0
126843.0
126884.0
127020.0
126624.0
126467.0
125922.0
125944.0
126488.0
126725.0
127021.0
126984.0
127014.0
127283.0
127713.0
127189.0
127004.0
126943.0
126969.0
126970.0
127334.0
127510.0
127452.0
127476.0
127402.0
127403.0
127888.0
127753.0
127510.0
127723.0
127694.0
127841.0
127755.0
127697.0
127719.0
127726.0
127712.0
127677.0
127842.0
127735.0
127787.0
127784.0
128145.0
128027.0
128075.0
127982.0
128015.0
128223.0
127968.0
127832.0
127672.0
127203.0
127107.0
127187.0
127049.0
127239.0
127090.0
126988.0
127253.0
127114.0
127275.0
127416.0
127210.0
127349.0
127348.0
127011.0
126869.0
126756.0
126031.0
125942.0
126107.0
126195.0
126060.0
126110.0
125631.0
125569.0
124993.0
125384.0
125510.0
125368.0
125464.0
125465.0
125989.0
125955.0
126062.0
125976.0
125955.0
125786.0
125414.0
125474.0
125409.0
125501.0
125591.0
125808.0
126059.0
126131.0
125605.0
125198.0
124909.0
124219.0
124581.0
124749.0
124319.0
124485.0
124537.0
124553.0
124365.0
124660.0
124437.0
124445.0
124393.0
124707.0
124505.0
124695.0
124707.0
124606.0
124592.0
124574.0
124345.0
124344.0
123885.0
124143.0
124296.0
124373.0
124155.0
124004.0
124353.0
124459.0
124667.0
124857.0
124954.0
125040.0
124957.0
124832.0
124753.0
124709.0
124850.0
124832.0
125074.0
124814.0
124549.0
124453.0
124460.0
124404.0
124191.0
124494.0
124746.0
124947.0
124721.0
124331.0
124101.0
124200.0
124354.0
124196.0
123590.0
123405.0
123277.0
123299.0
123179.0
123614.0
123988.0
123588.0
123559.0
123494.0
123644.0
123647.0
123939.0
124199.0
124189.0
123846.0
124065.0
124051.0
123997.0
124197.0
124373.0
124376.0
124270.0
124087.0
124133.0
124409.0
124241.0
124177.0
124134.0
123978.0
123794.0
123751.0
123893.0
123981.0
123758.0
123898.0
123645.0
123870.0
124038.0
124047.0
123928.0
123647.0
123363.0
123434.0
123409.0
123491.0
123727.0
123659.0
123671.0
123658.0
123815.0
123874.0
123839.0
123631.0
123993.0
123795.0
123645.0
123565.0
123347.0
123227.0
123723.0
123747.0
123787.0
123860.0
123886.0
123785.0
123561.0
123619.0
123799.0
123535.0
123565.0
123463.0
123195.0
123170.0
122865.0
123046.0
122964.0
122816.0
123038.0
123104.0
123318.0
123360.0
123478.0
123446.0
123089.0
122984.0
123102.0
122952.0
123105.0
123104.0
123114.0
123419.0
123221.0
123258.0
123742.0
123901.0
123799.0
123838.0
123900.0
123924.0
123950.0
124119.0
123784.0
124218.0
124490.0
124702.0
124659.0
124992.0
125116.0
125213.0
125358.0
125113.0
125256.0
124987.0
125029.0
125353.0
125331.0
125362.0
125532.0
125166.0
124952.0
124769.0
124839.0
124876.0
125041.0
125293.0
125311.0
124725.0
124504.0
124555.0
124356.0
124585.0
124491.0
124061.0
124144.0
124125.0
124188.0
124586.0
124383.0
124360.0
124602.0
124182.0
124296.0
124169.0
123959.0
124016.0
124007.0
124277.0
124283.0
124164.0
124129.0
123868.0
124137.0
124010.0
123919.0
123715.0
123812.0
123997.0
124113.0
124316.0
124066.0
124232.0
124330.0
124228.0
124016.0
123663.0
123505.0
123641.0
123319.0
123052.0
123039.0
123149.0
123344.0
123443.0
123552.0
123429.0
122983.0
122956.0
122587.0
122680.0
122724.0
122583.0
122414.0
122937.0
122812.0
123091.0
122909.0
123125.0
123089.0
123212.0
122989.0
123106.0
123130.0
123024.0
122902.0
123197.0
123378.0
123516.0
123954.0
124166.0
124244.0
124425.0
124221.0
124276.0
124371.0
124360.0
124386.0
124613.0
124947.0
124538.0
124827.0
124780.0
124242.0
124096.0
124513.0
124509.0
124305.0
124230.0
124280.0
124219.0
124072.0
123909.0
123753.0
124384.0
124368.0
124170.0
124167.0
123979.0
123644.0
123236.0
123237.0
123399.0
123288.0
123352.0
123354.0
123400.0
123725.0
123803.0
123556.0
123948.0
123745.0
123905.0
124085.0
123948.0
124148.0
124132.0
124089.0
123966.0
123605.0
123403.0
123471.0
123369.0
123627.0
123801.0
123939.0
123882.0
124131.0
124293.0
124829.0
124935.0
124870.0
124827.0
124504.0
124532.0
124804.0
124843.0
124519.0
124488.0
124695.0
124332.0
124192.0
124311.0
124317.0
124079.0
124377.0
124655.0
124877.0
124194.0
124311.0
124022.0
123907.0
123795.0
123373.0
123721.0
123828.0
123848.0
123961.0
123648.0
123431.0
123596.0
123534.0
123309.0
123274.0
123333.0
123052.0
123104.0
123381.0
123326.0
123261.0
123069.0
123365.0
123145.0
123016.0
123007.0
122815.0
122534.0
122727.0
122744.0
122625.0
122533.0
122603.0
122519.0
122531.0
122718.0
122848.0
123119.0
123481.0
123267.0
123255.0
123088.0
122926.0
122993.0
122944.0
123030.0
123153.0
122837.0
123198.0
123560.0
123555.0
123547.0
123416.0
123556.0
123514.0
123462.0
123084.0
122843.0
122989.0
122983.0
123446.0
123609.0
123348.0
123387.0
123200.0
123413.0
123268.0
123149.0
123333.0
123369.0
123300.0
123494.0
123502.0
123588.0
123362.0
123452.0
123095.0
122733.0
123053.0
122953.0
122981.0
123273.0
123495.0
123653.0
123567.0
123618.0
123790.0
123899.0
123565.0
123882.0
123983.0
124099.0
123976.0
123852.0
123826.0
123719.0
123709.0
123816.0
123475.0
123350.0
123021.0
122825.0
122945.0
122991.0
122876.0
122726.0
122763.0
122905.0
123127.0
123044.0
123100.0
123245.0
122848.0
123101.0
123134.0
123204.0
123268.0
123272.0
123015.0
123034.0
123346.0
123231.0
123100.0
123053.0
123089.0
123167.0
123283.0
122722.0
122583.0
122750.0
122915.0
122801.0
122565.0
122551.0
122481.0
122585.0
122476.0
122810.0
123120.0
123289.0
123118.0
123229.0
123391.0
123532.0
123308.0
123292.0
123577.0
123295.0
123231.0
123378.0
123495.0
123621.0
123685.0
123664.0
123582.0
123641.0
124183.0
124077.0
124098.0
124168.0
124314.0
123716.0
123486.0
123328.0
123198.0
123297.0
123376.0
123203.0
122894.0
123270.0
123095.0
123026.0
123138.0
123162.0
123460.0
123579.0
123702.0
123580.0
123640.0
123791.0
124131.0
123988.0
123583.0
123918.0
123677.0
123715.0
123903.0
123713.0
123945.0
123961.0
123727.0
123404.0
123185.0
123122.0
122740.0
122839.0
122308.0
122218.0
122423.0
121938.0
121726.0
121590.0
121933.0
122147.0
121924.0
121624.0
121746.0
121553.0
121371.0
121519.0
121467.0
121417.0
121763.0
121688.0
121223.0
121326.0
121215.0
121422.0
121489.0
121389.0
121539.0
121281.0
121015.0
120886.0
121070.0
120798.0
120732.0
120554.0
120594.0
120612.0
120745.0
120878.0
121078.0
120956.0
120894.0
120943.0
121100.0
120588.0
120576.0
120776.0
120545.0
120593.0
120888.0
120858.0
120667.0
120521.0
120223.0
120396.0
120182.0
120502.0
120421.0
121035.0
120870.0
120886.0
121038.0
120738.0
120566.0
120530.0
120195.0
120130.0
119932.0
119931.0
119772.0
119917.0
120263.0
120424.0
120435.0
120830.0
120935.0
120833.0
120763.0
120551.0
120504.0
120730.0
120937.0
121028.0
120901.0
120861.0
120460.0
120513.0
120253.0
120439.0
120812.0
121158.0
121021.0
120666.0
121085.0
120824.0
120752.0
120846.0
120681.0
120834.0
120505.0
120582.0
120957.0
120600.0
120587.0
120535.0
120581.0
120028.0
119975.0
120264.0
120118.0
120283.0
120391.0
120228.0
120163.0
120422.0
120191.0
120713.0
120615.0
120241.0
120259.0
120702.0
120723.0
120521.0
120659.0
120539.0
120751.0
120614.0
120688.0
120797.0
120832.0
120979.0
120680.0
120932.0
121544.0
121264.0
121119.0
120991.0
121147.0
121119.0
121232.0
121450.0
121581.0
121251.0
121431.0
121621.0
121748.0
121555.0
121720.0
121958.0
121502.0
121274.0
121297.0
121584.0
121530.0
121511.0
121544.0
121694.0
121669.0
121626.0
121497.0
122118.0
121967.0
122087.0
121848.0
122067.0
122391.0
122220.0
122202.0
121742.0
121645.0
121634.0
121650.0
121676.0
121673.0
121668.0
121580.0
121066.0
120874.0
120857.0
120751.0
120710.0
120986.0
120644.0
120723.0
120688.0
120935.0
120830.0
120954.0
121006.0
121196.0
121181.0
121694.0
121828.0
121642.0
121815.0
121954.0
121933.0
121499.0
121710.0
121751.0
121594.0
121309.0
121254.0
121300.0
121247.0
121195.0
121152.0
121483.0
121396.0
121607.0
121758.0
121860.0
121929.0
121751.0
121874.0
121931.0
121804.0
122017.0
122078.0
122095.0
122197.0
122041.0
122013.0
121973.0
121895.0
121932.0
122057.0
121878.0
121605.0
121790.0
121524.0
121614.0
121511.0
121684.0
121807.0
121791.0
122067.0
122142.0
122175.0
122003.0
121574.0
121624.0
121269.0
120759.0
120667.0
120704.0
121298.0
121461.0
121383.0
121711.0
121617.0
121962.0
122207.0
122268.0
122194.0
122021.0
121981.0
122525.0
122029.0
122175.0
122268.0
121917.0
121810.0
121880.0
121795.0
121859.0
121828.0
122281.0
122079.0
122256.0
122417.0
122508.0
122440.0
122273.0
122444.0
122596.0
122471.0
122498.0
122329.0
122189.0
122125.0
122640.0
122579.0
122598.0
123063.0
122958.0
122706.0
123130.0
123157.0
123047.0
123018.0
123037.0
122872.0
123085.0
123610.0
123687.0
123678.0
123543.0
123500.0
123351.0
123164.0
123399.0
123430.0
123109.0
123207.0
123160.0
122946.0
123498.0
123539.0
123498.0
123294.0
123237.0
123292.0
123004.0
123034.0
123268.0
123111.0
122958.0
122769.0
123046.0
123069.0
123045.0
123055.0
123290.0
123402.0
123415.0
123406.0
123526.0
123143.0
123587.0
123937.0
124219.0
124290.0
123955.0
124337.0
124397.0
124446.0
124215.0
124217.0
124269.0
124043.0
124227.0
124115.0
123913.0
123796.0
123792.0
123863.0
123741.0
123785.0
123540.0
123783.0
123766.0
123790.0
123717.0
123419.0
123396.0
123813.0
123658.0
123636.0
123571.0
123366.0
123052.0
123271.0
123481.0
123582.0
123909.0
124221.0
124442.0
124311.0
124423.0
124428.0
124382.0
124163.0
124181.0
124500.0
124467.0
124516.0
124601.0
124498.0
124247.0
123914.0
123657.0
123605.0
123824.0
124009.0
123793.0
124216.0
124412.0
124335.0
124461.0
124358.0
124507.0
124656.0
124488.0
124234.0
124234.0
124338.0
124613.0
124583.0
124480.0
124703.0
125141.0
125188.0
125578.0
125565.0
125715.0
125532.0
125541.0
125314.0
125179.0
125075.0
125412.0
125519.0
125352.0
125112.0
125302.0
125426.0
124870.0
124896.0
124937.0
124819.0
124896.0
124901.0
125283.0
125396.0
125225.0
125083.0
125021.0
124914.0
125056.0
125099.0
124772.0
124724.0
124590.0
124982.0
124872.0
124910.0
124989.0
124857.0
124641.0
124805.0
124796.0
124564.0
124808.0
125008.0
125034.0
125099.0
124960.0
124839.0
125005.0
125093.0
124963.0
125055.0
124713.0
124549.0
124841.0
124941.0
125204.0
125175.0
125174.0
125281.0
125121.0
124804.0
124780.0
124875.0
124756.0
124447.0
124536.0
124672.0
124929.0
124948.0
124811.0
125054.0
125026.0
124580.0
124543.0
124742.0
124464.0
124535.0
124207.0
124547.0
124318.0
124282.0
124080.0
123885.0
124245.0
124426.0
124830.0
124828.0
124898.0
124846.0
124595.0
124129.0
123908.0
123633.0
123650.0
123109.0
123057.0
122838.0
123295.0
123997.0
123730.0
123919.0
123882.0
124106.0
123914.0
123641.0
123799.0
123809.0
123927.0
123711.0
123722.0
123676.0
123734.0
123684.0
123819.0
123965.0
124194.0
124257.0
124427.0
124165.0
124413.0
124398.0
124440.0
124610.0
124618.0
124588.0
124701.0
124811.0
124479.0
124347.0
124556.0
124752.0
124735.0
124855.0
125123.0
125566.0
125690.0
125496.0
125392.0
125239.0
125475.0
125466.0
125252.0
125218.0
125559.0
125107.0
124968.0
124672.0
124565.0
125110.0
125582.0
125980.0
125941.0
125880.0
125656.0
125626.0
125601.0
125938.0
125577.0
125679.0
125751.0
125530.0
125337.0
125521.0
125096.0
125118.0
125171.0
125118.0
125086.0
125003.0
125127.0
125041.0
125292.0
125349.0
125626.0
125620.0
125797.0
125899.0
125882.0
125776.0
126054.0
125991.0
126180.0
125908.0
126463.0
126837.0
126881.0
126922.0
126967.0
127045.0
127043.0
127007.0
126992.0
126802.0
127347.0
127546.0
127824.0
128006.0
127671.0
127668.0
127715.0
127705.0
127524.0
127535.0
127300.0
127063.0
126657.0
126479.0
126435.0
126154.0
126406.0
126524.0
126649.0
126878.0
126704.0
127281.0
127455.0
126977.0
127161.0
127469.0
127048.0
126855.0
126689.0
126722.0
126741.0
126711.0
126540.0
126507.0
126309.0
126625.0
126329.0
126749.0
126777.0
126658.0
126023.0
126426.0
126494.0
126209.0
126014.0
126213.0
126251.0
126244.0
126385.0
126388.0
126217.0
126223.0
126355.0
126560.0
126623.0
126506.0
126381.0
126245.0
126358.0
126452.0
126652.0
127014.0
127755.0
128025.0
127283.0
127324.0
127178.0
127098.0
127049.0
126768.0
126804.0
126599.0
126706.0
126810.0
126674.0
126626.0
126356.0
126305.0
126548.0
126542.0
126382.0
126438.0
126248.0
126218.0
126137.0
126160.0
126429.0
125962.0
126192.0
126085.0
126273.0
126245.0
126541.0
126697.0
126677.0
126822.0
126823.0
126561.0
126747.0
126643.0
126457.0
126921.0
126803.0
126782.0
127080.0
127057.0
126897.0
127033.0
127103.0
127148.0
127188.0
127110.0
126754.0
126924.0
126791.0
127297.0
127326.0
127264.0
127009.0
127323.0
127316.0
127444.0
127162.0
127264.0
127044.0
127100.0
127157.0
127136.0
127268.0
126949.0
126598.0
126722.0
126289.0
126071.0
126133.0
126107.0
126096.0
126174.0
125698.0
125831.0
126165.0
126395.0
126555.0
126595.0
126863.0
126792.0
126822.0
126818.0
126506.0
125970.0
126416.0
126385.0
126407.0
126472.0
126441.0
126657.0
126548.0
126489.0
126868.0
126425.0
126410.0
126252.0
126331.0
126474.0
126552.0
126815.0
126451.0
126621.0
126667.0
126818.0
126906.0
126839.0
127062.0
126406.0
126753.0
126411.0
125843.0
125808.0
125682.0
126096.0
125911.0
125892.0
125999.0
125900.0
125865.0
125560.0
125449.0
125376.0
125764.0
125611.0
125755.0
126114.0
126498.0
126278.0
126217.0
125703.0
125546.0
125659.0
125600.0
125164.0
125025.0
125240.0
125213.0
125584.0
125117.0
125036.0
124948.0
125107.0
125044.0
124961.0
125073.0
125165.0
125182.0
125142.0
125207.0
125327.0
125472.0
125114.0
125030.0
125018.0
125126.0
125175.0
125146.0
125109.0
125212.0
125613.0
125602.0
125517.0
125935.0
125788.0
125661.0
126147.0
125821.0
125664.0
125738.0
125601.0
125830.0
125953.0
126207.0
126284.0
126339.0
126173.0
126541.0
126408.0
126691.0
126463.0
126259.0
126155.0
125989.0
126296.0
126236.0
126243.0
126673.0
126784.0
126965.0
127169.0
126925.0
126632.0
126533.0
126598.0
125973.0
126001.0
126754.0
126891.0
127318.0
126789.0
126411.0
126394.0
126527.0
126202.0
126192.0
126052.0
126240.0
125949.0
125846.0
125350.0
125475.0
125442.0
125308.0
125403.0
125213.0
125130.0
125257.0
125164.0
125297.0
125211.0
125326.0
125737.0
125924.0
125976.0
126104.0
126297.0
126175.0
125954.0
125660.0
125723.0
125624.0
125593.0
125787.0
125649.0
125927.0
126107.0
126338.0
126127.0
126202.0
126809.0
127028.0
126945.0
126743.0
126518.0
126395.0
126277.0
126319.0
126124.0
126206.0
126333.0
126648.0
126181.0
126175.0
126232.0
126001.0
125905.0
125554.0
125539.0
125435.0
125172.0
125329.0
125452.0
125287.0
125519.0
125632.0
125738.0
125967.0
125800.0
125680.0
125426.0
125506.0
126141.0
126257.0
126061.0
126088.0
126267.0
125738.0
125570.0
125782.0
126012.0
125994.0
125843.0
125717.0
125769.0
125802.0
126015.0
126225.0
126321.0
126275.0
126011.0
125833.0
125829.0
126022.0
126042.0
125824.0
125935.0
125591.0
125545.0
125648.0
125935.0
126011.0
126121.0
125823.0
125431.0
126084.0
126087.0
126260.0
126766.0
126778.0
126712.0
126487.0
126405.0
126393.0
126725.0
126993.0
126935.0
127350.0
127285.0
126927.0
127083.0
127041.0
127280.0
127197.0
127285.0
127499.0
127445.0
127699.0
127766.0
128239.0
128138.0
128164.0
128273.0
128271.0
127989.0
127978.0
127854.0
127789.0
127563.0
127537.0
127637.0
127696.0
127672.0
127968.0
128385.0
128090.0
127887.0
127693.0
127893.0
127908.0
127893.0
127743.0
127649.0
127726.0
127645.0
127621.0
127649.0
127429.0
127505.0
127591.0
127961.0
127771.0
127975.0
128151.0
128359.0
128560.0
128258.0
128190.0
128253.0
128113.0
128336.0
128520.0
128285.0
128228.0
128288.0
128348.0
128601.0
128302.0
128123.0
128264.0
128154.0
128043.0
128528.0
128622.0
128671.0
128684.0
128850.0
129022.0
128946.0
128991.0
128875.0
128440.0
128568.0
128496.0
128253.0
128314.0
128341.0
128101.0
128273.0
128737.0
128618.0
128541.0
128745.0
128256.0
127786.0
127780.0
127686.0
127340.0
127055.0
127072.0
127058.0
127339.0
127048.0
126762.0
127143.0
127394.0
127326.0
127327.0
127208.0
127036.0
127237.0
127709.0
127872.0
127817.0
127739.0
127728.0
127891.0
127520.0
127198.0
126885.0
126703.0
127170.0
127034.0
126858.0
127014.0
126955.0
127092.0
127118.0
126977.0
126742.0
126501.0
126530.0
126600.0
126545.0
126464.0
126365.0
126312.0
126115.0
126193.0
126249.0
126220.0
126872.0
126838.0
127318.0
127123.0
126997.0
126942.0
127228.0
127253.0
127059.0
127133.0
126870.0
126839.0
126765.0
126668.0
126625.0
126345.0
125991.0
125980.0
125834.0
126015.0
126157.0
126166.0
126191.0
125988.0
126055.0
126242.0
126435.0
126456.0
126542.0
126706.0
126666.0
126463.0
126168.0
126139.0
126059.0
126094.0
126056.0
126578.0
126789.0
126846.0
126850.0
126892.0
126750.0
126588.0
126548.0
126734.0
126845.0
126717.0
126916.0
127137.0
127175.0
126882.0
126597.0
126549.0
126476.0
126234.0
126033.0
126250.0
126515.0
126493.0
126749.0
126882.0
126820.0
126822.0
126833.0
127004.0
126616.0
126358.0
126393.0
126564.0
126538.0
126772.0
126885.0
126863.0
126751.0
126351.0
126047.0
126527.0
126186.0
126176.0
125896.0
126087.0
126070.0
126028.0
126271.0
126025.0
125913.0
125938.0
125678.0
125696.0
125655.0
125168.0
124994.0
125232.0
125258.0
125475.0
125477.0
125485.0
125466.0
125265.0
125415.0
125445.0
125672.0
125817.0
125632.0
125471.0
125228.0
124809.0
124837.0
124320.0
124377.0
124410.0
124093.0
123718.0
123634.0
123673.0
123651.0
123714.0
123864.0
124055.0
124462.0
124205.0
124230.0
124155.0
124190.0
124557.0
124420.0
124441.0
124541.0
124218.0
124551.0
124702.0
124949.0
125098.0
124948.0
124997.0
124730.0
125048.0
125109.0
125080.0
124752.0
124695.0
124706.0
125377.0
125105.0
125166.0
125151.0
125061.0
124905.0
124711.0
125130.0
125007.0
125340.0
125192.0
125318.0
125415.0
125439.0
125562.0
125610.0
125337.0
125175.0
125452.0
125526.0
125864.0
125386.0
125361.0
125360.0
125199.0
125446.0
125162.0
124798.0
124706.0
124963.0
124678.0
124428.0
124422.0
124380.0
124113.0
123939.0
123684.0
123480.0
123314.0
123009.0
123202.0
123344.0
123490.0
123315.0
123387.0
123298.0
123392.0
123629.0
123913.0
124058.0
124130.0
123968.0
123854.0
123399.0
123078.0
123161.0
123188.0
123170.0
123105.0
122578.0
122617.0
122528.0
122605.0
122604.0
122534.0
122430.0
122483.0
122350.0
122560.0
122870.0
122822.0
123065.0
123164.0
123095.0
122816.0
122962.0
123050.0
122956.0
123204.0
122812.0
122697.0
122992.0
122810.0
123041.0
123615.0
123087.0
123485.0
123269.0
123612.0
123843.0
123801.0
124073.0
124001.0
124198.0
124092.0
124110.0
124053.0
124368.0
124409.0
124295.0
124679.0
124528.0
124586.0
124285.0
124460.0
124780.0
124661.0
124759.0
124868.0
124829.0
124775.0
125047.0
125479.0
125425.0
125550.0
125751.0
125459.0
125246.0
125389.0
125579.0
125902.0
126073.0
125862.0
125981.0
126139.0
125997.0
125797.0
125775.0
126077.0
125691.0
125499.0
125639.0
125728.0
126001.0
125564.0
125305.0
125161.0
125163.0
125175.0
125555.0
125717.0
125678.0
125882.0
126152.0
126250.0
126124.0
126411.0
126402.0
126079.0
126187.0
125917.0
125960.0
126070.0
126333.0
126119.0
125928.0
126229.0
126215.0
126072.0
126421.0
126463.0
126542.0
126613.0
126337.0
126391.0
126421.0
126516.0
126066.0
126338.0
126313.0
126779.0
126786.0
126994.0
127012.0
126695.0
126714.0
126663.0
126627.0
125968.0
125782.0
125942.0
126192.0
126047.0
126303.0
126457.0
126251.0
126103.0
126619.0
126051.0
126221.0
126018.0
125996.0
125742.0
126478.0
126277.0
125827.0
126027.0
125910.0
126184.0
126386.0
126136.0
126152.0
126316.0
125979.0
125957.0
126184.0
125960.0
125589.0
125539.0
124827.0
124625.0
124494.0
124324.0
124134.0
124229.0
124196.0
124011.0
123972.0
124192.0
124261.0
124112.0
124483.0
124613.0
124491.0
124640.0
124600.0
124306.0
124341.0
124167.0
123995.0
123970.0
124000.0
124006.0
124231.0
124036.0
124128.0
123884.0
124091.0
123906.0
124063.0
124258.0
124232.0
123862.0
124102.0
123963.0
124231.0
124107.0
124402.0
124235.0
123941.0
124140.0
124350.0
124557.0
124509.0
124626.0
124812.0
124786.0
124750.0
124762.0
124874.0
124831.0
125170.0
125231.0
125215.0
125109.0
125134.0
125182.0
124888.0
125042.0
125253.0
125146.0
125351.0
125498.0
125643.0
125989.0
126059.0
125961.0
126101.0
126093.0
126241.0
126480.0
126590.0
126721.0
126435.0
125951.0
125860.0
126027.0
126242.0
126174.0
126108.0
125787.0
125486.0
125654.0
125666.0
125765.0
125962.0
125598.0
125554.0
125637.0
125816.0
125836.0
125976.0
125672.0
125706.0
125671.0
125761.0
125591.0
125218.0
125168.0
124935.0
124898.0
124839.0
124932.0
124759.0
124734.0
124639.0
124800.0
125223.0
125215.0
125062.0
124779.0
124623.0
124102.0
124104.0
124170.0
124286.0
124060.0
123788.0
123840.0
123883.0
123512.0
123697.0
123572.0
123891.0
123927.0
124006.0
123945.0
123666.0
123449.0
123274.0
122986.0
122929.0
123158.0
123072.0
123250.0
123249.0
123485.0
123279.0
123818.0
123845.0
123853.0
123925.0
124170.0
124242.0
124297.0
124192.0
123774.0
123952.0
124261.0
124509.0
124067.0
123744.0
123585.0
123089.0
123582.0
123379.0
123409.0
123559.0
123825.0
123786.0
123854.0
123997.0
123919.0
123608.0
123690.0
123656.0
123934.0
123841.0
123772.0
123801.0
123602.0
123769.0
124098.0
124182.0
124238.0
124041.0
124233.0
124074.0
123918.0
123965.0
123631.0
123572.0
123460.0
123578.0
123750.0
123668.0
123472.0
123208.0
123172.0
123266.0
123391.0
123709.0
124007.0
123932.0
124071.0
124047.0
124055.0
123791.0
123951.0
123720.0
124027.0
124218.0
124507.0
124400.0
124402.0
124424.0
124313.0
124348.0
124198.0
124114.0
124254.0
123939.0
124196.0
124095.0
123995.0
123954.0
124100.0
124780.0
124686.0
124760.0
124611.0
124382.0
124426.0
124131.0
123801.0
123849.0
123893.0
124144.0
124316.0
124240.0
124187.0
124403.0
123865.0
123442.0
123198.0
123281.0
123435.0
123362.0
123467.0
123204.0
122927.0
123264.0
123132.0
123332.0
123415.0
123177.0
123071.0
122910.0
122945.0
122968.0
123017.0
122919.0
123005.0
122841.0
122983.0
123151.0
123016.0
122932.0
122763.0
122925.0
122775.0
123015.0
122885.0
122707.0
122921.0
122986.0
123238.0
123409.0
123088.0
122993.0
122960.0
123110.0
123113.0
122855.0
122613.0
122545.0
122750.0
122678.0
122866.0
122830.0
123123.0
123477.0
123216.0
123379.0
123535.0
123256.0
123284.0
122997.0
123278.0
123207.0
123287.0
123145.0
123065.0
122882.0
122681.0
122878.0
122719.0
122689.0
122894.0
123123.0
123063.0
123426.0
123474.0
123444.0
123367.0
123269.0
123340.0
123198.0
123228.0
122899.0
122957.0
122947.0
123040.0
122942.0
123353.0
123237.0
123371.0
123653.0
123913.0
124216.0
124493.0
124548.0
124752.0
124735.0
124515.0
124788.0
124996.0
124807.0
124945.0
125024.0
124925.0
125153.0
125151.0
124975.0
124715.0
124902.0
124930.0
124785.0
124622.0
124525.0
124549.0
124401.0
124215.0
124203.0
124155.0
124211.0
124393.0
124286.0
124375.0
124482.0
124490.0
124716.0
124395.0
124374.0
124449.0
124385.0
124663.0
124534.0
124279.0
124615.0
124420.0
124388.0
124428.0
124726.0
124901.0
125246.0
125088.0
125034.0
125184.0
125086.0
125081.0
124789.0
124773.0
124796.0
124712.0
124445.0
124699.0
124687.0
124532.0
124593.0
124589.0
124831.0
124582.0
124573.0
124763.0
124905.0
124940.0
125030.0
125258.0
125247.0
125094.0
125037.0
124935.0
124680.0
124672.0
124623.0
124543.0
124523.0
124407.0
123922.0
124123.0
124203.0
124361.0
124312.0
124236.0
124518.0
124445.0
124458.0
124399.0
124586.0
124523.0
124184.0
124346.0
124212.0
124167.0
123993.0
123536.0
123410.0
123380.0
123268.0
123191.0
123079.0
123159.0
122880.0
123134.0
122887.0
122635.0
122507.0
122513.0
122466.0
122317.0
122431.0
122438.0
122372.0
122854.0
122829.0
122791.0
122917.0
122850.0
122420.0
122352.0
122048.0
122114.0
122608.0
122473.0
122654.0
122444.0
122293.0
122148.0
122105.0
121847.0
121439.0
121849.0
121786.0
121731.0
121972.0
121654.0
121243.0
121076.0
121167.0
121001.0
121199.0
121149.0
121084.0
120912.0
121120.0
120901.0
121003.0
121138.0
120667.0
120751.0
120510.0
120646.0
120398.0
120444.0
120436.0
120186.0
119938.0
120072.0
119932.0
119800.0
119898.0
119813.0
120010.0
120356.0
120425.0
120418.0
120500.0
120477.0
120479.0
120675.0
121000.0
120872.0
120956.0
120733.0
120564.0
120399.0
120457.0
120818.0
120997.0
120734.0
120894.0
120961.0
120841.0
120806.0
120944.0
120979.0
121367.0
121505.0
121521.0
121653.0
121865.0
121244.0
120870.0
120635.0
120748.0
120984.0
121014.0
120862.0
120741.0
120661.0
120531.0
120700.0
120683.0
120360.0
120204.0
120169.0
119993.0
120093.0
120373.0
120460.0
120549.0
120455.0
120259.0
120592.0
120538.0
120534.0
120270.0
120413.0
119989.0
120103.0
119726.0
119800.0
120309.0
120190.0
120205.0
120247.0
120711.0
121134.0
121231.0
121452.0
121490.0
121594.0
121407.0
121519.0
121711.0
121941.0
121868.0
121823.0
121949.0
121742.0
121890.0
121444.0
121828.0
121821.0
122008.0
121582.0
121510.0
121519.0
121200.0
120722.0
120649.0
120379.0
120669.0
120563.0
120509.0
120427.0
120729.0
120855.0
121344.0
121858.0
121960.0
121898.0
121984.0
122262.0
122347.0
122561.0
122802.0
122883.0
123095.0
122900.0
123271.0
123277.0
123134.0
122952.0
122811.0
122884.0
123023.0
123185.0
123082.0
123030.0
123039.0
123174.0
123037.0
123069.0
122954.0
123117.0
123571.0
123542.0
123447.0
123556.0
123498.0
123696.0
123843.0
124209.0
124110.0
123946.0
123974.0
124124.0
124139.0
123973.0
123942.0
123846.0
123800.0
123934.0
124062.0
124146.0
123794.0
123644.0
123974.0
123784.0
123390.0
123634.0
123448.0
123335.0
123182.0
122765.0
122804.0
122807.0
122826.0
122983.0
122822.0
123265.0
122915.0
122999.0
122986.0
123010.0
123120.0
123602.0
123671.0
123666.0
123732.0
123880.0
124022.0
123724.0
123693.0
123881.0
124126.0
124177.0
124246.0
124333.0
123999.0
123956.0
124021.0
123842.0
124098.0
123930.0
124050.0
124230.0
123907.0
124068.0
123844.0
123512.0
123778.0
123604.0
123970.0
124161.0
124037.0
124057.0
123803.0
123692.0
123817.0
123753.0
123827.0
123729.0
123819.0
123817.0
123378.0
123327.0
123010.0
123013.0
122911.0
122622.0
122700.0
122458.0
123075.0
122636.0
122456.0
122346.0
122527.0
122634.0
122436.0
122156.0
121968.0
121543.0
121550.0
121257.0
121225.0
121277.0
121340.0
121417.0
121474.0
121301.0
121306.0
121126.0
120667.0
120717.0
121063.0
120962.0
120830.0
121090.0
121132.0
121262.0
121432.0
121479.0
121614.0
121365.0
121264.0
121318.0
121532.0
121547.0
121447.0
121386.0
121394.0
121452.0
121727.0
121300.0
121360.0
121487.0
121828.0
121721.0
122260.0
122007.0
122334.0
122497.0
122287.0
122352.0
122363.0
122401.0
122717.0
122730.0
122715.0
122771.0
122971.0
123045.0
123137.0
123216.0
123431.0
123256.0
123273.0
123170.0
122984.0
122770.0
122652.0
122388.0
122443.0
122675.0
122851.0
122912.0
122731.0
122924.0
123201.0
123171.0
122888.0
123103.0
122962.0
122884.0
122873.0
122441.0
122513.0
122724.0
122568.0
122457.0
122641.0
122929.0
123162.0
122926.0
122911.0
122674.0
122552.0
122626.0
122617.0
122667.0
122595.0
122739.0
123093.0
123074.0
122942.0
122984.0
122919.0
123031.0
122755.0
122494.0
122186.0
122713.0
122901.0
122747.0
122892.0
122736.0
122725.0
122935.0
123124.0
122955.0
123226.0
123348.0
123379.0
123662.0
123984.0
124082.0
124265.0
123950.0
123676.0
123576.0
123454.0
123308.0
123335.0
123215.0
123063.0
122854.0
123036.0
122717.0
122505.0
122326.0
122253.0
121994.0
122260.0
122054.0
121802.0
121872.0
122218.0
122175.0
122150.0
122236.0
122449.0
122477.0
122433.0
122355.0
122449.0
122540.0
122815.0
122780.0
122320.0
122278.0
122094.0
121717.0
121561.0
121561.0
121530.0
121459.0
121306.0
121473.0
121140.0
121190.0
121091.0
121379.0
121575.0
121821.0
121886.0
121721.0
122062.0
121891.0
122017.0
122123.0
122031.0
121926.0
122032.0
122195.0
122075.0
121976.0
121527.0
121521.0
121526.0
121507.0
121749.0
121469.0
122042.0
121946.0
122400.0
122334.0
122236.0
122125.0
122315.0
122187.0
122408.0
122541.0
122840.0
122814.0
122793.0
122871.0
122978.0
122980.0
122676.0
122582.0
122560.0
122965.0
122862.0
123159.0
123094.0
123332.0
123288.0
123274.0
123264.0
122977.0
122968.0
123157.0
123631.0
123892.0
124076.0
124275.0
124158.0
124104.0
124049.0
124080.0
124232.0
124110.0
124180.0
123968.0
124165.0
124137.0
124235.0
124675.0
124636.0
124472.0
124428.0
124460.0
124467.0
124170.0
124061.0
123910.0
124240.0
124385.0
124531.0
124664.0
124825.0
125066.0
124933.0
125007.0
124882.0
125043.0
125026.0
124626.0
124330.0
124043.0
124110.0
123948.0
123669.0
123458.0
123206.0
123564.0
123857.0
124091.0
123849.0
123767.0
123750.0
123868.0
124030.0
124279.0
124353.0
124343.0
124398.0
124570.0
124562.0
124370.0
124342.0
124342.0
124305.0
124177.0
124294.0
124333.0
124380.0
124731.0
124501.0
124668.0
124564.0
124780.0
124303.0
124241.0
124132.0
123743.0
123485.0
123599.0
123590.0
123711.0
123498.0
123629.0
123765.0
124035.0
124086.0
124193.0
124720.0
124551.0
124556.0
124482.0
124632.0
124327.0
124628.0
124485.0
124310.0
123996.0
124432.0
124614.0
124845.0
124462.0
124403.0
124076.0
124124.0
124094.0
124034.0
124364.0
124390.0
124125.0
124388.0
124583.0
124339.0
124357.0
124461.0
124503.0
124527.0
124445.0
124708.0
124165.0
124399.0
124137.0
124209.0
124484.0
124679.0
124550.0
124598.0
124756.0
124228.0
124432.0
123942.0
123634.0
123807.0
124165.0
124087.0
124317.0
124373.0
124577.0
124815.0
124603.0
124618.0
124579.0
125053.0
125223.0
125101.0
125242.0
125422.0
125309.0
125396.0
125767.0
125699.0
125508.0
125931.0
126048.0
126089.0
125494.0
125685.0
125823.0
125674.0
125575.0
125300.0
125646.0
125747.0
126202.0
126525.0
126510.0
126283.0
126006.0
126133.0
125737.0
125557.0
125782.0
125958.0
125619.0
125887.0
125671.0
126334.0
125955.0
125655.0
125565.0
125296.0
125499.0
125575.0
125679.0
125674.0
125643.0
125702.0
125274.0
125507.0
125450.0
124791.0
124576.0
124462.0
124658.0
124355.0
124516.0
124326.0
123967.0
123837.0
123623.0
123872.0
123724.0
123551.0
123496.0
123513.0
123536.0
123409.0
123460.0
123569.0
123719.0
123891.0
123914.0
123603.0
123719.0
123716.0
123737.0
123745.0
124047.0
124768.0
124688.0
124547.0
124747.0
124904.0
124824.0
125088.0
124789.0
124913.0
124926.0
124773.0
124484.0
124227.0
123549.0
123535.0
123910.0
123674.0
123723.0
123826.0
124017.0
124211.0
124335.0
124389.0
124119.0
123907.0
124052.0
123860.0
123756.0
123898.0
123934.0
123847.0
123683.0
123481.0
123366.0
123419.0
122736.0
123038.0
122919.0
122883.0
123154.0
122935.0
122725.0
122779.0
122513.0
122238.0
122170.0
122038.0
122263.0
122679.0
122182.0
122260.0
122095.0
122006.0
121730.0
121563.0
121517.0
121590.0
121697.0
121734.0
121128.0
121048.0
121230.0
121036.0
120921.0
121002.0
121063.0
121073.0
120996.0
120788.0
120944.0
120916.0
121026.0
121373.0
121436.0
121751.0
121485.0
121794.0
121821.0
122116.0
121614.0
121419.0
121056.0
120812.0
120880.0
120548.0
120584.0
120529.0
120827.0
120948.0
120935.0
120997.0
120769.0
120602.0
120677.0
120767.0
120852.0
120861.0
120939.0
120821.0
121058.0
121199.0
121265.0
120976.0
121351.0
121403.0
121144.0
121307.0
121438.0
121168.0
121187.0
121646.0
121807.0
122218.0
122278.0
122173.0
122224.0
122585.0
122671.0
122700.0
122824.0
122416.0
122519.0
122597.0
122787.0
122721.0
122862.0
122669.0
122748.0
122440.0
122643.0
122842.0
123265.0
122892.0
123019.0
122896.0
122419.0
122379.0
122244.0
122676.0
122662.0
122727.0
122875.0
122662.0
122680.0
122802.0
122644.0
122152.0
121975.0
122141.0
122283.0
122130.0
121917.0
121986.0
122097.0
122352.0
122681.0
122454.0
122644.0
122663.0
122744.0
122588.0
122759.0
122751.0
122877.0
122651.0
122871.0
122705.0
122873.0
122826.0
122972.0
123047.0
123035.0
123062.0
123409.0
123628.0
123575.0
123706.0
123483.0
123250.0
123327.0
122987.0
123069.0
123074.0
122982.0
123084.0
123187.0
123365.0
123590.0
123844.0
123860.0
123736.0
123554.0
123416.0
123623.0
123432.0
123645.0
123414.0
123251.0
123228.0
123420.0
123640.0
123470.0
123111.0
123143.0
123315.0
123422.0
123251.0
123364.0
123211.0
123222.0
123163.0
123417.0
123438.0
123417.0
123804.0
123934.0
124060.0
123788.0
123975.0
123814.0
123888.0
124055.0
124144.0
124117.0
124161.0
124120.0
124144.0
124253.0
124356.0
124278.0
124081.0
124350.0
124459.0
124615.0
124852.0
125244.0
124956.0
124646.0
124588.0
124874.0
124949.0
125047.0
124857.0
124914.0
124916.0
124461.0
124483.0
124708.0
124620.0
124917.0
124943.0
124896.0
124849.0
124952.0
124710.0
124894.0
124923.0
124957.0
125408.0
125201.0
125056.0
124857.0
125009.0
124919.0
124919.0
124421.0
124426.0
124237.0
124390.0
124122.0
124116.0
124093.0
124108.0
123858.0
123534.0
123667.0
123529.0
123565.0
124040.0
124006.0
123684.0
123184.0
123172.0
123082.0
123184.0
123534.0
123696.0
123120.0
122956.0
122572.0
122605.0
122611.0
122563.0
122517.0
122192.0
122024.0
122417.0
122400.0
122429.0
122283.0
122464.0
122546.0
122257.0
122255.0
121983.0
122145.0
122234.0
122429.0
122067.0
122278.0
121940.0
121921.0
121688.0
121465.0
121720.0
121641.0
121757.0
122071.0
122116.0
121832.0
121709.0
121380.0
121521.0
121260.0
121034.0
120737.0
120665.0
120363.0
120111.0
120054.0
120037.0
119942.0
119792.0
119608.0
119957.0
120124.0
120684.0
121233.0
121244.0
121184.0
121398.0
121380.0
121672.0
121899.0
121790.0
121743.0
121814.0
121728.0
121624.0
121810.0
121809.0
122408.0
122186.0
121927.0
121744.0
121626.0
121984.0
122240.0
122171.0
122031.0
122542.0
122558.0
122343.0
122737.0
122791.0
122823.0
123300.0
123532.0
123540.0
123281.0
122902.0
123112.0
122745.0
122957.0
123187.0
123563.0
123409.0
123621.0
123718.0
123752.0
123670.0
123198.0
123088.0
122919.0
122617.0
122887.0
123315.0
123478.0
123430.0
123442.0
123414.0
123808.0
124066.0
124131.0
124196.0
124151.0
124060.0
124074.0
124343.0
124457.0
124411.0
124239.0
124266.0
124333.0
124409.0
125129.0
125017.0
124786.0
125088.0
125156.0
125201.0
125337.0
125579.0
125583.0
125692.0
125753.0
125918.0
125970.0
125502.0
125415.0
125236.0
125015.0
125196.0
125277.0
125309.0
125742.0
125973.0
125806.0
125699.0
125239.0
125567.0
125199.0
125352.0
125234.0
125304.0
125674.0
125329.0
125706.0
125520.0
125502.0
125373.0
125737.0
125538.0
125624.0
125668.0
125547.0
125584.0
125615.0
125437.0
125416.0
125397.0
125407.0
125349.0
125031.0
124642.0
125181.0
125103.0
125127.0
125226.0
125204.0
125095.0
125073.0
124967.0
124956.0
125017.0
125041.0
125004.0
124647.0
124389.0
124039.0
124141.0
124247.0
124085.0
123999.0
123943.0
123914.0
123828.0
123793.0
123674.0
123720.0
123914.0
123861.0
123836.0
124262.0
124487.0
124704.0
124648.0
124612.0
124917.0
124712.0
124429.0
124751.0
124510.0
124402.0
124605.0
124803.0
124758.0
124874.0
125037.0
125107.0
125261.0
125666.0
125613.0
125607.0
125643.0
125644.0
125875.0
125580.0
125471.0
125534.0
125624.0
125648.0
125976.0
126110.0
126175.0
125772.0
126130.0
125904.0
125859.0
125758.0
125679.0
125579.0
125700.0
125550.0
125807.0
125967.0
126043.0
126023.0
125840.0
125714.0
125764.0
125946.0
125796.0
125927.0
126127.0
126173.0
126197.0
125781.0
125720.0
125572.0
125515.0
125450.0
125560.0
125646.0
125675.0
125596.0
125596.0
125602.0
125773.0
125606.0
125690.0
125749.0
125953.0
126218.0
126205.0
126469.0
126486.0
126646.0
126730.0
126654.0
126767.0
126626.0
126619.0
126336.0
126114.0
126531.0
126424.0
126213.0
126139.0
126192.0
126492.0
126615.0
126711.0
126544.0
126437.0
126351.0
126492.0
126555.0
126502.0
126307.0
126462.0
126321.0
126240.0
126041.0
125918.0
125775.0
125977.0
125952.0
125534.0
125411.0
125177.0
125131.0
125539.0
125770.0
125680.0
125384.0
125213.0
125408.0
125519.0
125424.0
125134.0
125092.0
125254.0
124969.0
124951.0
125103.0
125652.0
125443.0
125476.0
125553.0
125460.0
125325.0
125557.0
125432.0
125289.0
124930.0
125139.0
125026.0
124723.0
124814.0
124788.0
125232.0
125131.0
125252.0
125456.0
125443.0
125497.0
125329.0
125271.0
125552.0
125598.0
125672.0
125514.0
125206.0
125473.0
125879.0
126013.0
126318.0
126354.0
126560.0
126629.0
126640.0
126565.0
126711.0
126648.0
126802.0
126822.0
126501.0
126506.0
126555.0
126422.0
126378.0
126375.0
126362.0
126368.0
126416.0
126287.0
126085.0
126055.0
126408.0
126049.0
126233.0
126412.0
126544.0
126586.0
126484.0
126779.0
126746.0
126637.0
126504.0
126603.0
126494.0
126205.0
126013.0
126129.0
126277.0
126017.0
126203.0
126425.0
126811.0
126867.0
126678.0
126658.0
126792.0
127031.0
127243.0
127408.0
127704.0
127627.0
127842.0
127863.0
127585.0
127508.0
127716.0
127693.0
127112.0
126909.0
127163.0
127041.0
127481.0
127265.0
127258.0
127548.0
127529.0
127734.0
127477.0
127161.0
127175.0
127277.0
127493.0
127452.0
126969.0
127045.0
127073.0
126906.0
126804.0
126471.0
126682.0
126764.0
126659.0
126618.0
126621.0
126050.0
126134.0
126201.0
126145.0
126160.0
126225.0
125888.0
125703.0
125628.0
125659.0
125571.0
124979.0
124954.0
125298.0
124784.0
124454.0
123940.0
124016.0
123905.0
123852.0
123823.0
123919.0
123643.0
123655.0
123571.0
123725.0
123755.0
123671.0
123614.0
123782.0
123612.0
123695.0
123744.0
123884.0
123822.0
123438.0
123085.0
123130.0
123109.0
123127.0
123126.0
123098.0
123199.0
122957.0
123039.0
123087.0
123304.0
123129.0
123402.0
123721.0
123697.0
123707.0
123721.0
123706.0
123321.0
123353.0
123355.0
123737.0
123885.0
123924.0
123684.0
123730.0
123847.0
123601.0
123612.0
123469.0
124080.0
124094.0
124035.0
124213.0
124334.0
124426.0
124023.0
124323.0
124401.0
124563.0
124803.0
124631.0
124545.0
124576.0
124519.0
124494.0
124550.0
124480.0
124372.0
124177.0
124024.0
124409.0
124478.0
124193.0
124341.0
124179.0
124250.0
124042.0
124096.0
124063.0
124486.0
124181.0
124252.0
124301.0
124580.0
124436.0
124960.0
124926.0
124822.0
124853.0
124797.0
124770.0
125020.0
124703.0
124845.0
124737.0
124403.0
124320.0
124619.0
124470.0
124353.0
124476.0
124298.0
124590.0
124831.0
125016.0
125155.0
125130.0
125423.0
125537.0
125433.0
125067.0
124876.0
125092.0
125396.0
125523.0
125204.0
125110.0
125058.0
125202.0
125588.0
125339.0
125171.0
125257.0
124903.0
125023.0
124631.0
124535.0
124367.0
124563.0
124815.0
124545.0
124092.0
124120.0
123884.0
123717.0
123377.0
123695.0
123858.0
123588.0
123635.0
123729.0
123849.0
123517.0
123524.0
123377.0
123187.0
123236.0
123314.0
123370.0
123142.0
122902.0
123083.0
122803.0
122776.0
122571.0
122478.0
122712.0
122755.0
122644.0
122668.0
122464.0
122723.0
122702.0
122780.0
123188.0
123345.0
123544.0
123534.0
123725.0
123478.0
123201.0
123678.0
123517.0
123584.0
123697.0
123211.0
123080.0
123038.0
123239.0
123413.0
123101.0
123078.0
122914.0
123147.0
123307.0
122910.0
123077.0
123275.0
123398.0
123508.0
122982.0
122975.0
122691.0
122744.0
122973.0
122740.0
123169.0
123000.0
123147.0
123092.0
123134.0
122733.0
122814.0
122858.0
122918.0
122888.0
122987.0
123112.0
123244.0
123270.0
123032.0
123129.0
122925.0
122937.0
122921.0
122976.0
122932.0
123698.0
123839.0
123799.0
123838.0
124021.0
124154.0
124140.0
124428.0
124205.0
124057.0
124214.0
124033.0
123928.0
123929.0
123958.0
123879.0
123979.0
123918.0
123853.0
123917.0
124398.0
124358.0
124341.0
124457.0
124562.0
124399.0
124247.0
124029.0
123996.0
123804.0
123265.0
123188.0
123214.0
123343.0
123443.0
123397.0
123185.0
123286.0
123161.0
123297.0
123226.0
123273.0
123390.0
123617.0
123849.0
123852.0
123576.0
123860.0
123705.0
123318.0
123209.0
123305.0
123171.0
123544.0
123433.0
123640.0
123951.0
124496.0
124457.0
124425.0
123970.0
123696.0
123970.0
124333.0
124249.0
124240.0
124181.0
123932.0
124292.0
124360.0
124441.0
124704.0
