time	pCa	hs_length	force	passive_force	a_fil_length	m_fil_length	a_pop_0	a_pop_1	m_pop_0	m_pop_1	c_pop_0	c_pop_1
0.001	9.000	1100	-267073	-267073	1015.76	808.423	1	0	1	0	1	0
0.002	9.000	1100	-267073	-267073	1015.76	808.423	1	0	1	0	1	0
0.003	9.000	1100	-267073	-267073	1015.76	808.423	0.99963	0.00037037	1	0	1	0
0.004	9.000	1100	-267073	-267073	1015.76	808.423	1	0	1	0	1	0
0.005	9.000	1100	-267073	-267073	1015.76	808.423	1	0	1	0	1	0
0.006	9.000	1100	-267073	-267073	1015.76	808.423	1	0	1	0	1	0
0.007	9.000	1100	-267073	-267073	1015.76	808.423	1	0	1	0	1	0
0.008	9.000	1100	-267073	-267073	1015.76	808.423	1	0	1	0	1	0
0.009	9.000	1100	-267073	-267073	1015.76	808.423	1	0	1	0	1	0
0.01	9.000	1100	-267073	-267073	1015.76	808.423	1	0	1	0	1	0
0.011	9.000	1100	-267073	-267073	1015.76	808.423	1	0	1	0	1	0
0.012	9.000	1100	-267073	-267073	1015.76	808.423	1	0	1	0	1	0
0.013	9.000	1100	-267073	-267073	1015.76	808.423	1	0	1	0	1	0
0.014	9.000	1100	-267073	-267073	1015.76	808.423	0.99963	0.00037037	1	0	1	0
0.015	9.000	1100	-267073	-267073	1015.76	808.423	1	0	1	0	1	0
0.016	9.000	1100	-267073	-267073	1015.76	808.423	1	0	1	0	1	0
0.017	9.000	1100	-267073	-267073	1015.76	808.423	1	0	1	0	1	0
0.018	9.000	1100	-267073	-267073	1015.76	808.423	0.99963	0.00037037	1	0	1	0
0.019	9.000	1100	-267073	-267073	1015.76	808.423	1	0	1	0	1	0
0.02	9.000	1100	-267073	-267073	1015.76	808.423	1	0	1	0	1	0
0.021	9.000	1100	-267073	-267073	1015.76	808.423	1	0	1	0	1	0
0.022	9.000	1100	-267073	-267073	1015.76	808.423	1	0	1	0	1	0
0.023	9.000	1100	-267073	-267073	1015.76	808.423	1	0	1	0	1	0
0.024	9.000	1100	-267073	-267073	1015.76	808.423	0.99963	0.00037037	1	0	1	0
0.025	9.000	1100	-267073	-267073	1015.76	808.423	1	0	1	0	1	0
0.026	9.000	1100	-267073	-267073	1015.76	808.423	1	0	1	0	1	0
0.027	9.000	1100	-267073	-267073	1015.76	808.423	1	0	1	0	1	0
0.028	9.000	1100	-267073	-267073	1015.76	808.423	1	0	1	0	1	0
0.029	9.000	1100	-267073	-267073	1015.76	808.423	1	0	1	0	1	0
0.03	9.000	1100	-267073	-267073	1015.76	808.423	1	0	1	0	1	0
0.031	9.000	1100	-267073	-267073	1015.76	808.423	1	0	1	0	1	0
0.032	9.000	1100	-267073	-267073	1015.76	808.423	1	0	1	0	1	0
0.033	9.000	1100	-267073	-267073	1015.76	808.423	1	0	1	0	1	0
0.034	9.000	1100	-267073	-267073	1015.76	808.423	1	0	1	0	1	0
0.035	9.000	1100	-267073	-267073	1015.76	808.423	1	0	1	0	1	0
0.036	9.000	1100	-267073	-267073	1015.76	808.423	1	0	1	0	1	0
0.037	9.000	1100	-267073	-267073	1015.76	808.423	1	0	1	0	1	0
0.038	9.000	1100	-267073	-267073	1015.76	808.423	1	0	1	0	1	0
0.039	9.000	1100	-267073	-267073	1015.76	808.423	1	0	1	0	1	0
0.04	9.000	1100	-267073	-267073	1015.76	808.423	1	0	1	0	1	0
0.041	9.000	1100	-267073	-267073	1015.76	808.423	1	0	1	0	1	0
0.042	9.000	1100	-267073	-267073	1015.76	808.423	1	0	1	0	1	0
0.043	9.000	1100	-267073	-267073	1015.76	808.423	0.99963	0.00037037	1	0	1	0
0.044	9.000	1100	-267073	-267073	1015.76	808.423	1	0	1	0	1	0
0.045	9.000	1100	-267073	-267073	1015.76	808.423	1	0	1	0	1	0
0.046	9.000	1100	-267073	-267073	1015.76	808.423	1	0	1	0	1	0
0.047	9.000	1100	-267073	-267073	1015.76	808.423	1	0	1	0	1	0
0.048	9.000	1100	-267073	-267073	1015.76	808.423	1	0	1	0	1	0
0.049	9.000	1100	-267073	-267073	1015.76	808.423	1	0	1	0	1	0
0.05	9.000	1100	-267073	-267073	1015.76	808.423	1	0	1	0	1	0
0.051	9.000	1100	-267073	-267073	1015.76	808.423	1	0	1	0	1	0
0.052	9.000	1100	-267073	-267073	1015.76	808.423	1	0	1	0	1	0
0.053	9.000	1100	-267073	-267073	1015.76	808.423	1	0	1	0	1	0
0.054	9.000	1100	-267073	-267073	1015.76	808.423	0.99963	0.00037037	1	0	1	0
0.055	9.000	1100	-267073	-267073	1015.76	808.423	1	0	1	0	1	0
0.056	9.000	1100	-267073	-267073	1015.76	808.423	1	0	1	0	1	0
0.057	9.000	1100	-267073	-267073	1015.76	808.423	0.99963	0.00037037	1	0	1	0
0.058	9.000	1100	-267073	-267073	1015.76	808.423	1	0	1	0	1	0
0.059	9.000	1100	-267073	-267073	1015.76	808.423	1	0	1	0	1	0
0.06	9.000	1100	-267073	-267073	1015.76	808.423	1	0	1	0	1	0
0.061	9.000	1100	-267073	-267073	1015.76	808.423	1	0	1	0	1	0
0.062	9.000	1100	-267073	-267073	1015.76	808.423	1	0	1	0	1	0
0.063	9.000	1100	-267073	-267073	1015.76	808.423	1	0	1	0	1	0
0.064	9.000	1100	-267073	-267073	1015.76	808.423	1	0	1	0	1	0
0.065	9.000	1100	-267073	-267073	1015.76	808.423	1	0	1	0	1	0
0.066	9.000	1100	-267073	-267073	1015.76	808.423	1	0	1	0	1	0
0.067	9.000	1100	-267073	-267073	1015.76	808.423	1	0	1	0	1	0
0.068	9.000	1100	-267073	-267073	1015.76	808.423	1	0	1	0	1	0
0.069	9.000	1100	-267073	-267073	1015.76	808.423	1	0	1	0	1	0
0.07	9.000	1100	-267073	-267073	1015.76	808.423	1	0	1	0	1	0
0.071	9.000	1100	-267073	-267073	1015.76	808.423	1	0	1	0	1	0
0.072	9.000	1100	-267073	-267073	1015.76	808.423	1	0	1	0	1	0
0.073	9.000	1100	-267073	-267073	1015.76	808.423	1	0	1	0	1	0
0.074	9.000	1100	-267073	-267073	1015.76	808.423	1	0	1	0	1	0
0.075	9.000	1100	-267073	-267073	1015.76	808.423	1	0	1	0	1	0
0.076	9.000	1100	-267073	-267073	1015.76	808.423	1	0	1	0	1	0
0.077	9.000	1100	-267073	-267073	1015.76	808.423	1	0	1	0	1	0
0.078	9.000	1100	-267073	-267073	1015.76	808.423	1	0	1	0	1	0
0.079	9.000	1100	-267073	-267073	1015.76	808.423	1	0	1	0	1	0
0.08	9.000	1100	-267073	-267073	1015.76	808.423	1	0	1	0	1	0
0.081	9.000	1100	-267073	-267073	1015.76	808.423	1	0	1	0	1	0
0.082	9.000	1100	-267073	-267073	1015.76	808.423	0.99963	0.00037037	1	0	1	0
0.083	9.000	1100	-267073	-267073	1015.76	808.423	1	0	1	0	1	0
0.084	9.000	1100	-267073	-267073	1015.76	808.423	1	0	1	0	1	0
0.085	9.000	1100	-267073	-267073	1015.76	808.423	1	0	1	0	1	0
0.086	9.000	1100	-267073	-267073	1015.76	808.423	0.99963	0.00037037	1	0	1	0
0.087	9.000	1100	-267073	-267073	1015.76	808.423	0.99963	0.00037037	1	0	1	0
0.088	9.000	1100	-267073	-267073	1015.76	808.423	1	0	1	0	1	0
0.089	9.000	1100	-267073	-267073	1015.76	808.423	1	0	1	0	1	0
0.09	9.000	1100	-267073	-267073	1015.76	808.423	1	0	1	0	1	0
0.091	9.000	1100	-267073	-267073	1015.76	808.423	1	0	1	0	1	0
0.092	9.000	1100	-267073	-267073	1015.76	808.423	1	0	1	0	1	0
0.093	9.000	1100	-267073	-267073	1015.76	808.423	1	0	1	0	1	0
0.094	9.000	1100	-267073	-267073	1015.76	808.423	1	0	1	0	1	0
0.095	9.000	1100	-267073	-267073	1015.76	808.423	1	0	1	0	1	0
0.096	9.000	1100	-267073	-267073	1015.76	808.423	1	0	1	0	1	0
0.097	9.000	1100	-267073	-267073	1015.76	808.423	1	0	1	0	1	0
0.098	9.000	1100	-267073	-267073	1015.76	808.423	1	0	1	0	1	0
0.099	9.000	1100	-267073	-267073	1015.76	808.423	1	0	1	0	1	0
0.1	9.000	1101	-265397	-265397	1015.76	808.427	1	0	1	0	1	0
0.101	9.000	1102	-263721	-263721	1015.76	808.43	1	0	1	0	1	0
0.102	9.000	1103	-262046	-262046	1015.76	808.434	1	0	1	0	1	0
0.103	9.000	1104	-260370	-260370	1015.77	808.438	1	0	1	0	1	0
0.104	9.000	1105	-258694	-258694	1015.77	808.441	1	0	1	0	1	0
0.105	9.000	1106	-257018	-257018	1015.77	808.445	1	0	1	0	1	0
0.106	9.000	1107	-255343	-255343	1015.77	808.448	1	0	1	0	1	0
0.107	9.000	1108	-253667	-253667	1015.77	808.452	1	0	1	0	1	0
0.108	9.000	1109	-251991	-251991	1015.77	808.456	1	0	1	0	1	0
0.109	9.000	1110	-250315	-250315	1015.77	808.459	1	0	1	0	1	0
0.11	9.000	1111	-248640	-248640	1015.77	808.463	1	0	1	0	1	0
0.111	9.000	1112	-246964	-246964	1015.77	808.467	1	0	1	0	1	0
0.112	9.000	1113	-245288	-245288	1015.77	808.47	1	0	1	0	1	0
0.113	9.000	1114	-243612	-243612	1015.77	808.474	1	0	1	0	1	0
0.114	9.000	1115	-241937	-241937	1015.77	808.477	1	0	1	0	1	0
0.115	9.000	1116	-240261	-240261	1015.77	808.481	1	0	1	0	1	0
0.116	9.000	1117	-238585	-238585	1015.77	808.485	1	0	1	0	1	0
0.117	9.000	1118	-236909	-236909	1015.78	808.488	1	0	1	0	1	0
0.118	9.000	1119	-235234	-235234	1015.78	808.492	1	0	1	0	1	0
0.119	9.000	1120	-233558	-233558	1015.78	808.496	1	0	1	0	1	0
0.12	9.000	1121	-231882	-231882	1015.78	808.499	0.99963	0.00037037	1	0	1	0
0.121	9.000	1122	-230206	-230206	1015.78	808.503	0.99963	0.00037037	1	0	1	0
0.122	9.000	1123	-228531	-228531	1015.78	808.506	1	0	1	0	1	0
0.123	9.000	1124	-226855	-226855	1015.78	808.51	0.99963	0.00037037	1	0	1	0
0.124	9.000	1125	-225179	-225179	1015.78	808.514	0.99963	0.00037037	1	0	1	0
0.125	9.000	1126	-223503	-223503	1015.78	808.517	1	0	1	0	1	0
0.126	9.000	1127	-221828	-221828	1015.78	808.521	1	0	1	0	1	0
0.127	9.000	1128	-220152	-220152	1015.78	808.524	1	0	1	0	1	0
0.128	9.000	1129	-218476	-218476	1015.78	808.528	1	0	1	0	1	0
0.129	9.000	1130	-216800	-216800	1015.78	808.532	1	0	1	0	1	0
0.13	9.000	1131	-215125	-215125	1015.78	808.535	1	0	1	0	1	0
0.131	9.000	1132	-213449	-213449	1015.79	808.539	1	0	1	0	1	0
0.132	9.000	1133	-211773	-211773	1015.79	808.543	1	0	1	0	1	0
0.133	9.000	1134	-210097	-210097	1015.79	808.546	1	0	1	0	1	0
0.134	9.000	1135	-208422	-208422	1015.79	808.55	1	0	1	0	1	0
0.135	9.000	1136	-206746	-206746	1015.79	808.553	1	0	1	0	1	0
0.136	9.000	1137	-205070	-205070	1015.79	808.557	0.999259	0.000740741	1	0	1	0
0.137	9.000	1138	-203394	-203394	1015.79	808.561	1	0	1	0	1	0
0.138	9.000	1139	-201719	-201719	1015.79	808.564	1	0	1	0	1	0
0.139	9.000	1140	-200043	-200043	1015.79	808.568	1	0	1	0	1	0
0.14	9.000	1141	-198367	-198367	1015.79	808.572	1	0	1	0	1	0
0.141	9.000	1142	-196691	-196691	1015.79	808.575	1	0	1	0	1	0
0.142	9.000	1143	-195016	-195016	1015.79	808.579	1	0	1	0	1	0
0.143	9.000	1144	-193340	-193340	1015.79	808.582	1	0	1	0	1	0
0.144	9.000	1145	-191664	-191664	1015.79	808.586	1	0	1	0	1	0
0.145	9.000	1146	-189988	-189988	1015.8	808.59	1	0	1	0	1	0
0.146	9.000	1147	-188313	-188313	1015.8	808.593	1	0	1	0	1	0
0.147	9.000	1148	-186637	-186637	1015.8	808.597	1	0	1	0	1	0
0.148	9.000	1149	-184961	-184961	1015.8	808.6	1	0	1	0	1	0
0.149	9.000	1150	-183285	-183285	1015.8	808.604	1	0	1	0	1	0
0.15	9.000	1151	-181610	-181610	1015.8	808.608	1	0	1	0	1	0
0.151	9.000	1152	-179934	-179934	1015.8	808.611	1	0	1	0	1	0
0.152	9.000	1153	-178258	-178258	1015.8	808.615	1	0	1	0	1	0
0.153	9.000	1154	-176582	-176582	1015.8	808.619	1	0	1	0	1	0
0.154	9.000	1155	-174907	-174907	1015.8	808.622	1	0	1	0	1	0
0.155	9.000	1156	-173231	-173231	1015.8	808.626	1	0	1	0	1	0
0.156	9.000	1157	-171555	-171555	1015.8	808.629	1	0	1	0	1	0
0.157	9.000	1158	-169879	-169879	1015.8	808.633	1	0	1	0	1	0
0.158	9.000	1159	-168204	-168204	1015.8	808.637	1	0	1	0	1	0
0.159	9.000	1160	-166528	-166528	1015.81	808.64	1	0	1	0	1	0
0.16	9.000	1161	-164852	-164852	1015.81	808.644	1	0	1	0	1	0
0.161	9.000	1162	-163176	-163176	1015.81	808.648	1	0	1	0	1	0
0.162	9.000	1163	-161501	-161501	1015.81	808.651	1	0	1	0	1	0
0.163	9.000	1164	-159825	-159825	1015.81	808.655	1	0	1	0	1	0
0.164	9.000	1165	-158149	-158149	1015.81	808.658	1	0	1	0	1	0
0.165	9.000	1166	-156473	-156473	1015.81	808.662	1	0	1	0	1	0
0.166	9.000	1167	-154798	-154798	1015.81	808.666	1	0	1	0	1	0
0.167	9.000	1168	-153122	-153122	1015.81	808.669	1	0	1	0	1	0
0.168	9.000	1169	-151446	-151446	1015.81	808.673	1	0	1	0	1	0
0.169	9.000	1170	-149770	-149770	1015.81	808.676	1	0	1	0	1	0
0.17	9.000	1171	-148095	-148095	1015.81	808.68	1	0	1	0	1	0
0.171	9.000	1172	-146419	-146419	1015.81	808.684	1	0	1	0	1	0
0.172	9.000	1173	-144743	-144743	1015.81	808.687	1	0	1	0	1	0
0.173	9.000	1174	-143067	-143067	1015.81	808.691	1	0	1	0	1	0
0.174	9.000	1175	-141392	-141392	1015.82	808.695	1	0	1	0	1	0
0.175	9.000	1175	-141392	-141392	1015.82	808.695	1	0	1	0	1	0
0.176	9.000	1175	-141392	-141392	1015.82	808.695	1	0	1	0	1	0
0.177	9.000	1175	-141392	-141392	1015.82	808.695	1	0	1	0	1	0
0.178	9.000	1175	-141392	-141392	1015.82	808.695	1	0	1	0	1	0
0.179	9.000	1175	-141392	-141392	1015.82	808.695	1	0	1	0	1	0
0.18	9.000	1175	-141392	-141392	1015.82	808.695	1	0	1	0	1	0
0.181	9.000	1175	-141392	-141392	1015.82	808.695	1	0	1	0	1	0
0.182	9.000	1175	-141392	-141392	1015.82	808.695	1	0	1	0	1	0
0.183	9.000	1175	-141392	-141392	1015.82	808.695	1	0	1	0	1	0
0.184	9.000	1175	-141392	-141392	1015.82	808.695	1	0	1	0	1	0
0.185	9.000	1175	-141392	-141392	1015.82	808.695	1	0	1	0	1	0
0.186	9.000	1175	-141392	-141392	1015.82	808.695	1	0	1	0	1	0
0.187	9.000	1175	-141392	-141392	1015.82	808.695	1	0	1	0	1	0
0.188	9.000	1175	-141392	-141392	1015.82	808.695	1	0	1	0	1	0
0.189	9.000	1175	-141392	-141392	1015.82	808.695	1	0	1	0	1	0
0.19	9.000	1175	-141392	-141392	1015.82	808.695	1	0	1	0	1	0
0.191	9.000	1175	-141392	-141392	1015.82	808.695	1	0	1	0	1	0
0.192	9.000	1175	-141392	-141392	1015.82	808.695	1	0	1	0	1	0
0.193	9.000	1175	-141392	-141392	1015.82	808.695	1	0	1	0	1	0
0.194	9.000	1175	-141392	-141392	1015.82	808.695	1	0	1	0	1	0
0.195	9.000	1175	-141392	-141392	1015.82	808.695	1	0	1	0	1	0
0.196	9.000	1175	-141392	-141392	1015.82	808.695	0.99963	0.00037037	1	0	1	0
0.197	9.000	1175	-141392	-141392	1015.82	808.695	1	0	1	0	1	0
0.198	9.000	1175	-141392	-141392	1015.82	808.695	1	0	1	0	1	0
0.199	9.000	1175	-141392	-141392	1015.82	808.695	1	0	1	0	1	0
0.2	9.000	1175	-141392	-141392	1015.82	808.695	1	0	1	0	1	0
