dt     pCa dhsl mode
0.001 6.9598 0.0 -2.0
0.001 6.9598 0.0 -2.0
0.001 6.9602 0.0 -2.0
0.001 6.9606 0.0 -2.0
0.001 6.9610 0.0 -2.0
0.001 6.9610 0.0 -2.0
0.001 6.9614 0.0 -2.0
0.001 6.9618 0.0 -2.0
0.001 6.9618 0.0 -2.0
0.001 6.9622 0.0 -2.0
0.001 6.9626 0.0 -2.0
0.001 6.9626 0.0 -2.0
0.001 6.9630 0.0 -2.0
0.001 6.9634 0.0 -2.0
0.001 6.9634 0.0 -2.0
0.001 6.9638 0.0 -2.0
0.001 6.9642 0.0 -2.0
0.001 6.9642 0.0 -2.0
0.001 6.9646 0.0 -2.0
0.001 6.9650 0.0 -2.0
0.001 6.9650 0.0 -2.0
0.001 6.9654 0.0 -2.0
0.001 6.9654 0.0 -2.0
0.001 6.9658 0.0 -2.0
0.001 6.9658 0.0 -2.0
0.001 6.9662 0.0 -2.0
0.001 6.9666 0.0 -2.0
0.001 6.9666 0.0 -2.0
0.001 6.9670 0.0 -2.0
0.001 6.9670 0.0 -2.0
0.001 6.9674 0.0 -2.0
0.001 6.9674 0.0 -2.0
0.001 6.9678 0.0 -2.0
0.001 6.9678 0.0 -2.0
0.001 6.9682 0.0 -2.0
0.001 6.9682 0.0 -2.0
0.001 6.9686 0.0 -2.0
0.001 6.9686 0.0 -2.0
0.001 6.9690 0.0 -2.0
0.001 6.9690 0.0 -2.0
0.001 6.9694 0.0 -2.0
0.001 6.9694 0.0 -2.0
0.001 6.9698 0.0 -2.0
0.001 6.9698 0.0 -2.0
0.001 6.9702 0.0 -2.0
0.001 6.9702 0.0 -2.0
0.001 6.9702 0.0 -2.0
0.001 6.9706 0.0 -2.0
0.001 6.9706 0.0 -2.0
0.001 6.9598 0.0 -2.0
0.001 6.9598 0.0 -2.0
0.001 6.9602 0.0 -2.0
0.001 6.9606 0.0 -2.0
0.001 6.9610 0.0 -2.0
0.001 6.9610 0.0 -2.0
0.001 6.9614 0.0 -2.0
0.001 6.9618 0.0 -2.0
0.001 6.9618 0.0 -2.0
0.001 6.9622 0.0 -2.0
0.001 6.9626 0.0 -2.0
0.001 6.9626 0.0 -2.0
0.001 6.9630 0.0 -2.0
0.001 6.9634 0.0 -2.0
0.001 6.9634 0.0 -2.0
0.001 6.9638 0.0 -2.0
0.001 6.9642 0.0 -2.0
0.001 6.9642 0.0 -2.0
0.001 6.9646 0.0 -2.0
0.001 6.9650 0.0 -2.0
0.001 6.9650 0.0 -2.0
0.001 6.9654 0.0 -2.0
0.001 6.9654 0.0 -2.0
0.001 6.9658 0.0 -2.0
0.001 6.9658 0.0 -2.0
0.001 6.9662 0.0 -2.0
0.001 6.9666 0.0 -2.0
0.001 6.9666 0.0 -2.0
0.001 6.9670 0.0 -2.0
0.001 6.9670 0.0 -2.0
0.001 6.9674 0.0 -2.0
0.001 6.9674 0.0 -2.0
0.001 6.9678 0.0 -2.0
0.001 6.9678 0.0 -2.0
0.001 6.9682 0.0 -2.0
0.001 6.9682 0.0 -2.0
0.001 6.9686 0.0 -2.0
0.001 6.9686 0.0 -2.0
0.001 6.9690 0.0 -2.0
0.001 6.9690 0.0 -2.0
0.001 6.9694 0.0 -2.0
0.001 6.9694 0.0 -2.0
0.001 6.9698 0.0 -2.0
0.001 6.9698 0.0 -2.0
0.001 6.9702 0.0 -2.0
0.001 6.9702 0.0 -2.0
0.001 6.9702 0.0 -2.0
0.001 6.9706 0.0 -2.0
0.001 6.9706 0.0 -2.0
0.001 6.9710 0.0 -2.0
0.001 6.9710 0.0 -2.0
0.001 6.9714 0.0 -2.0
0.001 6.9714 0.0 -2.0
0.001 6.9714 0.0 -2.0
0.001 6.9718 0.0 -2.0
0.001 6.9718 0.0 -2.0
0.001 6.9722 0.0 -2.0
0.001 6.9722 0.0 -2.0
0.001 6.9722 0.0 -2.0
0.001 6.9727 0.0 -2.0
0.001 6.9727 0.0 -2.0
0.001 6.9731 0.0 -2.0
0.001 6.9731 0.0 -2.0
0.001 6.9731 0.0 -2.0
0.001 6.9735 0.0 -2.0
0.001 6.9735 0.0 -2.0
0.001 6.9735 0.0 -2.0
0.001 6.9739 0.0 -2.0
0.001 6.9739 0.0 -2.0
0.001 6.9739 0.0 -2.0
0.001 6.9743 0.0 -2.0
0.001 6.9743 0.0 -2.0
0.001 6.9743 0.0 -2.0
0.001 6.9747 0.0 -2.0
0.001 6.9747 0.0 -2.0
0.001 6.9747 0.0 -2.0
0.001 6.9751 0.0 -2.0
0.001 6.9751 0.0 -2.0
0.001 6.9751 0.0 -2.0
0.001 6.9755 0.0 -2.0
0.001 6.9755 0.0 -2.0
0.001 6.9755 0.0 -2.0
0.001 6.9759 0.0 -2.0
0.001 6.9759 0.0 -2.0
0.001 6.9759 0.0 -2.0
0.001 6.9759 0.0 -2.0
0.001 6.9763 0.0 -2.0
0.001 6.9763 0.0 -2.0
0.001 6.9763 0.0 -2.0
0.001 6.9767 0.0 -2.0
0.001 6.9767 0.0 -2.0
0.001 6.9767 0.0 -2.0
0.001 6.9767 0.0 -2.0
0.001 6.9772 0.0 -2.0
0.001 6.9772 0.0 -2.0
0.001 6.9772 0.0 -2.0
0.001 6.9772 0.0 -2.0
0.001 6.9776 0.0 -2.0
0.001 6.9776 0.0 -2.0
0.001 6.9776 0.0 -2.0
0.001 6.9776 0.0 -2.0
0.001 6.9776 0.0 -2.0
0.001 6.9776 0.0 -2.0
0.001 6.9772 0.0 -2.0
0.001 6.9763 0.0 -2.0
0.001 6.9739 0.0 -2.0
0.001 6.9662 0.0 -2.0
0.001 6.9545 0.0 -2.0
0.001 6.9393 0.0 -2.0
0.001 6.9223 0.0 -2.0
0.001 6.9052 0.0 -2.0
0.001 6.8889 0.0 -2.0
0.001 6.8729 0.0 -2.0
0.001 6.8581 0.0 -2.0
0.001 6.8438 0.0 -2.0
0.001 6.8299 0.0 -2.0
0.001 6.8164 0.0 -2.0
0.001 6.8035 0.0 -2.0
0.001 6.7910 0.0 -2.0
0.001 6.7787 0.0 -2.0
0.001 6.7667 0.0 -2.0
0.001 6.7550 0.0 -2.0
0.001 6.7435 0.0 -2.0
0.001 6.7320 0.0 -2.0
0.001 6.7208 0.0 -2.0
0.001 6.7099 0.0 -2.0
0.001 6.6988 0.0 -2.0
0.001 6.6879 0.0 -2.0
0.001 6.6772 0.0 -2.0
0.001 6.6664 0.0 -2.0
0.001 6.6558 0.0 -2.0
0.001 6.6450 0.0 -2.0
0.001 6.6345 0.0 -2.0
0.001 6.6239 0.0 -2.0
0.001 6.6133 0.0 -2.0
0.001 6.6027 0.0 -2.0
0.001 6.5919 0.0 -2.0
0.001 6.5813 0.0 -2.0
0.001 6.5706 0.0 -2.0
0.001 6.5600 0.0 -2.0
0.001 6.5491 0.0 -2.0
0.001 6.5383 0.0 -2.0
0.001 6.5272 0.0 -2.0
0.001 6.5163 0.0 -2.0
0.001 6.5051 0.0 -2.0
0.001 6.4940 0.0 -2.0
0.001 6.4827 0.0 -2.0
0.001 6.4713 0.0 -2.0
0.001 6.4598 0.0 -2.0
0.001 6.4481 0.0 -2.0
0.001 6.4364 0.0 -2.0
0.001 6.4246 0.0 -2.0
0.001 6.4127 0.0 -2.0
0.001 6.4008 0.0 -2.0
0.001 6.3887 0.0 -2.0
0.001 6.3766 0.0 -2.0
0.001 6.3645 0.0 -2.0
0.001 6.3524 0.0 -2.0
0.001 6.3404 0.0 -2.0
0.001 6.3283 0.0 -2.0
0.001 6.3163 0.0 -2.0
0.001 6.3044 0.0 -2.0
0.001 6.2928 0.0 -2.0
0.001 6.2812 0.0 -2.0
0.001 6.2699 0.0 -2.0
0.001 6.2588 0.0 -2.0
0.001 6.2479 0.0 -2.0
0.001 6.2373 0.0 -2.0
0.001 6.2271 0.0 -2.0
0.001 6.2171 0.0 -2.0
0.001 6.2075 0.0 -2.0
0.001 6.1983 0.0 -2.0
0.001 6.1893 0.0 -2.0
0.001 6.1807 0.0 -2.0
0.001 6.1724 0.0 -2.0
0.001 6.1644 0.0 -2.0
0.001 6.1568 0.0 -2.0
0.001 6.1494 0.0 -2.0
0.001 6.1424 0.0 -2.0
0.001 6.1356 0.0 -2.0
0.001 6.1291 0.0 -2.0
0.001 6.1229 0.0 -2.0
0.001 6.1169 0.0 -2.0
0.001 6.1112 0.0 -2.0
0.001 6.1057 0.0 -2.0
0.001 6.1004 0.0 -2.0
0.001 6.0953 0.0 -2.0
0.001 6.0904 0.0 -2.0
0.001 6.0858 0.0 -2.0
0.001 6.0813 0.0 -2.0
0.001 6.0770 0.0 -2.0
0.001 6.0729 0.0 -2.0
0.001 6.0689 0.0 -2.0
0.001 6.0651 0.0 -2.0
0.001 6.0615 0.0 -2.0
0.001 6.0581 0.0 -2.0
0.001 6.0548 0.0 -2.0
0.001 6.0516 0.0 -2.0
0.001 6.0486 0.0 -2.0
0.001 6.0457 0.0 -2.0
0.001 6.0430 0.0 -2.0
0.001 6.0405 0.0 -2.0
0.001 6.0380 0.0 -2.0
0.001 6.0357 0.0 -2.0
0.001 6.0334 0.0 -2.0
0.001 6.0313 0.0 -2.0
0.001 6.0294 0.0 -2.0
0.001 6.0275 0.0 -2.0
0.001 6.0258 0.0 -2.0
0.001 6.0242 0.0 -2.0
0.001 6.0227 0.0 -2.0
0.001 6.0213 0.0 -2.0
0.001 6.0200 0.0 -2.0
0.001 6.0187 0.0 -2.0
0.001 6.0176 0.0 -2.0
0.001 6.0166 0.0 -2.0
0.001 6.0157 0.0 -2.0
0.001 6.0148 0.0 -2.0
0.001 6.0140 0.0 -2.0
0.001 6.0134 0.0 -2.0
0.001 6.0127 0.0 -2.0
0.001 6.0122 0.0 -2.0
0.001 6.0118 0.0 -2.0
0.001 6.0114 0.0 -2.0
0.001 6.0111 0.0 -2.0
0.001 6.0109 0.0 -2.0
0.001 6.0107 0.0 -2.0
0.001 6.0106 0.0 -2.0
0.001 6.0106 0.0 -2.0
0.001 6.0106 0.0 -2.0
0.001 6.0107 0.0 -2.0
0.001 6.0109 0.0 -2.0
0.001 6.0111 0.0 -2.0
0.001 6.0114 0.0 -2.0
0.001 6.0117 0.0 -2.0
0.001 6.0120 0.0 -2.0
0.001 6.0124 0.0 -2.0
0.001 6.0129 0.0 -2.0
0.001 6.0134 0.0 -2.0
0.001 6.0139 0.0 -2.0
0.001 6.0145 0.0 -2.0
0.001 6.0151 0.0 -2.0
0.001 6.0158 0.0 -2.0
0.001 6.0165 0.0 -2.0
0.001 6.0172 0.0 -2.0
0.001 6.0180 0.0 -2.0
0.001 6.0188 0.0 -2.0
0.001 6.0196 0.0 -2.0
0.001 6.0205 0.0 -2.0
0.001 6.0214 0.0 -2.0
0.001 6.0223 0.0 -2.0
0.001 6.0232 0.0 -2.0
0.001 6.0242 0.0 -2.0
0.001 6.0252 0.0 -2.0
0.001 6.0262 0.0 -2.0
0.001 6.0272 0.0 -2.0
0.001 6.0283 0.0 -2.0
0.001 6.0294 0.0 -2.0
0.001 6.0305 0.0 -2.0
0.001 6.0316 0.0 -2.0
0.001 6.0327 0.0 -2.0
0.001 6.0339 0.0 -2.0
0.001 6.0350 0.0 -2.0
0.001 6.0362 0.0 -2.0
0.001 6.0374 0.0 -2.0
0.001 6.0387 0.0 -2.0
0.001 6.0399 0.0 -2.0
0.001 6.0412 0.0 -2.0
0.001 6.0424 0.0 -2.0
0.001 6.0437 0.0 -2.0
0.001 6.0449 0.0 -2.0
0.001 6.0462 0.0 -2.0
0.001 6.0475 0.0 -2.0
0.001 6.0489 0.0 -2.0
0.001 6.0502 0.0 -2.0
0.001 6.0515 0.0 -2.0
0.001 6.0529 0.0 -2.0
0.001 6.0542 0.0 -2.0
0.001 6.0556 0.0 -2.0
0.001 6.0569 0.0 -2.0
0.001 6.0583 0.0 -2.0
0.001 6.0597 0.0 -2.0
0.001 6.0611 0.0 -2.0
0.001 6.0625 0.0 -2.0
0.001 6.0639 0.0 -2.0
0.001 6.0653 0.0 -2.0
0.001 6.0667 0.0 -2.0
0.001 6.0681 0.0 -2.0
0.001 6.0695 0.0 -2.0
0.001 6.0710 0.0 -2.0
0.001 6.0724 0.0 -2.0
0.001 6.0738 0.0 -2.0
0.001 6.0753 0.0 -2.0
0.001 6.0767 0.0 -2.0
0.001 6.0782 0.0 -2.0
0.001 6.0796 0.0 -2.0
0.001 6.0811 0.0 -2.0
0.001 6.0825 0.0 -2.0
0.001 6.0840 0.0 -2.0
0.001 6.0854 0.0 -2.0
0.001 6.0869 0.0 -2.0
0.001 6.0884 0.0 -2.0
0.001 6.0899 0.0 -2.0
0.001 6.0914 0.0 -2.0
0.001 6.0929 0.0 -2.0
0.001 6.0943 0.0 -2.0
0.001 6.0958 0.0 -2.0
0.001 6.0973 0.0 -2.0
0.001 6.0988 0.0 -2.0
0.001 6.1003 0.0 -2.0
0.001 6.1018 0.0 -2.0
0.001 6.1032 0.0 -2.0
0.001 6.1047 0.0 -2.0
0.001 6.1063 0.0 -2.0
0.001 6.1078 0.0 -2.0
0.001 6.1093 0.0 -2.0
0.001 6.1108 0.0 -2.0
0.001 6.1123 0.0 -2.0
0.001 6.1138 0.0 -2.0
0.001 6.1153 0.0 -2.0
0.001 6.1168 0.0 -2.0
0.001 6.1184 0.0 -2.0
0.001 6.1199 0.0 -2.0
0.001 6.1214 0.0 -2.0
0.001 6.1229 0.0 -2.0
0.001 6.1244 0.0 -2.0
0.001 6.1260 0.0 -2.0
0.001 6.1275 0.0 -2.0
0.001 6.1291 0.0 -2.0
0.001 6.1306 0.0 -2.0
0.001 6.1321 0.0 -2.0
0.001 6.1337 0.0 -2.0
0.001 6.1352 0.0 -2.0
0.001 6.1367 0.0 -2.0
0.001 6.1383 0.0 -2.0
0.001 6.1398 0.0 -2.0
0.001 6.1414 0.0 -2.0
0.001 6.1429 0.0 -2.0
0.001 6.1445 0.0 -2.0
0.001 6.1460 0.0 -2.0
0.001 6.1476 0.0 -2.0
0.001 6.1491 0.0 -2.0
0.001 6.1507 0.0 -2.0
0.001 6.1523 0.0 -2.0
0.001 6.1538 0.0 -2.0
0.001 6.1554 0.0 -2.0
0.001 6.1570 0.0 -2.0
0.001 6.1585 0.0 -2.0
0.001 6.1601 0.0 -2.0
0.001 6.1617 0.0 -2.0
0.001 6.1633 0.0 -2.0
0.001 6.1649 0.0 -2.0
0.001 6.1665 0.0 -2.0
0.001 6.1680 0.0 -2.0
0.001 6.1696 0.0 -2.0
0.001 6.1712 0.0 -2.0
0.001 6.1728 0.0 -2.0
0.001 6.1744 0.0 -2.0
0.001 6.1760 0.0 -2.0
0.001 6.1776 0.0 -2.0
0.001 6.1792 0.0 -2.0
0.001 6.1809 0.0 -2.0
0.001 6.1824 0.0 -2.0
0.001 6.1841 0.0 -2.0
0.001 6.1857 0.0 -2.0
0.001 6.1873 0.0 -2.0
0.001 6.1889 0.0 -2.0
0.001 6.1905 0.0 -2.0
0.001 6.1922 0.0 -2.0
0.001 6.1938 0.0 -2.0
0.001 6.1955 0.0 -2.0
0.001 6.1971 0.0 -2.0
0.001 6.1987 0.0 -2.0
0.001 6.2004 0.0 -2.0
0.001 6.2020 0.0 -2.0
0.001 6.2037 0.0 -2.0
0.001 6.2054 0.0 -2.0
0.001 6.2070 0.0 -2.0
0.001 6.2087 0.0 -2.0
0.001 6.2103 0.0 -2.0
0.001 6.2120 0.0 -2.0
0.001 6.2137 0.0 -2.0
0.001 6.2154 0.0 -2.0
0.001 6.2171 0.0 -2.0
0.001 6.2187 0.0 -2.0
0.001 6.2204 0.0 -2.0
0.001 6.2221 0.0 -2.0
0.001 6.2238 0.0 -2.0
0.001 6.2256 0.0 -2.0
0.001 6.2272 0.0 -2.0
0.001 6.2290 0.0 -2.0
0.001 6.2307 0.0 -2.0
0.001 6.2324 0.0 -2.0
0.001 6.2341 0.0 -2.0
0.001 6.2359 0.0 -2.0
0.001 6.2376 0.0 -2.0
0.001 6.2394 0.0 -2.0
0.001 6.2411 0.0 -2.0
0.001 6.2428 0.0 -2.0
0.001 6.2446 0.0 -2.0
0.001 6.2463 0.0 -2.0
0.001 6.2481 0.0 -2.0
0.001 6.2499 0.0 -2.0
0.001 6.2517 0.0 -2.0
0.001 6.2534 0.0 -2.0
0.001 6.2552 0.0 -2.0
0.001 6.2570 0.0 -2.0
0.001 6.2588 0.0 -2.0
0.001 6.2606 0.0 -2.0
0.001 6.2624 0.0 -2.0
0.001 6.2642 0.0 -2.0
0.001 6.2660 0.0 -2.0
0.001 6.2678 0.0 -2.0
0.001 6.2697 0.0 -2.0
0.001 6.2715 0.0 -2.0
0.001 6.2733 0.0 -2.0
0.001 6.2752 0.0 -2.0
0.001 6.2770 0.0 -2.0
0.001 6.2788 0.0 -2.0
0.001 6.2807 0.0 -2.0
0.001 6.2826 0.0 -2.0
0.001 6.2844 0.0 -2.0
0.001 6.2863 0.0 -2.0
0.001 6.2882 0.0 -2.0
0.001 6.2901 0.0 -2.0
0.001 6.2920 0.0 -2.0
0.001 6.2939 0.0 -2.0
0.001 6.2958 0.0 -2.0
0.001 6.2977 0.0 -2.0
0.001 6.2995 0.0 -2.0
0.001 6.3015 0.0 -2.0
0.001 6.3034 0.0 -2.0
0.001 6.3054 0.0 -2.0
0.001 6.3073 0.0 -2.0
0.001 6.3093 0.0 -2.0
0.001 6.3112 0.0 -2.0
0.001 6.3132 0.0 -2.0
0.001 6.3151 0.0 -2.0
0.001 6.3171 0.0 -2.0
0.001 6.3191 0.0 -2.0
0.001 6.3211 0.0 -2.0
0.001 6.3232 0.0 -2.0
0.001 6.3251 0.0 -2.0
0.001 6.3272 0.0 -2.0
0.001 6.3293 0.0 -2.0
0.001 6.3313 0.0 -2.0
0.001 6.3334 0.0 -2.0
0.001 6.3354 0.0 -2.0
0.001 6.3375 0.0 -2.0
0.001 6.3397 0.0 -2.0
0.001 6.3418 0.0 -2.0
0.001 6.3439 0.0 -2.0
0.001 6.3461 0.0 -2.0
0.001 6.3482 0.0 -2.0
0.001 6.3504 0.0 -2.0
0.001 6.3526 0.0 -2.0
0.001 6.3548 0.0 -2.0
0.001 6.3571 0.0 -2.0
0.001 6.3592 0.0 -2.0
0.001 6.3615 0.0 -2.0
0.001 6.3638 0.0 -2.0
0.001 6.3661 0.0 -2.0
0.001 6.3684 0.0 -2.0
0.001 6.3707 0.0 -2.0
0.001 6.3730 0.0 -2.0
0.001 6.3754 0.0 -2.0
0.001 6.3778 0.0 -2.0
0.001 6.3802 0.0 -2.0
0.001 6.3826 0.0 -2.0
0.001 6.3850 0.0 -2.0
0.001 6.3875 0.0 -2.0
0.001 6.3900 0.0 -2.0
0.001 6.3924 0.0 -2.0
0.001 6.3950 0.0 -2.0
0.001 6.3975 0.0 -2.0
0.001 6.4000 0.0 -2.0
0.001 6.4026 0.0 -2.0
0.001 6.4052 0.0 -2.0
0.001 6.4078 0.0 -2.0
0.001 6.4104 0.0 -2.0
0.001 6.4131 0.0 -2.0
0.001 6.4157 0.0 -2.0
0.001 6.4184 0.0 -2.0
0.001 6.4211 0.0 -2.0
0.001 6.4239 0.0 -2.0
0.001 6.4267 0.0 -2.0
0.001 6.4295 0.0 -2.0
0.001 6.4323 0.0 -2.0
0.001 6.4352 0.0 -2.0
0.001 6.4381 0.0 -2.0
0.001 6.4411 0.0 -2.0
0.001 6.4439 0.0 -2.0
0.001 6.4470 0.0 -2.0
0.001 6.4500 0.0 -2.0
0.001 6.4531 0.0 -2.0
0.001 6.4562 0.0 -2.0
0.001 6.4594 0.0 -2.0
0.001 6.4626 0.0 -2.0
0.001 6.4657 0.0 -2.0
0.001 6.4689 0.0 -2.0
0.001 6.4721 0.0 -2.0
0.001 6.4753 0.0 -2.0
0.001 6.4786 0.0 -2.0
0.001 6.4818 0.0 -2.0
0.001 6.4851 0.0 -2.0
0.001 6.4883 0.0 -2.0
0.001 6.4916 0.0 -2.0
0.001 6.4948 0.0 -2.0
0.001 6.4980 0.0 -2.0
0.001 6.5013 0.0 -2.0
0.001 6.5045 0.0 -2.0
0.001 6.5077 0.0 -2.0
0.001 6.5109 0.0 -2.0
0.001 6.5141 0.0 -2.0
0.001 6.5174 0.0 -2.0
0.001 6.5206 0.0 -2.0
0.001 6.5237 0.0 -2.0
0.001 6.5270 0.0 -2.0
0.001 6.5302 0.0 -2.0
0.001 6.5333 0.0 -2.0
0.001 6.5364 0.0 -2.0
0.001 6.5396 0.0 -2.0
0.001 6.5427 0.0 -2.0
0.001 6.5459 0.0 -2.0
0.001 6.5491 0.0 -2.0
0.001 6.5522 0.0 -2.0
0.001 6.5553 0.0 -2.0
0.001 6.5585 0.0 -2.0
0.001 6.5616 0.0 -2.0
0.001 6.5646 0.0 -2.0
0.001 6.5677 0.0 -2.0
0.001 6.5708 0.0 -2.0
0.001 6.5738 0.0 -2.0
0.001 6.5769 0.0 -2.0
0.001 6.5800 0.0 -2.0
0.001 6.5830 0.0 -2.0
0.001 6.5860 0.0 -2.0
0.001 6.5890 0.0 -2.0
0.001 6.5921 0.0 -2.0
0.001 6.5952 0.0 -2.0
0.001 6.5981 0.0 -2.0
0.001 6.6011 0.0 -2.0
0.001 6.6041 0.0 -2.0
0.001 6.6070 0.0 -2.0
0.001 6.6099 0.0 -2.0
0.001 6.6130 0.0 -2.0
0.001 6.6158 0.0 -2.0
0.001 6.6187 0.0 -2.0
0.001 6.6216 0.0 -2.0
0.001 6.6245 0.0 -2.0
0.001 6.6275 0.0 -2.0
0.001 6.6302 0.0 -2.0
0.001 6.6332 0.0 -2.0
0.001 6.6360 0.0 -2.0
0.001 6.6388 0.0 -2.0
0.001 6.6417 0.0 -2.0
0.001 6.6445 0.0 -2.0
0.001 6.6472 0.0 -2.0
0.001 6.6499 0.0 -2.0
0.001 6.6529 0.0 -2.0
0.001 6.6556 0.0 -2.0
0.001 6.6584 0.0 -2.0
0.001 6.6609 0.0 -2.0
0.001 6.6637 0.0 -2.0
0.001 6.6666 0.0 -2.0
0.001 6.6692 0.0 -2.0
0.001 6.6718 0.0 -2.0
0.001 6.6745 0.0 -2.0
0.001 6.6772 0.0 -2.0
0.001 6.6799 0.0 -2.0
0.001 6.6824 0.0 -2.0
0.001 6.6851 0.0 -2.0
0.001 6.6876 0.0 -2.0
0.001 6.6902 0.0 -2.0
0.001 6.6927 0.0 -2.0
0.001 6.6953 0.0 -2.0
0.001 6.6979 0.0 -2.0
0.001 6.7004 0.0 -2.0
0.001 6.7029 0.0 -2.0
0.001 6.7053 0.0 -2.0
0.001 6.7080 0.0 -2.0
0.001 6.7104 0.0 -2.0
0.001 6.7129 0.0 -2.0
0.001 6.7154 0.0 -2.0
0.001 6.7176 0.0 -2.0
0.001 6.7201 0.0 -2.0
0.001 6.7224 0.0 -2.0
0.001 6.7249 0.0 -2.0
0.001 6.7272 0.0 -2.0
0.001 6.7296 0.0 -2.0
0.001 6.7319 0.0 -2.0
0.001 6.7342 0.0 -2.0
0.001 6.7366 0.0 -2.0
0.001 6.7390 0.0 -2.0
0.001 6.7411 0.0 -2.0
0.001 6.7435 0.0 -2.0
0.001 6.7457 0.0 -2.0
0.001 6.7479 0.0 -2.0
0.001 6.7501 0.0 -2.0
0.001 6.7522 0.0 -2.0
0.001 6.7545 0.0 -2.0
0.001 6.7567 0.0 -2.0
0.001 6.7590 0.0 -2.0
0.001 6.7611 0.0 -2.0
0.001 6.7632 0.0 -2.0
0.001 6.7652 0.0 -2.0
0.001 6.7675 0.0 -2.0
0.001 6.7696 0.0 -2.0
0.001 6.7716 0.0 -2.0
0.001 6.7737 0.0 -2.0
0.001 6.7757 0.0 -2.0
0.001 6.7778 0.0 -2.0
0.001 6.7799 0.0 -2.0
0.001 6.7817 0.0 -2.0
0.001 6.7838 0.0 -2.0
0.001 6.7857 0.0 -2.0
0.001 6.7878 0.0 -2.0
0.001 6.7897 0.0 -2.0
0.001 6.7916 0.0 -2.0
0.001 6.7934 0.0 -2.0
0.001 6.7953 0.0 -2.0
0.001 6.7972 0.0 -2.0
0.001 6.7991 0.0 -2.0
0.001 6.8011 0.0 -2.0
0.001 6.8027 0.0 -2.0
0.001 6.8047 0.0 -2.0
0.001 6.8066 0.0 -2.0
0.001 6.8083 0.0 -2.0
0.001 6.8099 0.0 -2.0
0.001 6.8119 0.0 -2.0
0.001 6.8136 0.0 -2.0
0.001 6.8153 0.0 -2.0
0.001 6.8170 0.0 -2.0
0.001 6.8187 0.0 -2.0
0.001 6.8204 0.0 -2.0
0.001 6.8222 0.0 -2.0
0.001 6.8239 0.0 -2.0
0.001 6.8255 0.0 -2.0
0.001 6.8271 0.0 -2.0
0.001 6.8289 0.0 -2.0
0.001 6.8303 0.0 -2.0
0.001 6.8321 0.0 -2.0
0.001 6.8336 0.0 -2.0
0.001 6.8350 0.0 -2.0
0.001 6.8368 0.0 -2.0
0.001 6.8383 0.0 -2.0
0.001 6.8398 0.0 -2.0
0.001 6.8413 0.0 -2.0
0.001 6.8428 0.0 -2.0
0.001 6.8444 0.0 -2.0
0.001 6.8459 0.0 -2.0
0.001 6.8474 0.0 -2.0
0.001 6.8486 0.0 -2.0
0.001 6.8502 0.0 -2.0
0.001 6.8517 0.0 -2.0
0.001 6.8529 0.0 -2.0
0.001 6.8545 0.0 -2.0
0.001 6.8557 0.0 -2.0
0.001 6.8573 0.0 -2.0
0.001 6.8586 0.0 -2.0
0.001 6.8598 0.0 -2.0
0.001 6.8614 0.0 -2.0
0.001 6.8626 0.0 -2.0
0.001 6.8639 0.0 -2.0
0.001 6.8652 0.0 -2.0
0.001 6.8665 0.0 -2.0
0.001 6.8677 0.0 -2.0
0.001 6.8690 0.0 -2.0
0.001 6.8703 0.0 -2.0
0.001 6.8716 0.0 -2.0
0.001 6.8729 0.0 -2.0
0.001 6.8739 0.0 -2.0
0.001 6.8752 0.0 -2.0
0.001 6.8765 0.0 -2.0
0.001 6.8775 0.0 -2.0
0.001 6.8788 0.0 -2.0
0.001 6.8798 0.0 -2.0
0.001 6.8811 0.0 -2.0
0.001 6.8821 0.0 -2.0
0.001 6.8834 0.0 -2.0
0.001 6.8844 0.0 -2.0
0.001 6.8854 0.0 -2.0
0.001 6.8867 0.0 -2.0
0.001 6.8877 0.0 -2.0
0.001 6.8887 0.0 -2.0
0.001 6.8897 0.0 -2.0
0.001 6.8908 0.0 -2.0
0.001 6.8919 0.0 -2.0
0.001 6.8931 0.0 -2.0
0.001 6.8942 0.0 -2.0
0.001 6.8952 0.0 -2.0
0.001 6.8958 0.0 -2.0
0.001 6.8969 0.0 -2.0
0.001 6.8979 0.0 -2.0
0.001 6.8989 0.0 -2.0
0.001 6.9000 0.0 -2.0
0.001 6.9010 0.0 -2.0
0.001 6.9017 0.0 -2.0
0.001 6.9027 0.0 -2.0
0.001 6.9038 0.0 -2.0
0.001 6.9045 0.0 -2.0
0.001 6.9055 0.0 -2.0
0.001 6.9062 0.0 -2.0
0.001 6.9073 0.0 -2.0
0.001 6.9080 0.0 -2.0
0.001 6.9090 0.0 -2.0
0.001 6.9097 0.0 -2.0
0.001 6.9108 0.0 -2.0
0.001 6.9115 0.0 -2.0
0.001 6.9122 0.0 -2.0
0.001 6.9133 0.0 -2.0
0.001 6.9140 0.0 -2.0
0.001 6.9147 0.0 -2.0
0.001 6.9154 0.0 -2.0
0.001 6.9165 0.0 -2.0
0.001 6.9172 0.0 -2.0
0.001 6.9179 0.0 -2.0
0.001 6.9187 0.0 -2.0
0.001 6.9194 0.0 -2.0
0.001 6.9201 0.0 -2.0
0.001 6.9208 0.0 -2.0
0.001 6.9215 0.0 -2.0
0.001 6.9223 0.0 -2.0
0.001 6.9230 0.0 -2.0
0.001 6.9237 0.0 -2.0
0.001 6.9245 0.0 -2.0
0.001 6.9252 0.0 -2.0
0.001 6.9259 0.0 -2.0
0.001 6.9266 0.0 -2.0
0.001 6.9270 0.0 -2.0
0.001 6.9278 0.0 -2.0
0.001 6.9285 0.0 -2.0
0.001 6.9292 0.0 -2.0
0.001 6.9296 0.0 -2.0
0.001 6.9303 0.0 -2.0
0.001 6.9311 0.0 -2.0
0.001 6.9314 0.0 -2.0
0.001 6.9322 0.0 -2.0
0.001 6.9329 0.0 -2.0
0.001 6.9333 0.0 -2.0
0.001 6.9340 0.0 -2.0
0.001 6.9344 0.0 -2.0
0.001 6.9352 0.0 -2.0
0.001 6.9360 0.0 -2.0
0.001 6.9363 0.0 -2.0
0.001 6.9371 0.0 -2.0
0.001 6.9374 0.0 -2.0
0.001 6.9378 0.0 -2.0
0.001 6.9385 0.0 -2.0
0.001 6.9389 0.0 -2.0
0.001 6.9397 0.0 -2.0
0.001 6.9401 0.0 -2.0
0.001 6.9404 0.0 -2.0
0.001 6.9412 0.0 -2.0
0.001 6.9416 0.0 -2.0
0.001 6.9420 0.0 -2.0
0.001 6.9427 0.0 -2.0
0.001 6.9431 0.0 -2.0
0.001 6.9435 0.0 -2.0
0.001 6.9442 0.0 -2.0
0.001 6.9446 0.0 -2.0
0.001 6.9450 0.0 -2.0
0.001 6.9454 0.0 -2.0
0.001 6.9458 0.0 -2.0
0.001 6.9465 0.0 -2.0
0.001 6.9469 0.0 -2.0
0.001 6.9473 0.0 -2.0
0.001 6.9477 0.0 -2.0
0.001 6.9481 0.0 -2.0
0.001 6.9485 0.0 -2.0
0.001 6.9488 0.0 -2.0
0.001 6.9492 0.0 -2.0
0.001 6.9500 0.0 -2.0
0.001 6.9504 0.0 -2.0
0.001 6.9508 0.0 -2.0
0.001 6.9512 0.0 -2.0
0.001 6.9516 0.0 -2.0
0.001 6.9519 0.0 -2.0
0.001 6.9523 0.0 -2.0
0.001 6.9527 0.0 -2.0
0.001 6.9531 0.0 -2.0
0.001 6.9535 0.0 -2.0
0.001 6.9535 0.0 -2.0
0.001 6.9539 0.0 -2.0
0.001 6.9543 0.0 -2.0
0.001 6.9547 0.0 -2.0
0.001 6.9551 0.0 -2.0
0.001 6.9555 0.0 -2.0
0.001 6.9559 0.0 -2.0
0.001 6.9562 0.0 -2.0
0.001 6.9566 0.0 -2.0
0.001 6.9568 0.0 -2.0
0.001 6.9570 0.0 -2.0
0.001 6.9574 0.0 -2.0
0.001 6.9578 0.0 -2.0
0.001 6.9582 0.0 -2.0
0.001 6.9586 0.0 -2.0
0.001 6.9586 0.0 -2.0
0.001 6.9590 0.0 -2.0
0.001 6.9594 0.0 -2.0
0.001 6.9594 0.0 -2.0