time	pCa	hs_length	force	titin_force	extracellular_force	a_fil_length	m_fil_length	a_pop_0	a_pop_1	m_pop_0	m_pop_1	m_pop_2	c_pop_0	c_pop_1
0.001	9.000	950	1854.03	1854.03	0	1015.88	809.005	1	0	0.910837	0.0891632	0	1	0
0.002	9.000	950	1854.03	1854.03	0	1015.88	809.005	1	0	0.820988	0.179012	0	1	0
0.003	9.000	950	1854.03	1854.03	0	1015.88	809.005	1	0	0.75583	0.24417	0	1	0
0.004	9.000	950	1854.03	1854.03	0	1015.88	809.005	1	0	0.721536	0.278464	0	1	0
0.005	9.000	950	1854.03	1854.03	0	1015.88	809.005	1	0	0.680384	0.319616	0	1	0
0.006	9.000	950	1854.03	1854.03	0	1015.88	809.005	1	0	0.64952	0.35048	0	1	0
0.007	9.000	950	1854.03	1854.03	0	1015.88	809.005	1	0	0.6262	0.3738	0	1	0
0.008	9.000	950	1854.03	1854.03	0	1015.88	809.005	1	0	0.591907	0.408093	0	1	0
0.009	9.000	950	1854.03	1854.03	0	1015.88	809.005	1	0	0.588477	0.411523	0	1	0
0.01	9.000	950	1854.03	1854.03	0	1015.88	809.005	1	0	0.580247	0.419753	0	1	0
0.011	9.000	950	1854.03	1854.03	0	1015.88	809.005	1	0	0.572016	0.427984	0	1	0
0.012	9.000	950	1854.03	1854.03	0	1015.88	809.005	1	0	0.572016	0.427984	0	1	0
0.013	9.000	950	1854.03	1854.03	0	1015.88	809.005	1	0	0.564472	0.435528	0	1	0
0.014	9.000	950	1854.03	1854.03	0	1015.88	809.005	1	0	0.559671	0.440329	0	1	0
0.015	9.000	950	1854.03	1854.03	0	1015.88	809.005	1	0	0.543896	0.456104	0	1	0
0.016	9.000	950	1854.03	1854.03	0	1015.88	809.005	1	0	0.549383	0.450617	0	1	0
0.017	9.000	950	1854.03	1854.03	0	1015.88	809.005	1	0	0.540466	0.459534	0	1	0
0.018	9.000	950	1854.03	1854.03	0	1015.88	809.005	1	0	0.535665	0.464335	0	1	0
0.019	9.000	950	1854.03	1854.03	0	1015.88	809.005	1	0	0.529492	0.470508	0	1	0
0.02	9.000	950	1854.03	1854.03	0	1015.88	809.005	1	0	0.516461	0.483539	0	1	0
0.021	9.000	950	1854.03	1854.03	0	1015.88	809.005	1	0	0.50823	0.49177	0	1	0
0.022	9.000	950	1854.03	1854.03	0	1015.88	809.005	1	0	0.502743	0.497257	0	1	0
0.023	9.000	950	1854.03	1854.03	0	1015.88	809.005	1	0	0.502058	0.497942	0	1	0
0.024	9.000	950	1854.03	1854.03	0	1015.88	809.005	1	0	0.507545	0.492455	0	1	0
0.025	9.000	950	1854.03	1854.03	0	1015.88	809.005	1	0	0.515089	0.484911	0	1	0
0.026	9.000	950	1854.03	1854.03	0	1015.88	809.005	1	0	0.513032	0.486968	0	1	0
0.027	9.000	950	1854.03	1854.03	0	1015.88	809.005	1	0	0.528121	0.471879	0	1	0
0.028	9.000	950	1854.03	1854.03	0	1015.88	809.005	1	0	0.516461	0.483539	0	1	0
0.029	9.000	950	1854.03	1854.03	0	1015.88	809.005	1	0	0.515089	0.484911	0	1	0
0.03	9.000	950	1854.03	1854.03	0	1015.88	809.005	1	0	0.497942	0.502058	0	1	0
0.031	9.000	950	1854.03	1854.03	0	1015.88	809.005	1	0	0.515775	0.484225	0	1	0
0.032	9.000	950	1854.03	1854.03	0	1015.88	809.005	1	0	0.515775	0.484225	0	1	0
0.033	9.000	950	1854.03	1854.03	0	1015.88	809.005	1	0	0.509602	0.490398	0	1	0
0.034	9.000	950	1854.03	1854.03	0	1015.88	809.005	1	0	0.517833	0.482167	0	1	0
0.035	9.000	950	1854.03	1854.03	0	1015.88	809.005	1	0	0.507545	0.492455	0	1	0
0.036	9.000	950	1854.03	1854.03	0	1015.88	809.005	1	0	0.503429	0.496571	0	1	0
0.037	9.000	950	1854.03	1854.03	0	1015.88	809.005	1	0	0.502743	0.497257	0	1	0
0.038	9.000	950	1854.03	1854.03	0	1015.88	809.005	1	0	0.519204	0.480796	0	1	0
0.039	9.000	950	1854.03	1854.03	0	1015.88	809.005	1	0	0.526063	0.473937	0	1	0
0.04	9.000	950	1854.03	1854.03	0	1015.88	809.005	1	0	0.535665	0.464335	0	1	0
0.041	9.000	950	1854.03	1854.03	0	1015.88	809.005	1	0	0.533608	0.466392	0	1	0
0.042	9.000	950	1854.03	1854.03	0	1015.88	809.005	1	0	0.528121	0.471879	0	1	0
0.043	9.000	950	1854.03	1854.03	0	1015.88	809.005	1	0	0.517833	0.482167	0	1	0
0.044	9.000	950	1854.03	1854.03	0	1015.88	809.005	1	0	0.519204	0.480796	0	1	0
0.045	9.000	950	1854.03	1854.03	0	1015.88	809.005	1	0	0.521262	0.478738	0	1	0
0.046	9.000	950	1854.03	1854.03	0	1015.88	809.005	0.998971	0.00102881	0.53155	0.46845	0	1	0
0.047	9.000	950	1854.03	1854.03	0	1015.88	809.005	0.998971	0.00102881	0.530178	0.469822	0	1	0
0.048	9.000	950	1854.03	1854.03	0	1015.88	809.005	1	0	0.526749	0.473251	0	1	0
0.049	9.000	950	1854.03	1854.03	0	1015.88	809.005	1	0	0.526063	0.473937	0	1	0
0.05	9.000	950	1854.03	1854.03	0	1015.88	809.005	1	0	0.517147	0.482853	0	1	0
0.051	9.000	950	1854.03	1854.03	0	1015.88	809.005	1	0	0.517147	0.482853	0	1	0
0.052	9.000	950	1854.03	1854.03	0	1015.88	809.005	1	0	0.501372	0.498628	0	1	0
0.053	9.000	950	1854.03	1854.03	0	1015.88	809.005	1	0	0.506173	0.493827	0	1	0
0.054	9.000	950	1854.03	1854.03	0	1015.88	809.005	1	0	0.497942	0.502058	0	1	0
0.055	9.000	950	1854.03	1854.03	0	1015.88	809.005	1	0	0.500686	0.499314	0	1	0
0.056	9.000	950	1854.03	1854.03	0	1015.88	809.005	1	0	0.506859	0.493141	0	1	0
0.057	9.000	950	1854.03	1854.03	0	1015.88	809.005	0.998971	0.00102881	0.503429	0.496571	0	1	0
0.058	9.000	950	1854.03	1854.03	0	1015.88	809.005	0.998971	0.00102881	0.51166	0.48834	0	1	0
0.059	9.000	950	1854.03	1854.03	0	1015.88	809.005	1	0	0.515089	0.484911	0	1	0
0.06	9.000	950	1854.03	1854.03	0	1015.88	809.005	1	0	0.519204	0.480796	0	1	0
0.061	9.000	950	1854.03	1854.03	0	1015.88	809.005	1	0	0.520576	0.479424	0	1	0
0.062	9.000	950	1854.03	1854.03	0	1015.88	809.005	1	0	0.526063	0.473937	0	1	0
0.063	9.000	950	1854.03	1854.03	0	1015.88	809.005	1	0	0.525377	0.474623	0	1	0
0.064	9.000	950	1854.03	1854.03	0	1015.88	809.005	1	0	0.532236	0.467764	0	1	0
0.065	9.000	950	1854.03	1854.03	0	1015.88	809.005	1	0	0.533608	0.466392	0	1	0
0.066	9.000	950	1854.03	1854.03	0	1015.88	809.005	1	0	0.530178	0.469822	0	1	0
0.067	9.000	950	1854.03	1854.03	0	1015.88	809.005	1	0	0.522634	0.477366	0	1	0
0.068	9.000	950	1854.03	1854.03	0	1015.88	809.005	1	0	0.517833	0.482167	0	1	0
0.069	9.000	950	1854.03	1854.03	0	1015.88	809.005	1	0	0.521948	0.478052	0	1	0
0.07	9.000	950	1854.03	1854.03	0	1015.88	809.005	1	0	0.522634	0.477366	0	1	0
0.071	9.000	950	1854.03	1854.03	0	1015.88	809.005	1	0	0.526063	0.473937	0	1	0
0.072	9.000	950	1854.03	1854.03	0	1015.88	809.005	1	0	0.513032	0.486968	0	1	0
0.073	9.000	950	1854.03	1854.03	0	1015.88	809.005	1	0	0.516461	0.483539	0	1	0
0.074	9.000	950	1854.03	1854.03	0	1015.88	809.005	1	0	0.517833	0.482167	0	1	0
0.075	9.000	950	1854.03	1854.03	0	1015.88	809.005	1	0	0.513717	0.486283	0	1	0
0.076	9.000	950	1854.03	1854.03	0	1015.88	809.005	1	0	0.50823	0.49177	0	1	0
0.077	9.000	950	1854.03	1854.03	0	1015.88	809.005	1	0	0.517833	0.482167	0	1	0
0.078	9.000	950	1854.03	1854.03	0	1015.88	809.005	1	0	0.525377	0.474623	0	1	0
0.079	9.000	950	1854.03	1854.03	0	1015.88	809.005	1	0	0.524691	0.475309	0	1	0
0.08	9.000	950	1854.03	1854.03	0	1015.88	809.005	1	0	0.516461	0.483539	0	1	0
0.081	9.000	950	1854.03	1854.03	0	1015.88	809.005	1	0	0.514403	0.485597	0	1	0
0.082	9.000	950	1854.03	1854.03	0	1015.88	809.005	1	0	0.506859	0.493141	0	1	0
0.083	9.000	950	1854.03	1854.03	0	1015.88	809.005	1	0	0.50823	0.49177	0	1	0
0.084	9.000	950	1854.03	1854.03	0	1015.88	809.005	1	0	0.517833	0.482167	0	1	0
0.085	9.000	950	1854.03	1854.03	0	1015.88	809.005	1	0	0.526749	0.473251	0	1	0
0.086	9.000	950	1854.03	1854.03	0	1015.88	809.005	1	0	0.524005	0.475995	0	1	0
0.087	9.000	950	1854.03	1854.03	0	1015.88	809.005	1	0	0.526063	0.473937	0	1	0
0.088	9.000	950	1854.03	1854.03	0	1015.88	809.005	1	0	0.529492	0.470508	0	1	0
0.089	9.000	950	1854.03	1854.03	0	1015.88	809.005	1	0	0.529492	0.470508	0	1	0
0.09	9.000	950	1854.03	1854.03	0	1015.88	809.005	1	0	0.519204	0.480796	0	1	0
0.091	9.000	950	1854.03	1854.03	0	1015.88	809.005	1	0	0.529492	0.470508	0	1	0
0.092	9.000	950	1854.03	1854.03	0	1015.88	809.005	1	0	0.537723	0.462277	0	1	0
0.093	9.000	950	1854.03	1854.03	0	1015.88	809.005	1	0	0.524691	0.475309	0	1	0
0.094	9.000	950	1854.03	1854.03	0	1015.88	809.005	1	0	0.52332	0.47668	0	1	0
0.095	9.000	950	1854.03	1854.03	0	1015.88	809.005	1	0	0.514403	0.485597	0	1	0
0.096	9.000	950	1854.03	1854.03	0	1015.88	809.005	1	0	0.519204	0.480796	0	1	0
0.097	9.000	950	1854.03	1854.03	0	1015.88	809.005	1	0	0.515089	0.484911	0	1	0
0.098	9.000	950	1854.03	1854.03	0	1015.88	809.005	1	0	0.513032	0.486968	0	1	0
0.099	9.000	950	1854.03	1854.03	0	1015.88	809.005	1	0	0.504801	0.495199	0	1	0
0.1	4.500	950	3014.01	1853.89	0	1015.88	809.006	0.550412	0.449588	0.502058	0.494856	0.00308642	0.992593	0.00740741
0.101	4.500	950	5081.17	1853.65	0	1015.88	809.009	0.330247	0.669753	0.480796	0.510288	0.00891632	0.992593	0.00740741
0.102	4.500	950	6592.72	1853.44	0	1015.88	809.011	0.294239	0.705761	0.44513	0.541495	0.0133745	0.985185	0.0148148
0.103	4.500	950	7527.29	1853.33	0	1015.89	809.013	0.296296	0.703704	0.430041	0.553841	0.016118	0.988889	0.0111111
0.104	4.500	950	8986.93	1853.18	0	1015.89	809.014	0.269547	0.730453	0.390947	0.588134	0.0209191	0.981481	0.0185185
0.105	4.500	950	10111.2	1853.03	0	1015.89	809.016	0.271605	0.728395	0.367627	0.608711	0.0236626	0.981481	0.0185185
0.106	4.500	950	10675.6	1852.97	0	1015.89	809.017	0.25	0.75	0.331962	0.642318	0.0257202	0.974074	0.0259259
0.107	4.500	950	11456.1	1852.86	0	1015.89	809.018	0.245885	0.754115	0.31893	0.652949	0.0281207	0.981481	0.0185185
0.108	4.500	950	13062.7	1852.71	0	1015.9	809.019	0.238683	0.761317	0.296296	0.671125	0.0325789	0.981481	0.0185185
0.109	4.500	950	14282	1852.55	0	1015.9	809.021	0.238683	0.761317	0.270919	0.694102	0.0349794	0.981481	0.0185185
0.11	4.500	950	15142.3	1852.49	0	1015.9	809.022	0.251029	0.748971	0.26406	0.69856	0.03738	0.977778	0.0222222
0.111	4.500	950	15751.5	1852.4	0	1015.9	809.023	0.266461	0.733539	0.274348	0.686557	0.0390947	0.974074	0.0259259
0.112	4.500	950	16931	1852.3	0	1015.91	809.024	0.239712	0.760288	0.268861	0.688615	0.042524	0.974074	0.0259259
0.113	4.500	950	19087.9	1852.11	0	1015.91	809.025	0.22428	0.77572	0.248285	0.703361	0.0483539	0.974074	0.0259259
0.114	4.500	950	21534.6	1851.82	0	1015.92	809.029	0.219136	0.780864	0.241427	0.70439	0.0541838	0.974074	0.0259259
0.115	4.500	950	22884.1	1851.64	0	1015.92	809.031	0.215021	0.784979	0.221536	0.720508	0.0579561	0.974074	0.0259259
0.116	4.500	950	24167.2	1851.5	0	1015.92	809.032	0.233539	0.766461	0.227023	0.711591	0.0613855	0.974074	0.0259259
0.117	4.500	950	25550.2	1851.37	0	1015.93	809.034	0.213992	0.786008	0.219479	0.715021	0.0655007	0.977778	0.0222222
0.118	4.500	950	26817.5	1851.27	0	1015.93	809.035	0.209877	0.790123	0.216735	0.712963	0.0703018	0.988889	0.0111111
0.119	4.500	950	28504.5	1851.05	0	1015.93	809.037	0.210905	0.789095	0.198217	0.727366	0.074417	0.988889	0.0111111
0.12	4.500	950	29286.4	1850.98	0	1015.94	809.038	0.193416	0.806584	0.190672	0.732853	0.0764746	0.988889	0.0111111
0.121	4.500	950	29579.2	1850.94	0	1015.94	809.038	0.195473	0.804527	0.185871	0.736283	0.0778464	0.981481	0.0185185
0.122	4.500	950	29579.3	1850.93	0	1015.94	809.038	0.186214	0.813786	0.16941	0.752743	0.0778464	0.981481	0.0185185
0.123	4.500	950	30584.8	1850.86	0	1015.94	809.039	0.184156	0.815844	0.168724	0.751372	0.079904	0.988889	0.0111111
0.124	4.500	950	31729	1850.75	0	1015.94	809.04	0.194444	0.805556	0.165981	0.750343	0.0836763	0.988889	0.0111111
0.125	4.500	950	32441.3	1850.67	0	1015.94	809.041	0.17284	0.82716	0.167353	0.747257	0.0853909	0.981481	0.0185185
0.126	4.500	950	32616.1	1850.59	0	1015.94	809.042	0.176955	0.823045	0.159122	0.755144	0.0857339	0.981481	0.0185185
0.127	4.500	950	33376.3	1850.51	0	1015.94	809.043	0.1893	0.8107	0.16941	0.743141	0.0874486	0.985185	0.0148148
0.128	4.500	950	33384.9	1850.43	0	1015.94	809.044	0.184156	0.815844	0.164609	0.748285	0.0871056	0.988889	0.0111111
0.129	4.500	950	34112.3	1850.34	0	1015.94	809.045	0.179012	0.820988	0.170096	0.741084	0.0888203	0.988889	0.0111111
0.13	4.500	950	33481	1850.4	0	1015.94	809.045	0.170782	0.829218	0.160494	0.752401	0.0871056	0.988889	0.0111111
0.131	4.500	950	35694.9	1850.21	0	1015.95	809.046	0.175926	0.824074	0.143347	0.763032	0.0936214	0.988889	0.0111111
0.132	4.500	950	34938.3	1850.32	0	1015.95	809.045	0.171811	0.828189	0.151578	0.756173	0.0922497	0.992593	0.00740741
0.133	4.500	950	34763.2	1850.35	0	1015.95	809.045	0.180041	0.819959	0.154321	0.754115	0.0915638	0.992593	0.00740741
0.134	4.500	950	34677.9	1850.37	0	1015.95	809.044	0.182099	0.817901	0.151578	0.757202	0.0912209	0.992593	0.00740741
0.135	4.500	950	34170.7	1850.51	0	1015.95	809.043	0.154321	0.845679	0.162551	0.747599	0.0898491	0.988889	0.0111111
0.136	4.500	950	33099	1850.65	0	1015.95	809.041	0.16358	0.83642	0.163923	0.748285	0.0877915	0.988889	0.0111111
0.137	4.500	950	33338.1	1850.61	0	1015.95	809.041	0.158436	0.841564	0.178326	0.733196	0.0884774	0.988889	0.0111111
0.138	4.500	950	33882.7	1850.54	0	1015.95	809.042	0.15535	0.84465	0.16118	0.748971	0.0898491	0.988889	0.0111111
0.139	4.500	950	34893.8	1850.39	0	1015.95	809.044	0.165638	0.834362	0.176269	0.732167	0.0915638	0.985185	0.0148148
0.14	4.500	950	35557.4	1850.29	0	1015.95	809.045	0.179012	0.820988	0.165981	0.740398	0.0936214	0.981481	0.0185185
0.141	4.500	950	37110.9	1850.08	0	1015.95	809.048	0.151235	0.848765	0.167353	0.734568	0.0980796	0.985185	0.0148148
0.142	4.500	950	36495.6	1850.14	0	1015.95	809.047	0.162551	0.837449	0.150892	0.751372	0.0977366	0.981481	0.0185185
0.143	4.500	950	36699	1850.13	0	1015.95	809.047	0.16358	0.83642	0.144719	0.757545	0.0977366	0.985185	0.0148148
0.144	4.500	950	37148.1	1850.11	0	1015.95	809.047	0.162551	0.837449	0.158436	0.743141	0.0984225	0.981481	0.0185185
0.145	4.500	950	36599.8	1850.12	0	1015.95	809.047	0.165638	0.834362	0.141975	0.76166	0.0963649	0.981481	0.0185185
0.146	4.500	950	37425	1850.06	0	1015.95	809.048	0.17284	0.82716	0.139232	0.762689	0.0980796	0.988889	0.0111111
0.147	4.500	950	37521.4	1850.01	0	1015.95	809.048	0.171811	0.828189	0.145405	0.755144	0.0994513	0.988889	0.0111111
0.148	4.500	950	37486.4	1850	0	1015.95	809.049	0.180041	0.819959	0.138546	0.762003	0.0994513	0.985185	0.0148148
0.149	4.500	950	37577	1849.95	0	1015.95	809.049	0.157407	0.842593	0.139232	0.761317	0.0994513	0.985185	0.0148148
0.15	4.500	950	37231.3	1850.05	0	1015.95	809.048	0.156379	0.843621	0.133059	0.76749	0.0994513	0.985185	0.0148148
0.151	4.500	950	36558.6	1850.15	0	1015.95	809.047	0.139918	0.860082	0.148148	0.753772	0.0980796	0.988889	0.0111111
0.152	4.500	950	36860.2	1850.12	0	1015.95	809.047	0.153292	0.846708	0.143347	0.757545	0.0991084	0.992593	0.00740741
0.153	4.500	950	37152.7	1850.05	0	1015.95	809.048	0.175926	0.824074	0.143347	0.756859	0.0997942	0.992593	0.00740741
0.154	4.500	950	37047.8	1850.11	0	1015.95	809.047	0.177984	0.822016	0.154321	0.745885	0.0997942	0.996296	0.0037037
0.155	4.500	950	36685.7	1850.11	0	1015.95	809.047	0.165638	0.834362	0.14952	0.752401	0.0980796	0.996296	0.0037037
0.156	4.500	950	36749	1850.1	0	1015.95	809.048	0.161523	0.838477	0.151578	0.750686	0.0977366	0.992593	0.00740741
0.157	4.500	950	37790.4	1849.96	0	1015.95	809.049	0.174897	0.825103	0.135117	0.762689	0.102195	0.988889	0.0111111
0.158	4.500	950	38281.4	1849.92	0	1015.95	809.05	0.167695	0.832305	0.12963	0.76749	0.102881	0.985185	0.0148148
0.159	4.500	950	38633.2	1849.9	0	1015.95	809.05	0.154321	0.845679	0.126886	0.76989	0.103224	0.985185	0.0148148
0.16	4.500	950	39302.9	1849.82	0	1015.96	809.051	0.170782	0.829218	0.132373	0.763032	0.104595	0.985185	0.0148148
0.161	4.500	950	38756.1	1849.89	0	1015.95	809.05	0.161523	0.838477	0.141289	0.755487	0.103224	0.985185	0.0148148
0.162	4.500	950	39786	1849.8	0	1015.96	809.051	0.166667	0.833333	0.131001	0.762689	0.10631	0.992593	0.00740741
0.163	4.500	950	39676.7	1849.77	0	1015.96	809.051	0.160494	0.839506	0.138546	0.756173	0.105281	0.988889	0.0111111
0.164	4.500	950	40201.4	1849.67	0	1015.96	809.052	0.160494	0.839506	0.131001	0.762346	0.106653	0.992593	0.00740741
0.165	4.500	950	40781.1	1849.58	0	1015.96	809.054	0.161523	0.838477	0.128944	0.76166	0.109396	0.985185	0.0148148
0.166	4.500	950	41708.4	1849.47	0	1015.96	809.055	0.156379	0.843621	0.127572	0.760631	0.111797	0.988889	0.0111111
0.167	4.500	950	39839.5	1849.74	0	1015.96	809.052	0.167695	0.832305	0.132373	0.760631	0.106996	0.985185	0.0148148
0.168	4.500	950	39693.4	1849.73	0	1015.96	809.052	0.158436	0.841564	0.136488	0.756859	0.106653	0.977778	0.0222222
0.169	4.500	950	39597.8	1849.71	0	1015.96	809.052	0.160494	0.839506	0.128258	0.764746	0.106996	0.974074	0.0259259
0.17	4.500	950	39672.9	1849.73	0	1015.96	809.052	0.169753	0.830247	0.1262	0.766461	0.107339	0.977778	0.0222222
0.171	4.500	950	39979.1	1849.69	0	1015.96	809.052	0.169753	0.830247	0.120027	0.770919	0.109053	0.977778	0.0222222
0.172	4.500	950	38901.4	1849.82	0	1015.95	809.051	0.17284	0.82716	0.127572	0.766804	0.105624	0.974074	0.0259259
0.173	4.500	950	38687.4	1849.79	0	1015.95	809.051	0.166667	0.833333	0.144719	0.75	0.105281	0.974074	0.0259259
0.174	4.500	950	38008.5	1849.86	0	1015.95	809.051	0.165638	0.834362	0.146776	0.749314	0.103909	0.97037	0.0296296
0.175	4.500	950	38768.4	1849.81	0	1015.95	809.051	0.164609	0.835391	0.157064	0.737654	0.105281	0.974074	0.0259259
0.176	4.500	950	39231.2	1849.78	0	1015.95	809.051	0.161523	0.838477	0.148834	0.744856	0.10631	0.974074	0.0259259
0.177	4.500	950	39160.3	1849.84	0	1015.96	809.05	0.162551	0.837449	0.139918	0.755144	0.104938	0.977778	0.0222222
0.178	4.500	950	40388.5	1849.71	0	1015.96	809.052	0.159465	0.840535	0.140604	0.751715	0.107682	0.977778	0.0222222
0.179	4.500	950	39630.3	1849.82	0	1015.96	809.05	0.162551	0.837449	0.145405	0.748971	0.105624	0.977778	0.0222222
0.18	4.500	950	39611.6	1849.85	0	1015.96	809.05	0.151235	0.848765	0.134431	0.759945	0.105624	0.977778	0.0222222
0.181	4.500	950	39351.9	1849.94	0	1015.96	809.049	0.159465	0.840535	0.13786	0.757202	0.104938	0.977778	0.0222222
0.182	4.500	950	38502.3	1849.98	0	1015.96	809.049	0.164609	0.835391	0.150206	0.747257	0.102538	0.977778	0.0222222
0.183	4.500	950	37954.8	1850.04	0	1015.95	809.048	0.15535	0.84465	0.152263	0.746914	0.100823	0.977778	0.0222222
0.184	4.500	950	38936.5	1849.92	0	1015.96	809.049	0.150206	0.849794	0.165981	0.730453	0.103567	0.974074	0.0259259
0.185	4.500	950	39024.8	1849.97	0	1015.96	809.048	0.146091	0.853909	0.147462	0.748971	0.103567	0.974074	0.0259259
0.186	4.500	950	38888.3	1849.99	0	1015.96	809.048	0.176955	0.823045	0.150892	0.746228	0.102881	0.977778	0.0222222
0.187	4.500	950	38207.5	1850.08	0	1015.96	809.047	0.176955	0.823045	0.155693	0.742455	0.101852	0.974074	0.0259259
0.188	4.500	950	37191	1850.2	0	1015.95	809.046	0.165638	0.834362	0.14952	0.751715	0.0987654	0.97037	0.0296296
0.189	4.500	950	36035.6	1850.32	0	1015.95	809.045	0.168724	0.831276	0.166667	0.736626	0.0967078	0.974074	0.0259259
0.19	4.500	950	35997.7	1850.32	0	1015.95	809.045	0.164609	0.835391	0.160494	0.743141	0.0963649	0.97037	0.0296296
0.191	4.500	950	35960.4	1850.39	0	1015.95	809.043	0.153292	0.846708	0.158436	0.745542	0.0960219	0.97037	0.0296296
0.192	4.500	950	37493.6	1850.19	0	1015.96	809.046	0.16358	0.83642	0.159122	0.740741	0.100137	0.97037	0.0296296
0.193	4.500	950	37573.9	1850.14	0	1015.95	809.047	0.157407	0.842593	0.15775	0.740741	0.101509	0.977778	0.0222222
0.194	4.500	950	39195.7	1850	0	1015.96	809.048	0.157407	0.842593	0.155693	0.737311	0.106996	0.977778	0.0222222
0.195	4.500	950	39505.7	1849.91	0	1015.96	809.049	0.162551	0.837449	0.156379	0.734911	0.108711	0.977778	0.0222222
0.196	4.500	950	37840.5	1850.12	0	1015.96	809.047	0.160494	0.839506	0.152263	0.743141	0.104595	0.977778	0.0222222
0.197	4.500	950	36933.9	1850.17	0	1015.95	809.046	0.164609	0.835391	0.141289	0.756859	0.101852	0.985185	0.0148148
0.198	4.500	950	36401.9	1850.26	0	1015.95	809.045	0.168724	0.831276	0.133745	0.766461	0.0997942	0.977778	0.0222222
0.199	4.500	950	36905.8	1850.14	0	1015.95	809.047	0.169753	0.830247	0.139232	0.760631	0.100137	0.977778	0.0222222
0.2	4.500	950	36595.3	1850.23	0	1015.95	809.046	0.157407	0.842593	0.137174	0.763032	0.0997942	0.981481	0.0185185
0.201	4.500	950	36370.7	1850.24	0	1015.95	809.046	0.174897	0.825103	0.130316	0.76989	0.0997942	0.981481	0.0185185
0.202	4.500	950	35336.6	1850.31	0	1015.95	809.045	0.187243	0.812757	0.139918	0.763374	0.0967078	0.985185	0.0148148
0.203	4.500	950	34915	1850.41	0	1015.95	809.044	0.186214	0.813786	0.138546	0.766461	0.0949931	0.985185	0.0148148
0.204	4.500	950	35227.8	1850.39	0	1015.95	809.044	0.191358	0.808642	0.163923	0.741427	0.0946502	0.977778	0.0222222
0.205	4.500	950	35662.9	1850.34	0	1015.95	809.045	0.1893	0.8107	0.155007	0.749314	0.095679	0.974074	0.0259259
0.206	4.500	950	36141.6	1850.26	0	1015.95	809.045	0.176955	0.823045	0.160494	0.742455	0.0970508	0.97037	0.0296296
0.207	4.500	950	35672.6	1850.28	0	1015.95	809.045	0.175926	0.824074	0.155693	0.748628	0.095679	0.97037	0.0296296
0.208	4.500	950	35555.5	1850.33	0	1015.95	809.045	0.166667	0.833333	0.161866	0.741427	0.0967078	0.974074	0.0259259
0.209	4.500	950	35376.9	1850.37	0	1015.95	809.044	0.160494	0.839506	0.159122	0.74417	0.0967078	0.974074	0.0259259
0.21	4.500	950	34403.7	1850.49	0	1015.95	809.043	0.174897	0.825103	0.146776	0.759602	0.0936214	0.97037	0.0296296
0.211	4.500	950	34965.3	1850.47	0	1015.95	809.043	0.184156	0.815844	0.162551	0.742798	0.0946502	0.966667	0.0333333
0.212	4.500	950	36062	1850.32	0	1015.95	809.045	0.158436	0.841564	0.159122	0.743141	0.0977366	0.955556	0.0444444
0.213	4.500	950	37235.8	1850.16	0	1015.95	809.046	0.157407	0.842593	0.168724	0.730453	0.100823	0.955556	0.0444444
0.214	4.500	950	36056.4	1850.3	0	1015.95	809.045	0.162551	0.837449	0.139232	0.76406	0.0967078	0.962963	0.037037
0.215	4.500	950	35648.2	1850.25	0	1015.95	809.046	0.15535	0.84465	0.153635	0.751029	0.0953361	0.97037	0.0296296
0.216	4.500	950	36093.3	1850.23	0	1015.95	809.046	0.157407	0.842593	0.151578	0.752401	0.0960219	0.966667	0.0333333
0.217	4.500	950	35848.4	1850.27	0	1015.95	809.045	0.187243	0.812757	0.157064	0.748285	0.0946502	0.966667	0.0333333
0.218	4.500	950	35018	1850.34	0	1015.95	809.045	0.173868	0.826132	0.163237	0.74417	0.0925926	0.962963	0.037037
0.219	4.500	950	34922.4	1850.4	0	1015.95	809.044	0.165638	0.834362	0.14952	0.758573	0.0919067	0.962963	0.037037
0.22	4.500	950	34672.7	1850.41	0	1015.95	809.044	0.171811	0.828189	0.156379	0.752743	0.0908779	0.962963	0.037037
0.221	4.500	950	34919.5	1850.41	0	1015.95	809.044	0.159465	0.840535	0.137174	0.770919	0.0919067	0.97037	0.0296296
0.222	4.500	950	34637.8	1850.37	0	1015.95	809.045	0.166667	0.833333	0.146091	0.762689	0.0912209	0.981481	0.0185185
0.223	4.500	950	33295.6	1850.56	0	1015.94	809.042	0.173868	0.826132	0.144033	0.768519	0.0874486	0.974074	0.0259259
0.224	4.500	950	32629.7	1850.67	0	1015.94	809.041	0.183128	0.816872	0.152949	0.760631	0.0864198	0.97037	0.0296296
0.225	4.500	950	33078.9	1850.57	0	1015.94	809.042	0.161523	0.838477	0.145405	0.767147	0.0874486	0.974074	0.0259259
0.226	4.500	950	33547.3	1850.52	0	1015.94	809.043	0.160494	0.839506	0.138546	0.772977	0.0884774	0.974074	0.0259259
0.227	4.500	950	32809	1850.63	0	1015.94	809.041	0.167695	0.832305	0.144719	0.768176	0.0871056	0.97037	0.0296296
0.228	4.500	950	33411	1850.56	0	1015.94	809.042	0.176955	0.823045	0.155007	0.756859	0.0881344	0.977778	0.0222222
0.229	4.500	950	33324.8	1850.62	0	1015.95	809.041	0.185185	0.814815	0.159808	0.753086	0.0871056	0.977778	0.0222222
0.23	4.500	950	33359	1850.61	0	1015.95	809.041	0.175926	0.824074	0.165295	0.747257	0.0874486	0.977778	0.0222222
0.231	4.500	950	35310	1850.41	0	1015.95	809.044	0.177984	0.822016	0.152263	0.754458	0.0932785	0.974074	0.0259259
0.232	4.500	950	33797.7	1850.62	0	1015.95	809.041	0.157407	0.842593	0.153635	0.757545	0.0888203	0.981481	0.0185185
0.233	4.500	950	34445.3	1850.52	0	1015.95	809.042	0.148148	0.851852	0.167353	0.742112	0.090535	0.985185	0.0148148
0.234	4.500	950	33967.1	1850.53	0	1015.95	809.042	0.15535	0.84465	0.16118	0.749314	0.0895062	0.988889	0.0111111
0.235	4.500	950	34110.8	1850.56	0	1015.95	809.042	0.177984	0.822016	0.170782	0.739712	0.0895062	0.985185	0.0148148
0.236	4.500	950	32946.8	1850.77	0	1015.95	809.039	0.179012	0.820988	0.15775	0.75583	0.0864198	0.985185	0.0148148
0.237	4.500	950	33461.8	1850.7	0	1015.95	809.04	0.18107	0.81893	0.174897	0.736283	0.0888203	0.985185	0.0148148
0.238	4.500	950	33790.1	1850.67	0	1015.95	809.04	0.176955	0.823045	0.159808	0.750686	0.0895062	0.992593	0.00740741
0.239	4.500	950	34558.3	1850.62	0	1015.95	809.041	0.190329	0.809671	0.163923	0.744513	0.0915638	0.992593	0.00740741
0.24	4.500	950	34706.1	1850.58	0	1015.95	809.041	0.182099	0.817901	0.164609	0.743484	0.0919067	0.992593	0.00740741
0.241	4.500	950	34879.5	1850.58	0	1015.95	809.041	0.185185	0.814815	0.155693	0.752058	0.0922497	0.988889	0.0111111
0.242	4.500	950	35239.3	1850.52	0	1015.95	809.042	0.187243	0.812757	0.158436	0.747257	0.0943073	0.985185	0.0148148
0.243	4.500	950	34892.2	1850.58	0	1015.95	809.041	0.19856	0.80144	0.170782	0.735254	0.0939643	0.985185	0.0148148
0.244	4.500	950	34958.3	1850.62	0	1015.95	809.04	0.192387	0.807613	0.175583	0.729424	0.0949931	0.985185	0.0148148
0.245	4.500	950	35443.2	1850.55	0	1015.95	809.041	0.194444	0.805556	0.187243	0.717078	0.095679	0.985185	0.0148148
0.246	4.500	950	36188.4	1850.45	0	1015.95	809.042	0.177984	0.822016	0.181756	0.719822	0.0984225	0.985185	0.0148148
0.247	4.500	950	35266	1850.53	0	1015.95	809.042	0.182099	0.817901	0.167353	0.737311	0.0953361	0.985185	0.0148148
0.248	4.500	950	35379.8	1850.49	0	1015.95	809.042	0.19856	0.80144	0.171468	0.733196	0.0953361	0.985185	0.0148148
0.249	4.500	950	34682.9	1850.55	0	1015.95	809.042	0.187243	0.812757	0.154321	0.752058	0.0936214	0.985185	0.0148148
0.25	4.500	950	34583.6	1850.55	0	1015.95	809.042	0.176955	0.823045	0.162551	0.744513	0.0929355	0.985185	0.0148148
0.251	4.500	950	33925.7	1850.68	0	1015.95	809.04	0.202675	0.797325	0.168038	0.741084	0.0908779	0.985185	0.0148148
0.252	4.500	950	35138.5	1850.54	0	1015.95	809.042	0.196502	0.803498	0.17284	0.733539	0.0936214	0.981481	0.0185185
0.253	4.500	950	35245.4	1850.49	0	1015.95	809.042	0.183128	0.816872	0.168038	0.737997	0.0939643	0.981481	0.0185185
0.254	4.500	950	35685.4	1850.46	0	1015.95	809.043	0.188272	0.811728	0.170096	0.735597	0.0943073	0.974074	0.0259259
0.255	4.500	950	34996.3	1850.5	0	1015.95	809.042	0.169753	0.830247	0.176955	0.73011	0.0929355	0.977778	0.0222222
0.256	4.500	950	35009.1	1850.47	0	1015.95	809.043	0.176955	0.823045	0.185185	0.721193	0.0936214	0.981481	0.0185185
0.257	4.500	950	34559.6	1850.48	0	1015.95	809.043	0.18107	0.81893	0.179698	0.727709	0.0925926	0.974074	0.0259259
0.258	4.500	950	34127.8	1850.55	0	1015.95	809.042	0.191358	0.808642	0.168038	0.740741	0.0912209	0.977778	0.0222222
0.259	4.500	950	34717.8	1850.55	0	1015.95	809.042	0.183128	0.816872	0.174211	0.732853	0.0929355	0.977778	0.0222222
0.26	4.500	950	35658.8	1850.39	0	1015.95	809.044	0.179012	0.820988	0.173525	0.730453	0.0960219	0.977778	0.0222222
0.261	4.500	950	35688.9	1850.4	0	1015.95	809.043	0.18107	0.81893	0.168724	0.734911	0.0963649	0.977778	0.0222222
0.262	4.500	950	35477.7	1850.43	0	1015.95	809.043	0.169753	0.830247	0.167353	0.737997	0.0946502	0.97037	0.0296296
0.263	4.500	950	36359.5	1850.39	0	1015.95	809.043	0.170782	0.829218	0.161866	0.740741	0.0973937	0.974074	0.0259259
0.264	4.500	950	36481.8	1850.35	0	1015.95	809.044	0.171811	0.828189	0.152263	0.750343	0.0973937	0.966667	0.0333333
0.265	4.500	950	37264.5	1850.24	0	1015.96	809.045	0.180041	0.819959	0.158436	0.742112	0.0994513	0.966667	0.0333333
0.266	4.500	950	36194.5	1850.41	0	1015.95	809.043	0.1893	0.8107	0.159808	0.743484	0.0967078	0.97037	0.0296296
0.267	4.500	950	36246	1850.39	0	1015.95	809.043	0.177984	0.822016	0.152949	0.750343	0.0967078	0.974074	0.0259259
0.268	4.500	950	36617.8	1850.35	0	1015.95	809.044	0.17284	0.82716	0.154321	0.747257	0.0984225	0.977778	0.0222222
0.269	4.500	950	35591.1	1850.42	0	1015.95	809.043	0.175926	0.824074	0.151578	0.752743	0.095679	0.981481	0.0185185
0.27	4.500	950	35587.6	1850.43	0	1015.95	809.043	0.180041	0.819959	0.16118	0.743141	0.095679	0.977778	0.0222222
0.271	4.500	950	35002.9	1850.49	0	1015.95	809.042	0.166667	0.833333	0.17284	0.732853	0.0943073	0.977778	0.0222222
0.272	4.500	950	35660.7	1850.41	0	1015.95	809.043	0.166667	0.833333	0.150206	0.753429	0.0963649	0.974074	0.0259259
0.273	4.500	950	35553.5	1850.44	0	1015.95	809.043	0.16358	0.83642	0.146776	0.756516	0.0967078	0.977778	0.0222222
0.274	4.500	950	36092.1	1850.3	0	1015.95	809.045	0.150206	0.849794	0.150206	0.752058	0.0977366	0.977778	0.0222222
0.275	4.500	950	35949.3	1850.28	0	1015.95	809.045	0.162551	0.837449	0.146091	0.756516	0.0973937	0.977778	0.0222222
0.276	4.500	950	36507.8	1850.26	0	1015.95	809.045	0.175926	0.824074	0.134431	0.765775	0.0997942	0.977778	0.0222222
0.277	4.500	950	36380.8	1850.24	0	1015.95	809.046	0.195473	0.804527	0.158436	0.742455	0.0991084	0.977778	0.0222222
0.278	4.500	950	35271.6	1850.36	0	1015.95	809.044	0.177984	0.822016	0.159122	0.743827	0.0970508	0.974074	0.0259259
0.279	4.500	950	35974.2	1850.27	0	1015.95	809.045	0.16358	0.83642	0.14952	0.753086	0.0973937	0.981481	0.0185185
0.28	4.500	950	35331.9	1850.36	0	1015.95	809.044	0.17284	0.82716	0.143347	0.761317	0.0953361	0.981481	0.0185185
0.281	4.500	950	36161.7	1850.27	0	1015.95	809.045	0.1893	0.8107	0.139918	0.762689	0.0973937	0.977778	0.0222222
0.282	4.500	950	36008.2	1850.29	0	1015.95	809.045	0.170782	0.829218	0.159122	0.743484	0.0973937	0.988889	0.0111111
0.283	4.500	950	37009.8	1850.18	0	1015.95	809.046	0.190329	0.809671	0.150892	0.749657	0.0994513	0.985185	0.0148148
0.284	4.500	950	37076.2	1850.17	0	1015.95	809.046	0.188272	0.811728	0.14952	0.750686	0.0997942	0.97037	0.0296296
0.285	4.500	950	37662.3	1850.1	0	1015.95	809.047	0.165638	0.834362	0.152949	0.745885	0.101166	0.966667	0.0333333
0.286	4.500	950	37569.9	1850.17	0	1015.96	809.046	0.156379	0.843621	0.144719	0.754801	0.10048	0.97037	0.0296296
0.287	4.500	950	37705.8	1850.17	0	1015.96	809.046	0.164609	0.835391	0.142661	0.756173	0.101166	0.974074	0.0259259
0.288	4.500	950	37257.3	1850.23	0	1015.95	809.045	0.164609	0.835391	0.144719	0.755144	0.100137	0.97037	0.0296296
0.289	4.500	950	38405.6	1850.09	0	1015.96	809.047	0.171811	0.828189	0.136488	0.761317	0.102195	0.966667	0.0333333
0.29	4.500	950	38124.9	1850.11	0	1015.96	809.047	0.159465	0.840535	0.133059	0.765089	0.101852	0.966667	0.0333333
0.291	4.500	950	38335.1	1850.12	0	1015.96	809.047	0.171811	0.828189	0.150892	0.746228	0.102881	0.966667	0.0333333
0.292	4.500	950	37207.4	1850.27	0	1015.96	809.045	0.169753	0.830247	0.150206	0.75	0.0997942	0.974074	0.0259259
0.293	4.500	950	37822.9	1850.2	0	1015.96	809.046	0.15535	0.84465	0.150206	0.747257	0.102538	0.974074	0.0259259
0.294	4.500	950	37728	1850.16	0	1015.96	809.046	0.160494	0.839506	0.153635	0.743484	0.102881	0.97037	0.0296296
0.295	4.500	950	37019.1	1850.19	0	1015.95	809.046	0.177984	0.822016	0.152263	0.746914	0.100823	0.97037	0.0296296
0.296	4.500	950	37361.5	1850.11	0	1015.95	809.047	0.171811	0.828189	0.156379	0.742798	0.100823	0.974074	0.0259259
0.297	4.500	950	37486.8	1850.1	0	1015.95	809.047	0.180041	0.819959	0.165981	0.733196	0.100823	0.981481	0.0185185
0.298	4.500	950	37119.5	1850.14	0	1015.95	809.047	0.154321	0.845679	0.150206	0.750343	0.0994513	0.985185	0.0148148
0.299	4.500	950	36449.4	1850.23	0	1015.95	809.046	0.171811	0.828189	0.150892	0.751372	0.0977366	0.985185	0.0148148
0.3	4.500	950	36204.1	1850.21	0	1015.95	809.046	0.174897	0.825103	0.160494	0.742798	0.0967078	0.977778	0.0222222
0.301	4.500	950	36526.1	1850.2	0	1015.95	809.046	0.170782	0.829218	0.150206	0.752743	0.0970508	0.974074	0.0259259
0.302	4.500	950	37193.7	1850.15	0	1015.95	809.047	0.192387	0.807613	0.144719	0.756173	0.0991084	0.977778	0.0222222
0.303	4.500	950	36902.5	1850.21	0	1015.95	809.046	0.175926	0.824074	0.154321	0.746914	0.0987654	0.977778	0.0222222
0.304	4.500	950	37783.3	1850.09	0	1015.95	809.047	0.171811	0.828189	0.158436	0.740741	0.100823	0.977778	0.0222222
0.305	4.500	950	37081.8	1850.16	0	1015.95	809.046	0.168724	0.831276	0.150892	0.750686	0.0984225	0.981481	0.0185185
0.306	4.500	950	37698.3	1850.15	0	1015.96	809.046	0.152263	0.847737	0.158436	0.741427	0.100137	0.981481	0.0185185
0.307	4.500	950	38025.7	1850.12	0	1015.96	809.047	0.153292	0.846708	0.151578	0.746914	0.101509	0.981481	0.0185185
0.308	4.500	950	37996	1850.08	0	1015.96	809.047	0.169753	0.830247	0.142661	0.756173	0.101166	0.981481	0.0185185
0.309	4.500	950	38079.1	1850.07	0	1015.96	809.047	0.166667	0.833333	0.144033	0.754115	0.101852	0.981481	0.0185185
0.31	4.500	950	37982.4	1850.06	0	1015.95	809.048	0.159465	0.840535	0.147462	0.750343	0.102195	0.977778	0.0222222
0.311	4.500	950	38915.8	1849.94	0	1015.96	809.049	0.171811	0.828189	0.143347	0.752058	0.104595	0.974074	0.0259259
0.312	4.500	950	39225.3	1849.92	0	1015.96	809.049	0.170782	0.829218	0.143347	0.750686	0.105967	0.974074	0.0259259
0.313	4.500	950	38065	1850.02	0	1015.95	809.048	0.168724	0.831276	0.13786	0.759945	0.102195	0.981481	0.0185185
0.314	4.500	950	39062.3	1849.92	0	1015.96	809.049	0.160494	0.839506	0.151578	0.744513	0.103909	0.981481	0.0185185
0.315	4.500	950	38279.9	1850.03	0	1015.96	809.048	0.158436	0.841564	0.135802	0.762689	0.101509	0.992593	0.00740741
0.316	4.500	950	39206.5	1849.91	0	1015.96	809.049	0.165638	0.834362	0.152949	0.743484	0.103567	0.988889	0.0111111
0.317	4.500	950	38875.8	1849.97	0	1015.96	809.049	0.156379	0.843621	0.145405	0.751715	0.102881	0.981481	0.0185185
0.318	4.500	950	38304.5	1850.04	0	1015.96	809.048	0.17284	0.82716	0.14952	0.748285	0.102195	0.974074	0.0259259
0.319	4.500	950	38736.8	1849.97	0	1015.96	809.049	0.162551	0.837449	0.131001	0.766118	0.102881	0.974074	0.0259259
0.32	4.500	950	38150.4	1850.05	0	1015.96	809.048	0.158436	0.841564	0.140604	0.75823	0.101166	0.974074	0.0259259
0.321	4.500	950	38440.2	1850.01	0	1015.96	809.048	0.143004	0.856996	0.145405	0.752058	0.102538	0.966667	0.0333333
0.322	4.500	950	38248.6	1850.01	0	1015.96	809.048	0.16358	0.83642	0.13786	0.759945	0.102195	0.966667	0.0333333
0.323	4.500	950	37882.5	1850.09	0	1015.95	809.047	0.158436	0.841564	0.153635	0.744856	0.101509	0.966667	0.0333333
0.324	4.500	950	38007.9	1850.04	0	1015.95	809.048	0.180041	0.819959	0.150892	0.747599	0.101509	0.974074	0.0259259
0.325	4.500	950	36693.8	1850.17	0	1015.95	809.047	0.171811	0.828189	0.146776	0.755144	0.0980796	0.966667	0.0333333
0.326	4.500	950	36171.6	1850.27	0	1015.95	809.045	0.183128	0.816872	0.172154	0.731824	0.0960219	0.97037	0.0296296
0.327	4.500	950	37008.7	1850.14	0	1015.95	809.047	0.171811	0.828189	0.151578	0.750686	0.0977366	0.974074	0.0259259
0.328	4.500	950	37174.2	1850.07	0	1015.95	809.048	0.166667	0.833333	0.144033	0.757545	0.0984225	0.977778	0.0222222
0.329	4.500	950	38247.3	1849.93	0	1015.95	809.049	0.179012	0.820988	0.141289	0.757545	0.101166	0.977778	0.0222222
0.33	4.500	950	39373.5	1849.79	0	1015.96	809.051	0.175926	0.824074	0.139918	0.756173	0.103909	0.977778	0.0222222
0.331	4.500	950	39121.1	1849.78	0	1015.95	809.051	0.166667	0.833333	0.128258	0.767833	0.103909	0.981481	0.0185185
0.332	4.500	950	39853	1849.6	0	1015.95	809.054	0.182099	0.817901	0.159122	0.735254	0.105624	0.981481	0.0185185
0.333	4.500	950	39742.8	1849.62	0	1015.95	809.053	0.177984	0.822016	0.141289	0.752743	0.105967	0.977778	0.0222222
0.334	4.500	950	40315.9	1849.54	0	1015.95	809.054	0.161523	0.838477	0.127572	0.764746	0.107682	0.981481	0.0185185
0.335	4.500	950	40113	1849.57	0	1015.95	809.054	0.159465	0.840535	0.132373	0.761317	0.10631	0.981481	0.0185185
0.336	4.500	950	40872.5	1849.49	0	1015.96	809.055	0.157407	0.842593	0.119342	0.772291	0.108368	0.981481	0.0185185
0.337	4.500	950	42116.1	1849.45	0	1015.96	809.055	0.149177	0.850823	0.113169	0.775034	0.111797	0.981481	0.0185185
0.338	4.500	950	41077.7	1849.58	0	1015.96	809.053	0.160494	0.839506	0.111111	0.778807	0.110082	0.981481	0.0185185
0.339	4.500	950	41202.5	1849.54	0	1015.96	809.054	0.151235	0.848765	0.117284	0.771948	0.110768	0.981481	0.0185185
0.34	4.500	950	40189.4	1849.65	0	1015.96	809.053	0.170782	0.829218	0.130316	0.761317	0.108368	0.985185	0.0148148
0.341	4.500	950	38918.1	1849.76	0	1015.95	809.052	0.168724	0.831276	0.115226	0.780521	0.104252	0.981481	0.0185185
0.342	4.500	950	38528.2	1849.87	0	1015.95	809.05	0.175926	0.824074	0.127572	0.769204	0.103224	0.977778	0.0222222
0.343	4.500	950	38655.3	1849.81	0	1015.95	809.051	0.184156	0.815844	0.137174	0.759945	0.102881	0.974074	0.0259259
0.344	4.500	950	39687	1849.67	0	1015.95	809.053	0.166667	0.833333	0.135802	0.759602	0.104595	0.974074	0.0259259
0.345	4.500	950	38956.3	1849.73	0	1015.95	809.052	0.153292	0.846708	0.139232	0.757888	0.102881	0.977778	0.0222222
0.346	4.500	950	37674.3	1849.91	0	1015.95	809.05	0.150206	0.849794	0.126886	0.772977	0.100137	0.977778	0.0222222
0.347	4.500	950	38271.5	1849.87	0	1015.95	809.05	0.160494	0.839506	0.124143	0.774348	0.101509	0.981481	0.0185185
0.348	4.500	950	38492.7	1849.85	0	1015.95	809.051	0.164609	0.835391	0.124143	0.774348	0.101509	0.977778	0.0222222
0.349	4.500	950	37882.7	1849.92	0	1015.95	809.05	0.16358	0.83642	0.133059	0.767147	0.0997942	0.981481	0.0185185
0.35	4.500	950	37149.2	1849.97	0	1015.95	809.049	0.176955	0.823045	0.121399	0.780864	0.0977366	0.985185	0.0148148
0.351	4.500	950	37239.2	1850.06	0	1015.95	809.048	0.169753	0.830247	0.1262	0.77572	0.0980796	0.985185	0.0148148
0.352	4.500	950	37362.6	1850.06	0	1015.95	809.048	0.169753	0.830247	0.127572	0.774348	0.0980796	0.985185	0.0148148
0.353	4.500	950	37073.6	1850.1	0	1015.95	809.047	0.173868	0.826132	0.136488	0.766461	0.0970508	0.985185	0.0148148
0.354	4.500	950	37757.7	1849.97	0	1015.95	809.049	0.169753	0.830247	0.134431	0.766461	0.0991084	0.985185	0.0148148
0.355	4.500	950	37708.4	1849.98	0	1015.95	809.049	0.164609	0.835391	0.132373	0.769204	0.0984225	0.988889	0.0111111
0.356	4.500	950	38553.5	1849.91	0	1015.95	809.05	0.16358	0.83642	0.141289	0.757202	0.101509	0.985185	0.0148148
0.357	4.500	950	39368.9	1849.86	0	1015.96	809.05	0.173868	0.826132	0.118656	0.778121	0.103224	0.988889	0.0111111
0.358	4.500	950	38471	1850.04	0	1015.96	809.048	0.15535	0.84465	0.122771	0.77572	0.101509	0.985185	0.0148148
0.359	4.500	950	38887.6	1850	0	1015.96	809.048	0.164609	0.835391	0.128258	0.768861	0.102881	0.985185	0.0148148
0.36	4.500	950	38738.3	1849.97	0	1015.96	809.049	0.16358	0.83642	0.127572	0.770919	0.101509	0.981481	0.0185185
0.361	4.500	950	39598.8	1849.86	0	1015.96	809.05	0.167695	0.832305	0.124143	0.772291	0.103567	0.981481	0.0185185
0.362	4.500	950	39212.5	1849.87	0	1015.96	809.05	0.171811	0.828189	0.130316	0.76749	0.102195	0.977778	0.0222222
0.363	4.500	950	39818.2	1849.86	0	1015.96	809.05	0.168724	0.831276	0.137174	0.75823	0.104595	0.977778	0.0222222
0.364	4.500	950	39940.9	1849.83	0	1015.96	809.05	0.162551	0.837449	0.139232	0.75583	0.104938	0.974074	0.0259259
0.365	4.500	950	39416.2	1849.87	0	1015.96	809.05	0.160494	0.839506	0.138546	0.756859	0.104595	0.974074	0.0259259
0.366	4.500	950	38739.8	1849.9	0	1015.95	809.05	0.166667	0.833333	0.141975	0.755487	0.102538	0.977778	0.0222222
0.367	4.500	950	38681.3	1849.92	0	1015.96	809.049	0.160494	0.839506	0.13786	0.758916	0.103224	0.974074	0.0259259
0.368	4.500	950	39473.2	1849.86	0	1015.96	809.05	0.166667	0.833333	0.151578	0.743827	0.104595	0.981481	0.0185185
0.369	4.500	950	39009.4	1849.91	0	1015.96	809.049	0.171811	0.828189	0.152263	0.744513	0.103224	0.977778	0.0222222
0.37	4.500	950	38849.4	1849.9	0	1015.96	809.05	0.164609	0.835391	0.145405	0.751715	0.102881	0.974074	0.0259259
0.371	4.500	950	38995.1	1849.9	0	1015.96	809.05	0.165638	0.834362	0.143347	0.752743	0.103909	0.97037	0.0296296
0.372	4.500	950	38396.5	1849.98	0	1015.96	809.049	0.16358	0.83642	0.148148	0.749657	0.102195	0.977778	0.0222222
0.373	4.500	950	38548.6	1849.94	0	1015.95	809.049	0.156379	0.843621	0.14952	0.748285	0.102195	0.974074	0.0259259
0.374	4.500	950	38561.8	1850.01	0	1015.96	809.048	0.15535	0.84465	0.138546	0.757545	0.103909	0.974074	0.0259259
0.375	4.500	950	39030.9	1849.98	0	1015.96	809.048	0.156379	0.843621	0.146776	0.748628	0.104595	0.981481	0.0185185
0.376	4.500	950	39120.3	1849.98	0	1015.96	809.048	0.168724	0.831276	0.144033	0.752401	0.103567	0.988889	0.0111111
0.377	4.500	950	37766.7	1850.13	0	1015.96	809.047	0.147119	0.852881	0.141975	0.757545	0.10048	0.988889	0.0111111
0.378	4.500	950	36958.9	1850.2	0	1015.95	809.046	0.18107	0.81893	0.148834	0.751372	0.0997942	0.988889	0.0111111
0.379	4.500	950	37075.7	1850.2	0	1015.95	809.046	0.18107	0.81893	0.153635	0.746914	0.0994513	0.988889	0.0111111
0.38	4.500	950	38119.9	1850.08	0	1015.96	809.047	0.154321	0.845679	0.162551	0.735597	0.101852	0.985185	0.0148148
0.381	4.500	950	37360.4	1850.16	0	1015.95	809.046	0.176955	0.823045	0.163237	0.736626	0.100137	0.985185	0.0148148
0.382	4.500	950	37024.5	1850.16	0	1015.95	809.047	0.166667	0.833333	0.152949	0.747599	0.0994513	0.988889	0.0111111
0.383	4.500	950	37510.2	1850.14	0	1015.95	809.047	0.161523	0.838477	0.174211	0.724623	0.101166	0.992593	0.00740741
0.384	4.500	950	37542	1850.13	0	1015.95	809.047	0.174897	0.825103	0.148834	0.748628	0.102538	0.992593	0.00740741
0.385	4.500	950	35981.8	1850.3	0	1015.95	809.045	0.180041	0.819959	0.143347	0.758573	0.0980796	0.992593	0.00740741
0.386	4.500	950	36363.9	1850.27	0	1015.95	809.045	0.162551	0.837449	0.159808	0.74177	0.0984225	0.992593	0.00740741
0.387	4.500	950	37116.6	1850.2	0	1015.95	809.046	0.169753	0.830247	0.141975	0.757888	0.100137	0.992593	0.00740741
0.388	4.500	950	37488.3	1850.18	0	1015.95	809.046	0.169753	0.830247	0.156379	0.743141	0.10048	0.996296	0.0037037
0.389	4.500	950	38013.2	1850.11	0	1015.96	809.047	0.165638	0.834362	0.141289	0.75583	0.102881	0.996296	0.0037037
0.39	4.500	950	37530.9	1850.16	0	1015.95	809.046	0.174897	0.825103	0.145405	0.753429	0.101166	0.996296	0.0037037
0.391	4.500	950	38221.5	1850.04	0	1015.96	809.048	0.157407	0.842593	0.155693	0.742112	0.102195	0.996296	0.0037037
0.392	4.500	950	38145.2	1850.03	0	1015.95	809.048	0.170782	0.829218	0.151578	0.746571	0.101852	0.996296	0.0037037
0.393	4.500	950	38930.1	1849.92	0	1015.96	809.049	0.17284	0.82716	0.138546	0.757545	0.103909	0.996296	0.0037037
0.394	4.500	950	39169.8	1849.87	0	1015.96	809.05	0.166667	0.833333	0.147462	0.747942	0.104595	0.996296	0.0037037
0.395	4.500	950	39236.6	1849.88	0	1015.96	809.05	0.159465	0.840535	0.141289	0.754115	0.104595	0.992593	0.00740741
0.396	4.500	950	39334.1	1849.87	0	1015.96	809.05	0.169753	0.830247	0.127572	0.76749	0.104938	0.992593	0.00740741
0.397	4.500	950	39315.1	1849.85	0	1015.96	809.05	0.161523	0.838477	0.144719	0.750343	0.104938	0.992593	0.00740741
0.398	4.500	950	40906.9	1849.68	0	1015.96	809.052	0.166667	0.833333	0.139918	0.751372	0.108711	0.988889	0.0111111
0.399	4.500	950	40398.2	1849.68	0	1015.96	809.052	0.158436	0.841564	0.132373	0.760288	0.107339	0.992593	0.00740741
0.4	4.500	950	40065.5	1849.7	0	1015.96	809.052	0.173868	0.826132	0.123457	0.769204	0.107339	0.988889	0.0111111
0.401	4.500	950	38558.6	1849.78	0	1015.95	809.052	0.192387	0.807613	0.140604	0.75583	0.103567	0.985185	0.0148148
0.402	4.500	950	39589.9	1849.68	0	1015.95	809.053	0.177984	0.822016	0.126886	0.767147	0.105967	0.981481	0.0185185
0.403	4.500	950	39776.2	1849.66	0	1015.95	809.053	0.18107	0.81893	0.133745	0.759945	0.10631	0.981481	0.0185185
0.404	4.500	950	40376.3	1849.56	0	1015.96	809.054	0.174897	0.825103	0.131687	0.761317	0.106996	0.981481	0.0185185
0.405	4.500	950	39792.1	1849.56	0	1015.95	809.054	0.170782	0.829218	0.135802	0.758573	0.105624	0.981481	0.0185185
0.406	4.500	950	39832.7	1849.55	0	1015.95	809.054	0.156379	0.843621	0.135802	0.75823	0.105967	0.985185	0.0148148
0.407	4.500	950	40220.3	1849.53	0	1015.95	809.054	0.161523	0.838477	0.127572	0.766118	0.10631	0.985185	0.0148148
0.408	4.500	950	39686.6	1849.59	0	1015.95	809.054	0.161523	0.838477	0.122771	0.771948	0.105281	0.985185	0.0148148
0.409	4.500	950	38760.2	1849.76	0	1015.95	809.052	0.161523	0.838477	0.138546	0.757888	0.103567	0.985185	0.0148148
0.41	4.500	950	38739.7	1849.78	0	1015.95	809.051	0.16358	0.83642	0.137174	0.759259	0.103567	0.988889	0.0111111
0.411	4.500	950	38871.8	1849.75	0	1015.95	809.052	0.164609	0.835391	0.124829	0.772291	0.102881	0.992593	0.00740741
0.412	4.500	950	40171.1	1849.64	0	1015.96	809.053	0.161523	0.838477	0.123457	0.76989	0.106653	0.992593	0.00740741
0.413	4.500	950	39427.8	1849.78	0	1015.96	809.051	0.167695	0.832305	0.128944	0.765432	0.105624	0.988889	0.0111111
0.414	4.500	950	39112.6	1849.81	0	1015.95	809.051	0.171811	0.828189	0.133059	0.763032	0.103909	0.988889	0.0111111
0.415	4.500	950	38337.6	1849.94	0	1015.95	809.049	0.167695	0.832305	0.116598	0.781893	0.101509	0.988889	0.0111111
0.416	4.500	950	39371.7	1849.81	0	1015.96	809.051	0.164609	0.835391	0.128944	0.767147	0.103909	0.992593	0.00740741
0.417	4.500	950	39285.6	1849.8	0	1015.96	809.051	0.186214	0.813786	0.130316	0.766118	0.103567	0.992593	0.00740741
0.418	4.500	950	39176	1849.87	0	1015.96	809.05	0.174897	0.825103	0.139918	0.756516	0.103567	0.992593	0.00740741
0.419	4.500	950	40559.2	1849.71	0	1015.96	809.052	0.168724	0.831276	0.12963	0.763717	0.106653	0.992593	0.00740741
0.42	4.500	950	39270.7	1849.86	0	1015.96	809.05	0.158436	0.841564	0.132373	0.765432	0.102195	0.988889	0.0111111
0.421	4.500	950	38727.5	1849.96	0	1015.96	809.049	0.173868	0.826132	0.154321	0.743827	0.101852	0.992593	0.00740741
0.422	4.500	950	38447.6	1850.03	0	1015.96	809.048	0.167695	0.832305	0.140604	0.75823	0.101166	0.988889	0.0111111
0.423	4.500	950	37265.2	1850.15	0	1015.95	809.047	0.16358	0.83642	0.145405	0.757202	0.0973937	0.985185	0.0148148
0.424	4.500	950	37727.2	1850.08	0	1015.95	809.047	0.162551	0.837449	0.14952	0.752058	0.0984225	0.988889	0.0111111
0.425	4.500	950	37096.8	1850.14	0	1015.95	809.047	0.158436	0.841564	0.143347	0.759602	0.0970508	0.981481	0.0185185
0.426	4.500	950	37636.9	1850.08	0	1015.95	809.047	0.17284	0.82716	0.152949	0.748285	0.0987654	0.981481	0.0185185
0.427	4.500	950	37438.5	1850.12	0	1015.95	809.047	0.180041	0.819959	0.139918	0.761317	0.0987654	0.985185	0.0148148
0.428	4.500	950	37364.9	1850.07	0	1015.95	809.048	0.18107	0.81893	0.155693	0.746571	0.0977366	0.981481	0.0185185
0.429	4.500	950	37357.7	1850.03	0	1015.95	809.048	0.161523	0.838477	0.153635	0.748285	0.0980796	0.981481	0.0185185
0.43	4.500	950	37896.5	1849.96	0	1015.95	809.049	0.183128	0.816872	0.131687	0.768861	0.0994513	0.981481	0.0185185
0.431	4.500	950	36741.5	1850.12	0	1015.95	809.047	0.160494	0.839506	0.140604	0.763374	0.0960219	0.985185	0.0148148
0.432	4.500	950	36561.4	1850.15	0	1015.95	809.047	0.159465	0.840535	0.155007	0.748628	0.0963649	0.985185	0.0148148
0.433	4.500	950	37133.9	1850.13	0	1015.95	809.047	0.153292	0.846708	0.155007	0.747257	0.0977366	0.977778	0.0222222
0.434	4.500	950	37641.9	1850.11	0	1015.95	809.047	0.162551	0.837449	0.156379	0.74417	0.0994513	0.977778	0.0222222
0.435	4.500	950	37247.9	1850.15	0	1015.95	809.046	0.160494	0.839506	0.144719	0.75583	0.0994513	0.985185	0.0148148
0.436	4.500	950	37173.9	1850.19	0	1015.95	809.046	0.168724	0.831276	0.147462	0.752743	0.0997942	0.985185	0.0148148
0.437	4.500	950	38492.8	1850.02	0	1015.96	809.048	0.158436	0.841564	0.155007	0.741427	0.103567	0.981481	0.0185185
0.438	4.500	950	39674.5	1849.85	0	1015.96	809.05	0.167695	0.832305	0.154321	0.739026	0.106653	0.985185	0.0148148
0.439	4.500	950	38401	1850.02	0	1015.96	809.048	0.166667	0.833333	0.166667	0.729767	0.103567	0.977778	0.0222222
0.44	4.500	950	40049.8	1849.91	0	1015.96	809.049	0.162551	0.837449	0.165981	0.726337	0.107682	0.981481	0.0185185
0.441	4.500	950	40260.8	1849.89	0	1015.96	809.049	0.160494	0.839506	0.151578	0.740055	0.108368	0.981481	0.0185185
0.442	4.500	950	40377.7	1849.86	0	1015.96	809.049	0.179012	0.820988	0.141289	0.749657	0.109053	0.981481	0.0185185
0.443	4.500	950	39301.1	1849.95	0	1015.96	809.049	0.174897	0.825103	0.135117	0.758916	0.105967	0.985185	0.0148148
0.444	4.500	950	37934.8	1850.05	0	1015.95	809.048	0.175926	0.824074	0.148148	0.75	0.101852	0.977778	0.0222222
0.445	4.500	950	37572.6	1850.1	0	1015.95	809.047	0.16358	0.83642	0.144719	0.754801	0.10048	0.977778	0.0222222
0.446	4.500	950	38230.6	1850.03	0	1015.96	809.048	0.180041	0.819959	0.148148	0.75	0.101852	0.977778	0.0222222
0.447	4.500	950	39674.6	1849.89	0	1015.96	809.049	0.166667	0.833333	0.146776	0.748285	0.104938	0.974074	0.0259259
0.448	4.500	950	40371.2	1849.78	0	1015.96	809.051	0.164609	0.835391	0.146091	0.747599	0.10631	0.974074	0.0259259
0.449	4.500	950	39643	1849.9	0	1015.96	809.049	0.175926	0.824074	0.135802	0.760288	0.103909	0.977778	0.0222222
0.45	4.500	950	37669.1	1850.14	0	1015.96	809.046	0.175926	0.824074	0.12963	0.771605	0.0987654	0.974074	0.0259259
0.451	4.500	950	36623.4	1850.19	0	1015.95	809.046	0.176955	0.823045	0.137174	0.767147	0.095679	0.974074	0.0259259
0.452	4.500	950	37287.9	1850.12	0	1015.95	809.047	0.183128	0.816872	0.150892	0.752058	0.0970508	0.97037	0.0296296
0.453	4.500	950	37107.4	1850.18	0	1015.95	809.046	0.18107	0.81893	0.155007	0.748971	0.0960219	0.97037	0.0296296
0.454	4.500	950	37271.1	1850.16	0	1015.95	809.046	0.174897	0.825103	0.148834	0.754115	0.0970508	0.977778	0.0222222
0.455	4.500	950	37600.1	1850.11	0	1015.95	809.047	0.19856	0.80144	0.146776	0.755144	0.0980796	0.977778	0.0222222
0.456	4.500	950	37460.7	1850.05	0	1015.95	809.048	0.180041	0.819959	0.158436	0.74417	0.0973937	0.981481	0.0185185
0.457	4.500	950	37962.9	1850.01	0	1015.95	809.048	0.184156	0.815844	0.136488	0.764403	0.0991084	0.985185	0.0148148
0.458	4.500	950	38230	1849.98	0	1015.95	809.049	0.176955	0.823045	0.137174	0.76166	0.101166	0.985185	0.0148148
0.459	4.500	950	38576	1849.93	0	1015.95	809.049	0.184156	0.815844	0.146091	0.752401	0.101509	0.985185	0.0148148
0.46	4.500	950	39236.7	1849.84	0	1015.96	809.05	0.180041	0.819959	0.145405	0.751715	0.102881	0.981481	0.0185185
0.461	4.500	950	38878	1849.84	0	1015.95	809.05	0.171811	0.828189	0.132373	0.765432	0.102195	0.974074	0.0259259
0.462	4.500	950	39817.3	1849.72	0	1015.96	809.052	0.182099	0.817901	0.146091	0.748971	0.104938	0.977778	0.0222222
0.463	4.500	950	38538.3	1849.9	0	1015.95	809.05	0.167695	0.832305	0.134431	0.764403	0.101166	0.981481	0.0185185
0.464	4.500	950	38410.1	1849.87	0	1015.95	809.05	0.156379	0.843621	0.146091	0.754458	0.0994513	0.981481	0.0185185
0.465	4.500	950	37497.9	1849.91	0	1015.95	809.05	0.162551	0.837449	0.141289	0.761317	0.0973937	0.977778	0.0222222
0.466	4.500	950	38305.8	1849.82	0	1015.95	809.051	0.158436	0.841564	0.13786	0.762003	0.100137	0.981481	0.0185185
0.467	4.500	950	38344.1	1849.85	0	1015.95	809.051	0.169753	0.830247	0.131687	0.768176	0.100137	0.974074	0.0259259
0.468	4.500	950	38051.7	1849.9	0	1015.95	809.05	0.168724	0.831276	0.148148	0.752401	0.0994513	0.977778	0.0222222
0.469	4.500	950	36362.9	1850.19	0	1015.95	809.046	0.174897	0.825103	0.12963	0.774348	0.0960219	0.981481	0.0185185
0.47	4.500	950	35501.1	1850.29	0	1015.95	809.045	0.177984	0.822016	0.138546	0.767833	0.0936214	0.981481	0.0185185
0.471	4.500	950	35996.5	1850.21	0	1015.95	809.046	0.182099	0.817901	0.134431	0.770576	0.0949931	0.985185	0.0148148
0.472	4.500	950	36932.2	1850.06	0	1015.95	809.048	0.158436	0.841564	0.143347	0.759945	0.0967078	0.988889	0.0111111
0.473	4.500	950	36116.6	1850.14	0	1015.95	809.047	0.16358	0.83642	0.144719	0.76166	0.0936214	0.988889	0.0111111
0.474	4.500	950	37037.6	1850.07	0	1015.95	809.048	0.139918	0.860082	0.13786	0.764746	0.0973937	0.988889	0.0111111
0.475	4.500	950	37288.6	1850.04	0	1015.95	809.048	0.150206	0.849794	0.144719	0.757202	0.0980796	0.988889	0.0111111
0.476	4.500	950	37415	1850.01	0	1015.95	809.049	0.162551	0.837449	0.132373	0.76989	0.0977366	0.988889	0.0111111
0.477	4.500	950	39340.3	1849.85	0	1015.96	809.05	0.154321	0.845679	0.143347	0.753086	0.103567	0.988889	0.0111111
0.478	4.500	950	39251.7	1849.93	0	1015.96	809.049	0.158436	0.841564	0.142661	0.754801	0.102538	0.977778	0.0222222
0.479	4.500	950	39551.3	1849.92	0	1015.96	809.049	0.150206	0.849794	0.13786	0.759259	0.102881	0.977778	0.0222222
0.48	4.500	950	38345.1	1850.02	0	1015.96	809.048	0.158436	0.841564	0.134431	0.765775	0.0997942	0.977778	0.0222222
0.481	4.500	950	38356.3	1850.03	0	1015.96	809.048	0.169753	0.830247	0.144719	0.754458	0.100823	0.981481	0.0185185
0.482	4.500	950	37945.4	1850.04	0	1015.95	809.048	0.17284	0.82716	0.145405	0.755144	0.0994513	0.977778	0.0222222
0.483	4.500	950	37921.4	1850.06	0	1015.95	809.048	0.182099	0.817901	0.1262	0.773663	0.100137	0.974074	0.0259259
0.484	4.500	950	38298.5	1849.99	0	1015.95	809.049	0.180041	0.819959	0.143347	0.75583	0.100823	0.977778	0.0222222
0.485	4.500	950	38619.3	1849.96	0	1015.96	809.049	0.173868	0.826132	0.13786	0.760631	0.101509	0.977778	0.0222222
0.486	4.500	950	38078.5	1850.06	0	1015.96	809.048	0.174897	0.825103	0.134431	0.764746	0.100823	0.97037	0.0296296
0.487	4.500	950	38150.5	1850.05	0	1015.96	809.048	0.167695	0.832305	0.147462	0.751372	0.101166	0.977778	0.0222222
0.488	4.500	950	36733.5	1850.21	0	1015.95	809.046	0.158436	0.841564	0.145405	0.756859	0.0977366	0.977778	0.0222222
0.489	4.500	950	37385.9	1850.18	0	1015.95	809.046	0.162551	0.837449	0.146091	0.754115	0.0997942	0.977778	0.0222222
0.49	4.500	950	38209.9	1850.08	0	1015.96	809.047	0.160494	0.839506	0.141289	0.757202	0.101509	0.977778	0.0222222
0.491	4.500	950	37604.7	1850.1	0	1015.95	809.047	0.157407	0.842593	0.137174	0.763374	0.0994513	0.974074	0.0259259
0.492	4.500	950	38588.7	1849.95	0	1015.96	809.049	0.179012	0.820988	0.13786	0.759602	0.102538	0.974074	0.0259259
0.493	4.500	950	40097.1	1849.81	0	1015.96	809.05	0.156379	0.843621	0.150892	0.742455	0.106653	0.977778	0.0222222
0.494	4.500	950	40490.6	1849.76	0	1015.96	809.051	0.150206	0.849794	0.120713	0.771948	0.107339	0.974074	0.0259259
0.495	4.500	950	40010.7	1849.81	0	1015.96	809.05	0.156379	0.843621	0.138546	0.755144	0.10631	0.981481	0.0185185
0.496	4.500	950	39491.1	1849.84	0	1015.96	809.05	0.169753	0.830247	0.150892	0.74417	0.104938	0.977778	0.0222222
0.497	4.500	950	40111.7	1849.8	0	1015.96	809.051	0.17284	0.82716	0.158436	0.735254	0.10631	0.974074	0.0259259
0.498	4.500	950	40834.1	1849.71	0	1015.96	809.051	0.167695	0.832305	0.159808	0.730796	0.109396	0.974074	0.0259259
0.499	4.500	950	40570.1	1849.77	0	1015.96	809.051	0.176955	0.823045	0.14952	0.74177	0.108711	0.977778	0.0222222
0.5	4.500	950	40030.4	1849.88	0	1015.96	809.049	0.176955	0.823045	0.153635	0.738683	0.107682	0.977778	0.0222222
