3062.6
2944
2966.6
3017.4
3090.9
2797.1
2994.8
2989.2
3073.9
3051.4
3062.6
3045.7
2938.3
2718
2932.7
2893.1
2977.9
2842.3
3090.9
3113.5
3096.5
3011.8
2972.2
2944
2960.9
2955.3
2831
2949.6
2864.9
2847.9
2667.1
2819.6
2876.2
3011.8
2870.5
3073.9
3164.3
3136.1
2893.1
2955.3
2870.5
2887.5
2768.8
2966.6
2904.4
2932.7
2898.8
3062.6
3107.8
3045.7
3057
3006.1
3102.2
3141.7
3079.6
2768.8
2921.4
2836.6
2842.3
2650.2
2864.9
2847.9
3062.6
2881.8
3045.7
2989.2
2972.2
2819.6
3045.7
3006.1
2994.8
2802.7
2876.2
2780.1
2808.4
2825.3
2904.4
3028.7
3028.7
3068.3
2893.1
3073.9
3017.4
2983.5
2684
2864.9
2949.6
3045.7
2893.1
3113.5
3096.5
3085.2
2853.6
3017.4
3045.7
3107.8
2966.6
3090.9
3017.4
2938.3
2921.4
2842.3
2876.2
2921.4
3034.4
2831
3062.6
3023.1
2938.3
2740.5
2893.1
2864.9
2836.6
2802.7
2989.2
3017.4
3034.4
2831
3017.4
3034.4
3034.4
2972.2
3170
3136.1
3153
3062.6
2921.4
2853.6
2785.8
2802.7
2751.8
3040
3051.4
3079.6
2881.8
3017.4
3000.5
3000.5
2825.3
3034.4
3045.7
3011.8
2802.7
2870.5
2876.2
2904.4
2814
2977.9
3057
3096.5
3113.5
3073.9
3051.4
2949.6
2915.7
2672.7
2859.2
2853.6
2944
2780.1
3051.4
3017.4
2989.2
2842.3
3000.5
3000.5
3158.7
2966.6
3085.2
3023.1
2983.5
2881.8
2983.5
2853.6
2910.1
3028.7
2989.2
3085.2
3062.6
2983.5
2774.5
2893.1
2887.5
2927
2831
2955.3
2944
2949.6
2763.2
2915.7
2960.9
3011.8
2904.4
3113.5
3073.9
2994.8
2853.6
2949.6
2977.9
2949.6
2921.4
2859.2
3006.1
2955.3
3136.1
2915.7
3045.7
2927
2955.3
2808.4
3040
3017.4
2944
2740.5
2955.3
2927
2898.8
2667.1
2915.7
3073.9
3164.3
3023.1
3079.6
3062.6
3017.4
3045.7
2921.4
2915.7
2927
2960.9
2797.1
2960.9
2960.9
2977.9
2881.8
3045.7
3073.9
3068.3
2927
3011.8
2994.8
2932.7
2667.1
2864.9
2893.1
3006.1
2977.9
3113.5
3051.4
3045.7
2983.5
2972.2
3040
3051.4
3102.2
2915.7
2983.5
2893.1
2853.6
2684
2960.9
2989.2
3023.1
2904.4
3090.9
3141.7
3068.3
2814
2859.2
2870.5
2921.4
2825.3
2966.6
2910.1
2977.9
3006.1
2960.9
2949.6
3000.5
2983.5
2955.3
3113.5
3113.5
3011.8
2859.2
2966.6
2983.5
2898.8
2763.2
2938.3
3079.6
3085.2
2842.3
3073.9
2938.3
2949.6
2797.1
2893.1
2847.9
2893.1
2881.8
2808.4
2870.5
2932.7
2972.2
2944
3102.2
3124.8
3175.6
2977.9
3073.9
2983.5
2904.4
2723.6
3006.1
3034.4
3141.7
3011.8
3130.5
3141.7
3181.3
2994.8
3057
3215.2
3215.2
3288.7
3288.7
3294.3
3226.5
3243.5
2955.3
3243.5
3322.6
3367.8
3220.8
3463.8
3384.7
3396
3119.2
3203.9
3102.2
3153
3017.4
3226.5
3215.2
3232.1
3119.2
3367.8
3390.4
3390.4
3435.6
3435.6
3475.1
3469.5
3452.5
3170
3407.3
3463.8
3486.4
3379.1
3599.5
3633.3
3605.1
3452.5
3554.2
3514.7
3492.1
3350.8
3480.8
3452.5
3503.4
3407.3
3469.5
3424.3
3497.7
3543
3571.2
3695.5
3689.9
3684.2
3452.5
3639
3605.1
3633.3
3396
3531.6
3605.1
3537.3
3469.5
3667.3
3661.6
3667.3
3593.8
3695.5
3757.7
3718.1
3526
3735.1
3757.7
3639
3627.7
3543
3627.7
3808.5
3910.2
3735.1
3882
3848.1
3853.7
3684.2
3808.5
3718.1
3718.1
3650.3
3825.5
3757.7
3819.8
3655.9
3898.9
3932.8
3944.1
3876.3
4006.3
3921.5
3938.5
3893.3
3876.3
3915.9
3882
3853.7
3718.1
4006.3
4011.9
4011.9
3802.9
3932.8
3966.7
3961.1
3769
3966.7
4011.9
4011.9
3842.4
3938.5
3870.7
3966.7
3876.3
4124.9
4057.1
4113.7
4096.7
4062.8
3944.1
3944.1
3972.4
3848.1
4017.6
4040.2
4051.5
3915.9
4215.4
4187.1
4204
4034.6
4232.3
4204
4254.9
4074.1
4147.6
4170.2
4158.9
4034.6
4158.9
4209.7
4215.4
4322.7
4300.1
4283.2
4175.8
4232.3
4045.8
4254.9
4153.2
4136.2
3966.7
4091.1
4079.8
4085.4
3955.5
4209.7
4367.9
4424.4
4175.8
4401.8
4351
4305.8
4124.9
4243.6
4175.8
4204
4317.1
4322.7
4435.8
4464
4458.3
4271.9
4441.4
4390.5
4503.6
4322.7
4441.4
4418.8
4475.3
4271.9
4435.8
4351
4351
4243.6
4497.9
4497.9
4514.9
4441.4
4526.1
4560
4526.1
4379.2
4260.6
4362.3
4288.8
4362.3
4204
4362.3
4447
4531.8
4351
4526.1
4520.5
4486.6
4339.7
4509.2
4503.6
4514.9
4356.6
4571.4
4616.5
4639.2
4480.9
4707
4752.2
4723.9
4701.3
4718.3
4684.4
4622.2
4684.4
4480.9
4661.8
4673.1
4690
4565.7
4820
4723.9
4718.3
4588.3
4735.2
4740.9
4786.1
4526.1
4650.5
4667.4
4633.5
4430.1
4503.6
4480.9
4622.2
4780.4
4746.5
4859.5
4887.8
4848.2
4605.3
4712.6
4627.9
4610.9
4537.4
4797.4
4848.2
4916.1
4780.4
4983.9
4961.2
4882.1
4627.9
4831.3
4853.9
4899.1
4791.7
4882.1
4842.6
4780.4
4831.3
4831.3
4949.9
4955.6
4983.9
4859.5
4978.2
4989.5
4978.2
4791.7
4972.5
4927.4
4865.2
4729.6
4870.8
4791.7
4825.6
4752.2
4927.4
4989.5
5102.5
4966.9
5159
5142.1
5057.3
4944.3
4910.4
4910.4
4927.4
5006.5
4944.3
5232.5
5305.9
5305.9
5057.3
5142.1
5164.7
5159
4989.5
5091.2
5102.5
5170.3
4989.5
5108.2
5046
4995.2
4910.4
5187.3
5159
5102.5
5153.4
5176
5226.8
5209.9
5142.1
4910.4
5051.7
5113.8
5142.1
4989.5
5187.3
5272
5351.1
5170.3
5322.9
5249.4
5322.9
5159
5272
5272
5204.2
5046
5181.6
5187.3
5249.4
5322.9
5373.7
5430.2
5509.3
5435.9
5176
5277.7
5226.8
5272
5125.1
5328.5
5396.3
5515
5300.3
5458.5
5402
5317.2
5187.3
5402
5379.4
5311.6
5243.8
5379.4
5419
5322.9
5232.5
5294.6
5430.2
5486.8
5548.9
5368.1
5532
5548.9
5526.3
5260.7
5430.2
5492.4
5515
5435.9
5565.9
5441.5
5520.6
5419
5656.3
5599.8
5582.8
5515
5735.4
5622.4
5532
5452.8
5424.6
5390.7
5407.7
5481.1
5424.6
5701.5
5791.9
5712.8
5543.3
5678.9
5763.6
5797.5
5577.2
5616.7
5571.5
5645
5452.8
5628
5661.9
5729.7
5588.4
5831.5
5808.8
5791.9
5808.8
5769.3
5825.8
5763.6
5741
5464.2
5684.5
5599.8
5656.3
5560.2
5752.4
5780.6
5854
5684.5
5842.7
5803.2
5786.2
5599.8
5752.4
5769.3
5814.5
5684.5
5825.8
5774.9
5837.1
5854
5735.4
5825.8
5854
5944.5
5882.3
5995.3
5837.1
5888
5673.2
5854
5916.2
6012.3
5910.6
6023.6
6108.3
6068.8
5882.3
6057.5
6012.3
6034.9
5808.8
5995.3
6034.9
6023.6
6006.6
5972.7
5989.7
5989.7
6040.5
5944.5
6051.8
6080.1
6057.5
5837.1
5972.7
5955.8
5984
5791.9
6091.4
6063.1
6153.5
6040.5
6091.4
6102.7
6170.5
6114
6277.8
6277.8
6193.1
6091.4
6085.7
6063.1
6080.1
6108.3
6040.5
6351.3
6436.1
6419.1
6164.8
6306.1
6311.8
6340
6108.3
6221.3
6181.8
6243.9
6012.3
6232.6
6142.2
6136.6
6040.5
6334.3
6453
6436.1
6470
6407.8
6379.6
6300.5
6249.6
6051.8
6243.9
6255.2
6272.2
6142.2
6402.1
6340
6379.6
6266.5
6492.6
6503.9
6549.1
6334.3
6441.7
6430.4
6447.4
6260.9
6413.4
6407.8
6441.7
6509.5
6577.3
6537.8
6503.9
6407.8
6289.1
6470
6498.2
6526.5
6407.8
6543.4
6486.9
6532.1
6424.7
6605.6
6662.1
6673.4
6436.1
6712.9
6645.1
6650.8
6368.3
6554.7
6503.9
6436.1
6492.6
6537.8
6622.5
6673.4
6735.5
6543.4
6690.3
6543.4
6656.4
6566
6718.6
6633.8
6673.4
6498.2
6684.7
6763.8
6825.9
6616.9
6848.6
6842.9
6814.6
6656.4
6797.7
6763.8
6809
6803.4
6690.3
6673.4
6656.4
6690.3
6605.6
6831.6
6871.2
6933.3
6786.4
6950.3
6989.8
7006.8
6735.5
6871.2
6871.2
6848.6
6707.3
6910.7
6950.3
7012.4
6820.3
7023.7
6972.9
6989.8
7029.4
6927.7
6955.9
6927.7
6854.2
6656.4
6763.8
6814.6
6955.9
6922
7153.7
7114.1
7057.6
6944.6
7198.9
7080.2
7068.9
6882.5
7074.6
7068.9
7068.9
6871.2
7012.4
7108.5
7159.3
7187.6
7159.3
7108.5
7142.4
7272.4
7052
7063.3
6984.2
7068.9
6939
7193.2
7204.6
7159.3
6978.5
7300.6
7238.4
7300.6
7018.1
7278
7340.2
7340.2
7114.1
7215.9
7187.6
7210.2
7215.9
7232.8
7227.1
7232.8
7424.9
7181.9
7408
7362.8
7328.9
7091.5
7340.2
7289.3
7261
7159.3
7340.2
7340.2
7447.5
7317.5
7475.8
7554.9
7594.4
7521
7600.1
7521
7402.3
7408
7413.6
7334.5
7328.9
7345.8
7249.7
7543.6
7515.3
7481.4
7266.7
7441.9
7436.2
7458.8
7351.5
7526.6
7549.2
7594.4
7345.8
7441.9
7521
7628.3
7509.7
7752.7
7752.7
7752.7
7809.2
7724.4
7571.8
7526.6
7645.3
7424.9
7730
7667.9
7600.1
7492.7
7724.4
7701.8
7707.4
7611.4
7758.3
7758.3
7741.3
7515.3
7634
7571.8
7656.6
7628.3
7848.7
7843.1
7854.4
7899.6
7848.7
7803.5
7713.1
7696.2
7617.1
7865.6
7865.6
7843.1
7537.9
7667.9
7701.8
7786.5
7696.2
7933.5
7973
7984.3
7814.8
8006.9
7916.5
7809.2
7701.8
7899.6
7944.8
8040.8
8063.4
8046.5
8142.5
8119.9
8125.6
7933.5
8193.4
8204.7
8238.6
7978.7
8001.3
7910.9
7871.3
7707.4
7888.3
7961.7
8023.9
7933.5
8170.8
8170.8
8227.3
8069.1
8165.2
8153.8
8136.9
8148.2
8097.3
8063.4
8012.6
8040.8
7939.1
8193.4
8266.9
8295.1
8103
8289.4
8300.8
8204.7
8074.7
8187.8
8170.8
8295.1
8136.9
8312.1
8278.1
8249.9
8097.3
8340.3
8317.7
8317.7
8391.2
8379.9
8362.9
8312.1
8385.5
8148.2
8402.5
8475.9
8481.6
8272.5
8504.2
8425.1
8453.3
8312.1
8464.6
8368.6
8391.2
8216
8408.1
8419.4
8402.5
8204.7
8362.9
8436.4
8526.8
8600.3
8566.3
8532.4
8583.3
8509.8
8295.1
8492.9
8487.2
8532.4
8379.9
8583.3
8617.2
8741.5
8577.6
8696.3
8656.8
8589
8481.6
8724.6
8572
8600.3
8391.2
8668.1
8566.3
8617.2
8515.5
8645.5
8758.5
8882.8
8933.6
8809.3
8956.2
8944.9
8905.4
8611.5
8730.2
8775.4
8792.4
8668.1
8843.2
8815
8848.9
8713.3
8905.4
8882.8
8922.3
8786.7
8928
8888.4
8882.8
8837.6
8820.6
8764.1
8696.3
8741.5
8668.1
8939.3
9057.9
9052.3
8894.1
9012.7
8990.1
8978.8
8826.3
9012.7
8961.9
9057.9
8837.6
9052.3
8939.3
8995.8
8764.1
9091.8
9097.5
9091.8
9187.9
9187.9
9148.4
9120.1
9131.4
8877.1
9007.1
9103.1
9165.3
9012.7
9295.3
9244.4
9255.7
9165.3
9306.6
9193.6
9238.8
8956.2
9227.5
9210.5
9199.2
9012.7
9295.3
9244.4
9289.6
9346.1
9323.5
9385.7
9436.5
9408.3
9165.3
9289.6
9306.6
9329.2
9159.7
9306.6
9334.8
9521.3
9408.3
9549.6
9481.8
9470.4
9323.5
9617.4
9521.3
9459.1
9300.9
9493.1
9464.8
9430.9
9413.9
9425.2
9515.6
9617.4
9600.4
9351.8
9459.1
9374.4
9391.3
9142.7
9267
9261.4
9340.5
9238.8
9470.4
9391.3
9351.8
9278.3
9521.3
9453.5
9453.5
9334.8
9464.8
9380
9323.5
9261.4
9227.5
9182.2
9216.2
9278.3
9244.4
9430.9
9380
9402.6
9176.6
9312.2
9199.2
9261.4
9120.1
9295.3
9204.9
9176.6
8995.8
9233.1
9289.6
9346.1
9204.9
9357.4
9363.1
9391.3
9346.1
9227.5
9171
9018.4
9137.1
8905.4
9103.1
9120.1
9204.9
8978.8
9199.2
9086.2
9086.2
9018.4
9238.8
9204.9
9216.2
8956.2
9125.7
9125.7
9165.3
8950.6
9148.4
9221.8
9278.3
9340.5
9380
9300.9
9227.5
9199.2
8984.5
9114.4
9120.1
9176.6
8973.2
9108.8
9052.3
9120.1
9057.9
9216.2
9210.5
9199.2
9012.7
9216.2
9199.2
9199.2
8950.6
9131.4
9086.2
9091.8
9210.5
9176.6
9159.7
9187.9
9125.7
8939.3
9024
9080.6
9035.3
8877.1
9012.7
8922.3
8933.6
8741.5
8961.9
9001.5
9063.6
8939.3
9148.4
9108.8
9086.2
8995.8
9063.6
9001.5
8967.5
9018.4
9052.3
9069.3
8995.8
9069.3
8956.2
9187.9
9193.6
9221.8
8995.8
9131.4
9035.3
9052.3
8837.6
8956.2
8882.8
8933.6
8831.9
9069.3
9063.6
9063.6
8911
9057.9
9052.3
9103.1
9154
9125.7
9074.9
9012.7
9041
8826.3
8916.7
8933.6
9046.6
8911
9125.7
9108.8
9018.4
8860.2
9029.7
8922.3
8899.7
8764.1
8905.4
8911
8944.9
8781.1
8961.9
9046.6
9018.4
9035.3
9041
9029.7
9052.3
9069.3
8916.7
8973.2
8950.6
8911
8752.8
8922.3
8944.9
9080.6
9024
9108.8
9029.7
8978.8
8758.5
8905.4
8911
8877.1
8707.6
8961.9
8950.6
8922.3
8944.9
8973.2
8956.2
9024
9007.1
8843.2
9108.8
9091.8
9029.7
8803.7
8911
8865.8
8815
8735.9
8928
9024
9029.7
8815
8995.8
8950.6
8950.6
8803.7
9001.5
8984.5
8950.6
8973.2
8888.4
8882.8
8775.4
8831.9
8860.2
9057.9
9052.3
9069.3
8820.6
8922.3
8888.4
8854.5
8651.1
8809.3
8871.5
8871.5
8701.9
8894.1
8854.5
8911
8786.7
8973.2
9012.7
9012.7
9024
8978.8
8911
8905.4
8860.2
8724.6
8837.6
8882.8
8978.8
8894.1
9069.3
9024
8973.2
8798
9001.5
8933.6
8758.5
8724.6
8848.9
8848.9
8815
8628.5
8860.2
8916.7
8973.2
8984.5
9035.3
8956.2
8916.7
8860.2
8769.7
8809.3
8820.6
8837.6
8651.1
8854.5
8837.6
8888.4
8764.1
8939.3
8899.7
8888.4
8752.8
8899.7
8888.4
8837.6
8639.8
8820.6
8843.2
8764.1
8803.7
8831.9
8888.4
8978.8
8899.7
8724.6
8933.6
8837.6
8843.2
8639.8
8837.6
8701.9
8848.9
8690.6
8803.7
8837.6
8933.6
8752.8
8928
8905.4
8928
8769.7
8950.6
8877.1
8831.9
8815
8815
8775.4
8798
8809.3
8758.5
8933.6
8933.6
8961.9
8758.5
8894.1
8871.5
8871.5
8639.8
8781.1
8792.4
8724.6
8572
8775.4
8860.2
8922.3
8690.6
8877.1
8792.4
8843.2
8865.8
8741.5
8758.5
8656.8
8713.3
8605.9
8707.6
8769.7
8860.2
8769.7
8956.2
8911
8871.5
8696.3
8905.4
8860.2
8815
8639.8
8820.6
8764.1
8831.9
8645.5
8809.3
8781.1
8803.7
8803.7
8899.7
8928
8882.8
8826.3
8634.1
8730.2
8769.7
8701.9
8549.4
8730.2
8837.6
8888.4
8815
8961.9
8877.1
8826.3
8577.6
8741.5
8718.9
8673.7
8453.3
8685
8696.3
8764.1
8758.5
8820.6
8775.4
8843.2
8865.8
8769.7
8899.7
8911
8752.8
8645.5
8735.9
8701.9
8656.8
8600.3
8781.1
8831.9
8837.6
8628.5
8803.7
8826.3
8826.3
8701.9
8837.6
8792.4
8730.2
8735.9
8645.5
8622.8
8628.5
8685
8696.3
8916.7
8860.2
8871.5
8690.6
8837.6
8775.4
8803.7
8555
8741.5
8826.3
8798
8628.5
8831.9
8764.1
8826.3
8645.5
8837.6
8820.6
8752.8
8826.3
8877.1
8871.5
8781.1
8735.9
8605.9
8769.7
8798
8831.9
8707.6
8865.8
8843.2
8781.1
8589
8735.9
8617.2
8651.1
8560.7
8679.4
8679.4
8730.2
8560.7
8786.7
8735.9
8741.5
8764.1
8809.3
8758.5
8724.6
8656.8
8549.4
8628.5
8724.6
8741.5
8583.3
8826.3
8877.1
8916.7
8775.4
8854.5
8854.5
8922.3
8696.3
8831.9
8707.6
8690.6
8555
8781.1
8735.9