time	pCa	hs_length	force	passive_force	a_fil_length	m_fil_length	a_pop_0	a_pop_1	m_pop_0	m_pop_1	m_pop_2	c_pop_0	c_pop_1
0.001	6.200	1150	686.977	686.977	1015.88	809.001	0.979995	0.0200046	0.991389	0.00861149	0	1	0
0.002	6.200	1150	686.977	686.977	1015.88	809.001	0.965592	0.0344079	0.982434	0.0175659	0	1	0
0.003	6.200	1150	701.045	686.977	1015.88	809.001	0.955075	0.0449246	0.971879	0.0280826	3.81039e-05	1	0
0.004	6.200	1150	701.045	686.977	1015.88	809.001	0.946616	0.0533836	0.962087	0.0378753	3.81039e-05	1	0
0.005	6.200	1150	701.045	686.977	1015.88	809.001	0.9361	0.0639003	0.952522	0.0474394	3.81039e-05	1	0
0.006	6.200	1150	710.679	686.977	1015.88	809.001	0.927984	0.0720165	0.942996	0.0569273	7.62079e-05	1	0
0.007	6.200	1150	696.612	686.977	1015.88	809.001	0.923068	0.0769319	0.933661	0.0663009	3.81039e-05	1	0
0.008	6.200	1150	731.492	686.976	1015.88	809.001	0.916324	0.0836763	0.924402	0.0754458	0.000152416	1	0
0.009	6.200	1150	742.283	686.976	1015.88	809.001	0.91198	0.0880201	0.916971	0.082838	0.00019052	1	0
0.01	6.200	1150	751.147	686.976	1015.88	809.001	0.905921	0.0940786	0.908246	0.0915257	0.000228624	1	0
0.011	6.200	1150	764.444	686.976	1015.88	809.001	0.903292	0.0967078	0.900549	0.0991846	0.000266728	1	0
0.012	6.200	1150	784.678	686.975	1015.88	809.001	0.902721	0.0972794	0.892052	0.107606	0.000342936	1	0
0.013	6.200	1150	807.224	686.974	1015.88	809.001	0.901578	0.0984225	0.883592	0.115988	0.000419143	1	0
0.014	6.200	1150	829.554	686.974	1015.88	809.001	0.898834	0.101166	0.87521	0.124295	0.000495351	1	0
0.015	6.200	1150	857.29	686.973	1015.88	809.001	0.897577	0.102423	0.868008	0.131382	0.000609663	1	0
0.016	6.200	1150	881.184	686.973	1015.88	809.001	0.897805	0.102195	0.860082	0.139194	0.000723975	1	0
0.017	6.200	1150	902.186	686.972	1015.88	809.001	0.891861	0.108139	0.851699	0.1475	0.000800183	1	0
0.018	6.200	1150	939.764	686.971	1015.88	809.001	0.895633	0.104367	0.844498	0.15455	0.000952599	1	0
0.019	6.200	1150	992.547	686.97	1015.88	809.002	0.894262	0.105738	0.836115	0.162742	0.00114312	1	0
0.02	6.200	1150	1009.51	686.969	1015.88	809.002	0.893461	0.106539	0.828723	0.170096	0.00118122	1	0
0.021	6.200	1150	1057.07	686.968	1015.88	809.002	0.887746	0.112254	0.821902	0.176764	0.00133364	1	0
0.022	6.200	1150	1104.08	686.967	1015.88	809.002	0.883859	0.116141	0.815729	0.182785	0.00148605	1	0
0.023	6.200	1150	1148.97	686.966	1015.88	809.002	0.88043	0.11957	0.809518	0.188843	0.00163847	1	0
0.024	6.200	1150	1191.16	686.964	1015.88	809.002	0.875743	0.124257	0.803079	0.19513	0.00179089	1	0
0.025	6.200	1150	1158.45	686.965	1015.88	809.002	0.875171	0.124829	0.797859	0.200465	0.00167657	1	0
0.026	6.200	1150	1264.19	686.963	1015.88	809.002	0.870027	0.129973	0.789781	0.2082	0.00201951	1	0
0.027	6.200	1150	1249.18	686.963	1015.88	809.002	0.868313	0.131687	0.783379	0.21464	0.00198141	1	0
0.028	6.200	1150	1377.62	686.96	1015.88	809.002	0.86717	0.13283	0.776749	0.220812	0.00243865	1	0
0.029	6.200	1150	1404.21	686.96	1015.88	809.002	0.873571	0.126429	0.770995	0.22649	0.00251486	1	0
0.03	6.200	1150	1455.44	686.958	1015.88	809.002	0.870485	0.129515	0.765775	0.23152	0.00270538	1	0
0.031	6.200	1150	1476.24	686.957	1015.88	809.002	0.870599	0.129401	0.759564	0.237616	0.00281969	1	0
0.032	6.200	1150	1509.56	686.957	1015.88	809.002	0.872428	0.127572	0.75301	0.244056	0.002934	1	0
0.033	6.200	1150	1566.17	686.955	1015.88	809.002	0.870142	0.129858	0.747599	0.249314	0.00308642	1	0
0.034	6.200	1150	1609.09	686.954	1015.88	809.002	0.870942	0.129058	0.741084	0.255677	0.00323884	1	0
0.035	6.200	1150	1688.2	686.952	1015.88	809.002	0.873914	0.126086	0.736092	0.260402	0.00350556	1	0
0.036	6.200	1150	1773.3	686.951	1015.88	809.002	0.870828	0.129172	0.731062	0.265127	0.00381039	1	0
0.037	6.200	1150	1864.12	686.949	1015.88	809.002	0.869342	0.130658	0.725956	0.269928	0.00411523	1	0
0.038	6.200	1150	1839.09	686.949	1015.88	809.002	0.865912	0.134088	0.721574	0.274348	0.00407712	1	0
0.039	6.200	1150	1900.89	686.948	1015.88	809.002	0.859282	0.140718	0.717421	0.278311	0.00426764	1	0
0.04	6.200	1150	1922.62	686.948	1015.88	809.002	0.860654	0.139346	0.712544	0.283112	0.00434385	1	0
0.041	6.200	1150	1995.37	686.946	1015.88	809.003	0.853795	0.146205	0.707095	0.288294	0.00461058	1	0
0.042	6.200	1150	2038.81	686.944	1015.88	809.003	0.853452	0.146548	0.701989	0.29321	0.0048011	1	0
0.043	6.200	1150	2069.24	686.943	1015.88	809.003	0.85471	0.14529	0.698141	0.296944	0.00491541	1	0
0.044	6.200	1150	2109.48	686.943	1015.88	809.003	0.857682	0.142318	0.693378	0.301593	0.00502972	1	0
0.045	6.200	1150	2197.24	686.941	1015.88	809.003	0.857796	0.142204	0.688691	0.305975	0.00533455	1	0
0.046	6.200	1150	2188.84	686.941	1015.88	809.003	0.852881	0.147119	0.683623	0.311081	0.00529645	1	0
0.047	6.200	1150	2244.22	686.939	1015.88	809.003	0.852538	0.147462	0.679698	0.314815	0.00548697	1	0
0.048	6.200	1150	2348.94	686.937	1015.88	809.003	0.846594	0.153406	0.67585	0.318282	0.00586801	1	0
0.049	6.200	1150	2392.82	686.935	1015.88	809.003	0.846251	0.153749	0.670744	0.323236	0.00602042	1	0
0.05	6.200	1150	2426.87	686.934	1015.88	809.003	0.842364	0.157636	0.666819	0.327046	0.00613474	1	0
0.051	6.200	1150	2518.49	686.932	1015.88	809.003	0.843621	0.156379	0.663199	0.330361	0.00643957	1	0
0.052	6.200	1150	2626	686.929	1015.88	809.003	0.845107	0.154893	0.658932	0.334248	0.00682061	1	0
0.053	6.200	1150	2674.34	686.928	1015.88	809.003	0.850137	0.149863	0.655921	0.337106	0.00697302	1	0
0.054	6.200	1150	2698.6	686.927	1015.88	809.003	0.849337	0.150663	0.651959	0.340992	0.00704923	1	0
0.055	6.200	1150	2740.97	686.926	1015.88	809.004	0.850937	0.149063	0.647767	0.345031	0.00720165	1	0
0.056	6.200	1150	2875.97	686.923	1015.88	809.004	0.848537	0.151463	0.644185	0.348156	0.00765889	1	0
0.057	6.200	1150	2990.43	686.92	1015.88	809.004	0.847965	0.152035	0.640451	0.351509	0.00803993	1	0
0.058	6.200	1150	3067	686.918	1015.88	809.004	0.849337	0.150663	0.637517	0.354138	0.00834476	1	0
0.059	6.200	1150	3184.59	686.915	1015.88	809.004	0.848308	0.151692	0.634393	0.356882	0.0087258	1	0
0.06	6.200	1150	3200.05	686.915	1015.88	809.004	0.844079	0.155921	0.631268	0.35993	0.00880201	1	0
0.061	6.200	1150	3234.78	686.914	1015.88	809.004	0.841564	0.158436	0.628105	0.362978	0.00891632	1	0
0.062	6.200	1150	3272.77	686.913	1015.88	809.004	0.841221	0.158779	0.625171	0.365798	0.00903064	1	0
0.063	6.200	1150	3369.75	686.91	1015.88	809.004	0.837106	0.162894	0.621704	0.368922	0.00937357	1	0
0.064	6.200	1150	3463.1	686.908	1015.88	809.004	0.836305	0.163695	0.618503	0.371818	0.0096784	1	0
0.065	6.200	1150	3608.5	686.904	1015.88	809.004	0.832876	0.167124	0.617093	0.372733	0.0101738	1	0
0.066	6.200	1150	3695.68	686.902	1015.88	809.005	0.824531	0.175469	0.613931	0.375591	0.0104786	1	0
0.067	6.200	1150	3746.62	686.901	1015.88	809.005	0.820187	0.179813	0.612102	0.377229	0.0106691	1	0
0.068	6.200	1150	3811.98	686.899	1015.88	809.005	0.817444	0.182556	0.608215	0.380963	0.0108215	1	0
0.069	6.200	1150	3913.97	686.896	1015.88	809.005	0.816301	0.183699	0.606081	0.382716	0.0112026	1	0
0.07	6.200	1150	3881.9	686.897	1015.88	809.005	0.81893	0.18107	0.603338	0.385574	0.0110882	1	0
0.071	6.200	1150	3895.59	686.897	1015.88	809.005	0.819502	0.180498	0.599528	0.389346	0.0111264	1	0
0.072	6.200	1150	4012.21	686.894	1015.88	809.005	0.814815	0.185185	0.596822	0.391632	0.0115455	1	0
0.073	6.200	1150	4102.91	686.891	1015.88	809.005	0.811614	0.188386	0.594079	0.394071	0.0118503	1	0
0.074	6.200	1150	4189.09	686.889	1015.88	809.005	0.815386	0.184614	0.592554	0.39529	0.0121552	1	0
0.075	6.200	1150	4250.23	686.887	1015.88	809.005	0.815501	0.184499	0.589735	0.397958	0.0123076	1	0
0.076	6.200	1150	4223.56	686.888	1015.88	809.005	0.813672	0.186328	0.587563	0.400206	0.0122314	1	0
0.077	6.200	1150	4337.95	686.885	1015.88	809.005	0.814358	0.185642	0.583943	0.403406	0.0126505	1	0
0.078	6.200	1150	4416.8	686.884	1015.89	809.005	0.813443	0.186557	0.581238	0.405845	0.0129172	1	0
0.079	6.200	1150	4572.45	686.88	1015.89	809.006	0.805441	0.194559	0.579942	0.406645	0.0134126	1	0
0.08	6.200	1150	4677.87	686.877	1015.89	809.006	0.807956	0.192044	0.578151	0.408017	0.0138317	1	0
0.081	6.200	1150	4821.54	686.873	1015.89	809.006	0.808528	0.191472	0.576513	0.40916	0.0143271	1	0
0.082	6.200	1150	4841.84	686.873	1015.89	809.006	0.811843	0.188157	0.574798	0.410837	0.0143652	1	0
0.083	6.200	1150	4960.79	686.87	1015.89	809.006	0.807613	0.192387	0.573045	0.412094	0.0148605	1	0
0.084	6.200	1150	5085.47	686.867	1015.89	809.006	0.806241	0.193759	0.571559	0.413123	0.0153178	1	0
0.085	6.200	1150	5088.42	686.867	1015.89	809.006	0.803041	0.196959	0.56954	0.415104	0.0153559	1	0
0.086	6.200	1150	5149.27	686.865	1015.89	809.006	0.800869	0.199131	0.567939	0.416476	0.0155845	1	0
0.087	6.200	1150	5262.24	686.863	1015.89	809.006	0.80487	0.19513	0.565539	0.418496	0.0159656	1	0
0.088	6.200	1150	5417.69	686.859	1015.89	809.006	0.804755	0.195245	0.563862	0.419601	0.0165371	1	0
0.089	6.200	1150	5535.03	686.857	1015.89	809.007	0.798925	0.201075	0.562224	0.42082	0.0169563	1	0
0.09	6.200	1150	5599.18	686.855	1015.89	809.007	0.792181	0.207819	0.56009	0.422763	0.0171468	1	0
0.091	6.200	1150	5676.63	686.853	1015.89	809.007	0.788294	0.211706	0.557537	0.425088	0.0173754	1	0
0.092	6.200	1150	5745.75	686.851	1015.89	809.007	0.784636	0.215364	0.555632	0.426802	0.0175659	1	0
0.093	6.200	1150	5893.64	686.847	1015.89	809.007	0.781779	0.218221	0.553155	0.428746	0.0180994	1	0
0.094	6.200	1150	5938.4	686.846	1015.89	809.007	0.785208	0.214792	0.551402	0.430384	0.0182137	1	0
0.095	6.200	1150	6088.79	686.842	1015.89	809.007	0.782922	0.217078	0.550259	0.430918	0.0188234	1	0
0.096	6.200	1150	6204.22	686.84	1015.89	809.007	0.78315	0.21685	0.549383	0.431375	0.0192425	1	0
0.097	6.200	1150	6205.34	686.839	1015.89	809.007	0.78235	0.21765	0.546449	0.434309	0.0192425	1	0
0.098	6.200	1150	6235.1	686.838	1015.89	809.007	0.782579	0.217421	0.545077	0.43549	0.019433	1	0
0.099	6.200	1150	6248.03	686.838	1015.89	809.007	0.783036	0.216964	0.542219	0.438386	0.0193949	1	0
0.1	6.200	1150	6195.69	686.839	1015.89	809.007	0.784865	0.215135	0.540009	0.440748	0.0192425	1	0
0.101	6.200	1150	6255.44	686.838	1015.89	809.007	0.781436	0.218564	0.538409	0.44212	0.0194711	1	0
0.102	6.200	1150	6277.66	686.837	1015.89	809.008	0.777892	0.222108	0.537151	0.443301	0.0195473	1	0
0.103	6.200	1150	6284.59	686.838	1015.89	809.007	0.776749	0.223251	0.53376	0.446731	0.0195092	1	0
0.104	6.200	1150	6391.62	686.835	1015.89	809.008	0.782922	0.217078	0.531283	0.448865	0.0198522	1	0
0.105	6.200	1150	6483.22	686.834	1015.89	809.008	0.781093	0.218907	0.528692	0.451151	0.020157	1	0
0.106	6.200	1150	6666.21	686.829	1015.89	809.008	0.779835	0.220165	0.527397	0.451684	0.0209191	1	0
0.107	6.200	1150	6745.96	686.827	1015.89	809.008	0.782922	0.217078	0.526597	0.45218	0.0212239	1	0
0.108	6.200	1150	6679.54	686.828	1015.89	809.008	0.777892	0.222108	0.52431	0.454733	0.0209572	1	0
0.109	6.200	1150	6833.04	686.825	1015.89	809.008	0.778921	0.221079	0.521986	0.456561	0.0214525	1	0
0.11	6.200	1150	6845.9	686.825	1015.89	809.008	0.773434	0.226566	0.520843	0.457628	0.0215287	1	0
0.111	6.200	1150	6894.98	686.824	1015.89	809.008	0.772748	0.227252	0.518404	0.459915	0.0216811	1	0
0.112	6.200	1150	6898.15	686.824	1015.89	809.008	0.771834	0.228166	0.517071	0.46121	0.0217193	1	0
0.113	6.200	1150	6879.63	686.825	1015.89	809.008	0.771376	0.228624	0.515356	0.463039	0.0216049	1	0
0.114	6.200	1150	6938.6	686.824	1015.89	809.008	0.771719	0.228281	0.514289	0.463877	0.0218336	1	0
0.115	6.200	1150	7140.77	686.818	1015.89	809.008	0.766347	0.233653	0.512879	0.464563	0.0225575	1	0
0.116	6.200	1150	7230.44	686.816	1015.89	809.008	0.760288	0.239712	0.510974	0.466087	0.0229386	1	0
0.117	6.200	1150	7326.96	686.813	1015.89	809.009	0.758002	0.241998	0.510669	0.466011	0.0233196	1	0
0.118	6.200	1150	7401.76	686.812	1015.89	809.009	0.759259	0.240741	0.510669	0.465745	0.0235863	1	0
0.119	6.200	1150	7470.5	686.81	1015.89	809.009	0.755716	0.244284	0.508916	0.467307	0.0237769	1	0
0.12	6.200	1150	7586.43	686.806	1015.89	809.009	0.756744	0.243256	0.508726	0.467078	0.024196	1	0
0.121	6.200	1150	7735.25	686.803	1015.89	809.009	0.75423	0.24577	0.508345	0.466964	0.0246914	1	0
0.122	6.200	1150	7754.53	686.803	1015.89	809.009	0.75663	0.24337	0.508383	0.466888	0.0247295	1	0
0.123	6.200	1150	7772.72	686.802	1015.89	809.009	0.750114	0.249886	0.507583	0.467574	0.0248438	1	0
0.124	6.200	1150	7927.65	686.798	1015.89	809.009	0.745656	0.254344	0.505716	0.468945	0.0253391	1	0
0.125	6.200	1150	8082.1	686.795	1015.89	809.009	0.747257	0.252743	0.504763	0.469326	0.0259107	1	0
0.126	6.200	1150	8157.53	686.793	1015.9	809.009	0.75	0.25	0.50301	0.470927	0.0260631	1	0
0.127	6.200	1150	8048.23	686.796	1015.89	809.009	0.751829	0.248171	0.502743	0.471574	0.0256821	1	0
0.128	6.200	1150	8080.72	686.794	1015.89	809.009	0.748743	0.251257	0.501562	0.472527	0.0259107	1	0
0.129	6.200	1150	8140.33	686.792	1015.89	809.009	0.749543	0.250457	0.500686	0.473137	0.0261774	1	0
0.13	6.200	1150	8195.85	686.791	1015.9	809.009	0.743941	0.256059	0.498743	0.474889	0.0263679	1	0
0.131	6.200	1150	8150.23	686.792	1015.9	809.009	0.747485	0.252515	0.498171	0.475537	0.0262917	1	0
0.132	6.200	1150	8247.3	686.79	1015.9	809.01	0.754687	0.245313	0.497066	0.476261	0.0266728	1	0
0.133	6.200	1150	8343.93	686.787	1015.9	809.01	0.755601	0.244399	0.496494	0.476452	0.0270538	1	0
0.134	6.200	1150	8407.83	686.786	1015.9	809.01	0.754801	0.245199	0.495275	0.477404	0.0273205	1	0
0.135	6.200	1150	8564.16	686.782	1015.9	809.01	0.749086	0.250914	0.495466	0.47668	0.027854	1	0
0.136	6.200	1150	8662.14	686.78	1015.9	809.01	0.753086	0.246914	0.493446	0.478395	0.0281588	1	0
0.137	6.200	1150	8715.5	686.778	1015.9	809.01	0.749657	0.250343	0.492989	0.478776	0.028235	1	0
0.138	6.200	1150	8638.97	686.781	1015.9	809.01	0.750686	0.249314	0.491122	0.480948	0.0279302	1	0
0.139	6.200	1150	8708.22	686.778	1015.9	809.01	0.742913	0.257087	0.490665	0.481062	0.0282731	1	0
0.14	6.200	1150	8926.94	686.773	1015.9	809.01	0.738226	0.261774	0.489788	0.481139	0.0290733	1	0
0.141	6.200	1150	9076.4	686.769	1015.9	809.01	0.734111	0.265889	0.488226	0.482205	0.0295687	1	0
0.142	6.200	1150	9151.54	686.768	1015.9	809.011	0.730796	0.269204	0.487502	0.482739	0.0297592	1	0
0.143	6.200	1150	9211.04	686.766	1015.9	809.011	0.728967	0.271033	0.486816	0.483234	0.0299497	1	0
0.144	6.200	1150	9402.78	686.762	1015.9	809.011	0.729995	0.270005	0.484987	0.484377	0.0306356	1	0
0.145	6.200	1150	9333.05	686.764	1015.9	809.011	0.72931	0.27069	0.484149	0.485444	0.030407	1	0
0.146	6.200	1150	9530.47	686.759	1015.9	809.011	0.724737	0.275263	0.484187	0.484606	0.0312071	1	0
0.147	6.200	1150	9639.79	686.756	1015.9	809.011	0.723022	0.276978	0.48312	0.485216	0.0316644	1	0
0.148	6.200	1150	9670.31	686.755	1015.9	809.011	0.721994	0.278006	0.48171	0.486511	0.0317787	1	0
0.149	6.200	1150	9734.59	686.754	1015.9	809.011	0.718793	0.281207	0.480491	0.48754	0.0319692	1	0
0.15	6.200	1150	9739.21	686.754	1015.9	809.011	0.716278	0.283722	0.480034	0.488073	0.031893	1	0
0.151	6.200	1150	9834.26	686.752	1015.9	809.011	0.717421	0.282579	0.478738	0.489178	0.0320835	1	0
0.152	6.200	1150	9910.64	686.75	1015.9	809.011	0.719593	0.280407	0.476566	0.490969	0.0324646	1	0
0.153	6.200	1150	10148.8	686.744	1015.9	809.012	0.719593	0.280407	0.476071	0.490626	0.0333029	1	0
0.154	6.200	1150	10335.2	686.74	1015.9	809.012	0.714106	0.285894	0.475004	0.491122	0.0338744	1	0
0.155	6.200	1150	10391.5	686.738	1015.9	809.012	0.710105	0.289895	0.473365	0.49257	0.0340649	1	0
0.156	6.200	1150	10665.1	686.731	1015.9	809.012	0.71262	0.28738	0.472756	0.492227	0.0350175	1	0
0.157	6.200	1150	10647.7	686.733	1015.9	809.012	0.710334	0.289666	0.471193	0.493827	0.0349794	1	0
0.158	6.200	1150	10754.5	686.729	1015.9	809.012	0.710448	0.289552	0.469364	0.495351	0.0352843	1	0
0.159	6.200	1150	10724	686.73	1015.9	809.012	0.713535	0.286465	0.467002	0.497866	0.0351318	1	0
0.16	6.200	1150	10907.7	686.726	1015.9	809.012	0.710562	0.289438	0.466316	0.497942	0.0357415	1	0
0.161	6.200	1150	11027	686.723	1015.9	809.012	0.709991	0.290009	0.465668	0.498171	0.0361606	1	0
0.162	6.200	1150	11018.4	686.724	1015.9	809.012	0.711248	0.288752	0.464678	0.499124	0.0361988	1	0
0.163	6.200	1150	11185	686.719	1015.9	809.013	0.709648	0.290352	0.464411	0.498819	0.0367703	1	0
0.164	6.200	1150	11204.3	686.719	1015.9	809.013	0.710105	0.289895	0.463763	0.49939	0.0368465	1	0
0.165	6.200	1150	11249.3	686.717	1015.9	809.013	0.711134	0.288866	0.463687	0.499314	0.0369989	1	0
0.166	6.200	1150	11355.2	686.715	1015.9	809.013	0.709762	0.290238	0.463192	0.499428	0.03738	1	0
0.167	6.200	1150	11385.8	686.714	1015.9	809.013	0.708505	0.291495	0.462734	0.499695	0.0375705	1	0
0.168	6.200	1150	11356.6	686.714	1015.9	809.013	0.70439	0.29561	0.461744	0.500762	0.0374943	1	0
0.169	6.200	1150	11496.7	686.711	1015.9	809.013	0.706333	0.293667	0.461629	0.500343	0.0380277	1	0
0.17	6.200	1150	11707.6	686.706	1015.9	809.013	0.701189	0.298811	0.459534	0.501715	0.0387517	1	0
0.171	6.200	1150	11785.2	686.704	1015.9	809.013	0.701532	0.298468	0.457933	0.503048	0.0390184	1	0
0.172	6.200	1150	11882.2	686.701	1015.9	809.013	0.695473	0.304527	0.457743	0.502858	0.0393995	1	0
0.173	6.200	1150	12014	686.699	1015.91	809.014	0.696502	0.303498	0.457628	0.502439	0.0399329	1	0
0.174	6.200	1150	12003.7	686.698	1015.91	809.014	0.692044	0.307956	0.457209	0.502896	0.0398948	1	0
0.175	6.200	1150	11961.2	686.699	1015.91	809.014	0.690329	0.309671	0.456219	0.504039	0.0397424	1	0
0.176	6.200	1150	12100.8	686.696	1015.91	809.014	0.686786	0.313214	0.456371	0.503429	0.0401997	1	0
0.177	6.200	1150	12161.5	686.694	1015.91	809.014	0.682785	0.317215	0.45618	0.503315	0.0405045	1	0
0.178	6.200	1150	12135.7	686.696	1015.91	809.014	0.683471	0.316529	0.455571	0.504001	0.0404283	1	0
0.179	6.200	1150	12267.4	686.692	1015.91	809.014	0.683699	0.316301	0.455914	0.503163	0.0409236	1	0
0.18	6.200	1150	12153.1	686.695	1015.91	809.014	0.683471	0.316529	0.454733	0.504725	0.0405426	1	0
0.181	6.200	1150	12206.6	686.693	1015.91	809.014	0.677298	0.322702	0.454466	0.504801	0.0407331	1	0
0.182	6.200	1150	12270.4	686.692	1015.91	809.014	0.676497	0.323503	0.454161	0.504877	0.0409617	1	0
0.183	6.200	1150	12448.3	686.688	1015.91	809.014	0.67684	0.32316	0.453666	0.504839	0.0414952	1	0
0.184	6.200	1150	12665.2	686.683	1015.91	809.014	0.674554	0.325446	0.452599	0.505182	0.0422192	1	0
0.185	6.200	1150	12665.6	686.682	1015.91	809.014	0.677755	0.322245	0.453208	0.504649	0.042143	1	0
0.186	6.200	1150	12568.4	686.684	1015.91	809.014	0.679813	0.320187	0.452599	0.505639	0.0417619	1	0
0.187	6.200	1150	12648.4	686.682	1015.91	809.014	0.67947	0.32053	0.451532	0.50644	0.0420287	1	0
0.188	6.200	1150	12717.9	686.681	1015.91	809.014	0.673525	0.326475	0.450732	0.507049	0.0422192	1	0
0.189	6.200	1150	12864.9	686.677	1015.91	809.015	0.671582	0.328418	0.45157	0.505639	0.0427907	1	0
0.19	6.200	1150	12857.3	686.677	1015.91	809.015	0.671925	0.328075	0.451189	0.506059	0.0427526	1	0
0.191	6.200	1150	12785.4	686.679	1015.91	809.014	0.670553	0.329447	0.45077	0.506706	0.042524	1	0
0.192	6.200	1150	12822.8	686.678	1015.91	809.014	0.671696	0.328304	0.449855	0.507545	0.0426002	1	0
0.193	6.200	1150	12992.8	686.674	1015.91	809.015	0.672954	0.327046	0.450312	0.506554	0.0431337	1	0
0.194	6.200	1150	12983.5	686.674	1015.91	809.015	0.675697	0.324303	0.44955	0.507316	0.0431337	1	0
0.195	6.200	1150	13102	686.671	1015.91	809.015	0.672497	0.327503	0.450312	0.506135	0.0435528	1	0
0.196	6.200	1150	13182.1	686.669	1015.91	809.015	0.671811	0.328189	0.448712	0.50743	0.0438576	1	0
0.197	6.200	1150	13157.3	686.669	1015.91	809.015	0.671353	0.328647	0.448255	0.507964	0.0437814	1	0
0.198	6.200	1150	13324.1	686.665	1015.91	809.015	0.671811	0.328189	0.448331	0.507354	0.0443149	1	0
0.199	6.200	1150	13314.5	686.666	1015.91	809.015	0.671239	0.328761	0.447836	0.507964	0.0442006	1	0
0.2	6.200	1150	13397.1	686.664	1015.91	809.015	0.668839	0.331161	0.446807	0.508688	0.0445054	1	0
0.201	6.200	1150	13405.5	686.665	1015.91	809.015	0.666209	0.333791	0.445549	0.509869	0.0445816	1	0
0.202	6.200	1150	13487.5	686.664	1015.91	809.015	0.66278	0.33722	0.445054	0.510021	0.0449246	1	0
0.203	6.200	1150	13569.1	686.663	1015.91	809.015	0.659236	0.340764	0.444635	0.510174	0.0451913	1	0
0.204	6.200	1150	13713.1	686.659	1015.91	809.015	0.664266	0.335734	0.44494	0.509374	0.0456866	1	0
0.205	6.200	1150	13782.9	686.657	1015.91	809.015	0.657865	0.342135	0.443263	0.510707	0.0460296	1	0
0.206	6.200	1150	13745.8	686.657	1015.91	809.015	0.655807	0.344193	0.442577	0.511507	0.0459153	1	0
0.207	6.200	1150	13864.1	686.655	1015.91	809.015	0.653064	0.346936	0.44212	0.511622	0.0462582	1	0
0.208	6.200	1150	14068.5	686.65	1015.91	809.016	0.653178	0.346822	0.440863	0.512117	0.0470203	1	0
0.209	6.200	1150	14037.3	686.65	1015.91	809.016	0.64449	0.35551	0.440482	0.512574	0.0469441	1	0
0.21	6.200	1150	14049.7	686.65	1015.91	809.016	0.650434	0.349566	0.440177	0.512727	0.0470965	1	0
0.211	6.200	1150	14227.1	686.646	1015.91	809.016	0.652721	0.347279	0.440596	0.511698	0.0477061	1	0
0.212	6.200	1150	14243	686.645	1015.91	809.016	0.655464	0.344536	0.439491	0.512689	0.0478205	1	0
0.213	6.200	1150	14234.5	686.645	1015.91	809.016	0.654435	0.345565	0.438386	0.513794	0.0478205	1	0
0.214	6.200	1150	14313.1	686.643	1015.91	809.016	0.653635	0.346365	0.438653	0.513336	0.048011	1	0
0.215	6.200	1150	14442.9	686.64	1015.91	809.016	0.654321	0.345679	0.437662	0.513984	0.0483539	1	0
0.216	6.200	1150	14487.2	686.64	1015.91	809.016	0.651806	0.348194	0.438234	0.513298	0.0484682	1	0
0.217	6.200	1150	14465.3	686.64	1015.91	809.016	0.653864	0.346136	0.43709	0.514441	0.0484682	1	0
0.218	6.200	1150	14466.5	686.64	1015.91	809.016	0.647005	0.352995	0.437128	0.514441	0.0484301	1	0
0.219	6.200	1150	14680	686.635	1015.91	809.016	0.644262	0.355738	0.435947	0.514937	0.049116	1	0
0.22	6.200	1150	14848	686.63	1015.91	809.016	0.647462	0.352538	0.4369	0.513374	0.0497257	1	0
0.221	6.200	1150	14964.6	686.628	1015.91	809.017	0.649177	0.350823	0.436976	0.512765	0.0502591	1	0
0.222	6.200	1150	14890.1	686.63	1015.91	809.016	0.643461	0.356539	0.435642	0.514365	0.0499924	1	0
0.223	6.200	1150	15168	686.625	1015.91	809.017	0.643233	0.356767	0.434652	0.514518	0.0508307	1	0
0.224	6.200	1150	15206.9	686.624	1015.91	809.017	0.647119	0.352881	0.434156	0.514861	0.0509831	1	0
0.225	6.200	1150	15230.4	686.625	1015.91	809.017	0.642318	0.357682	0.435338	0.513679	0.0509831	1	0
0.226	6.200	1150	15221.8	686.625	1015.91	809.016	0.640375	0.359625	0.434194	0.514822	0.0509831	1	0
0.227	6.200	1150	15211.8	686.625	1015.91	809.016	0.646205	0.353795	0.433966	0.515051	0.0509831	1	0
0.228	6.200	1150	15280.4	686.624	1015.91	809.016	0.639918	0.360082	0.432899	0.515813	0.0512879	1	0
0.229	6.200	1150	15311.1	686.624	1015.91	809.016	0.644147	0.355853	0.432365	0.516308	0.051326	1	0
0.23	6.200	1150	15322.8	686.625	1015.91	809.016	0.64209	0.35791	0.432365	0.516308	0.051326	1	0
0.231	6.200	1150	15368.7	686.624	1015.92	809.016	0.641861	0.358139	0.431375	0.517147	0.0514784	1	0
0.232	6.200	1150	15302.9	686.625	1015.91	809.016	0.639346	0.360654	0.431222	0.517528	0.0512498	1	0
0.233	6.200	1150	15475.1	686.621	1015.92	809.017	0.640375	0.359625	0.430765	0.517414	0.0518214	1	0
0.234	6.200	1150	15530.7	686.619	1015.92	809.017	0.635688	0.364312	0.430651	0.517375	0.0519738	1	0
0.235	6.200	1150	15652.2	686.615	1015.92	809.017	0.63283	0.36717	0.43046	0.517071	0.0524691	1	0
0.236	6.200	1150	15735.4	686.614	1015.92	809.017	0.626772	0.373228	0.42966	0.517642	0.0526978	1	0
0.237	6.200	1150	15867.6	686.611	1015.92	809.017	0.627229	0.372771	0.428136	0.518747	0.0531169	1	0
0.238	6.200	1150	15896.7	686.609	1015.92	809.017	0.624028	0.375972	0.428136	0.518595	0.0532693	1	0
0.239	6.200	1150	15954.7	686.608	1015.92	809.017	0.628029	0.371971	0.429317	0.517071	0.0536123	1	0
0.24	6.200	1150	16204.7	686.602	1015.92	809.017	0.628372	0.371628	0.429165	0.516423	0.0544124	1	0
0.241	6.200	1150	16360.9	686.597	1015.92	809.018	0.636831	0.363169	0.429813	0.515356	0.0548316	1	0
0.242	6.200	1150	16343.2	686.598	1015.92	809.018	0.633288	0.366712	0.428326	0.516842	0.0548316	1	0
0.243	6.200	1150	16488	686.595	1015.92	809.018	0.629172	0.370828	0.427641	0.517032	0.0553269	1	0
0.244	6.200	1150	16463.7	686.596	1015.92	809.018	0.623228	0.376772	0.427069	0.517642	0.0552888	1	0
0.245	6.200	1150	16489.4	686.595	1015.92	809.018	0.618198	0.381802	0.426726	0.517909	0.055365	1	0
0.246	6.200	1150	16521.7	686.596	1015.92	809.018	0.617856	0.382144	0.426802	0.517909	0.0552888	1	0
0.247	6.200	1150	16564.9	686.594	1015.92	809.018	0.615226	0.384774	0.427679	0.51688	0.0554412	1	0
0.248	6.200	1150	16567.4	686.594	1015.92	809.018	0.615226	0.384774	0.426764	0.517833	0.0554031	1	0
0.249	6.200	1150	16531.7	686.595	1015.92	809.018	0.618999	0.381001	0.426497	0.518137	0.055365	1	0
0.25	6.200	1150	16669.9	686.592	1015.92	809.018	0.615912	0.384088	0.425469	0.518671	0.0558604	1	0
0.251	6.200	1150	16692.7	686.591	1015.92	809.018	0.620599	0.379401	0.424287	0.519738	0.0559747	1	0
0.252	6.200	1150	16797.5	686.588	1015.92	809.018	0.621056	0.378944	0.423716	0.519852	0.0564319	1	0
0.253	6.200	1150	16836.5	686.587	1015.92	809.018	0.621742	0.378258	0.422611	0.520881	0.0565082	1	0
0.254	6.200	1150	16936.3	686.584	1015.92	809.018	0.622771	0.377229	0.421087	0.5221	0.056813	1	0
0.255	6.200	1150	17083.9	686.581	1015.92	809.018	0.620027	0.379973	0.420439	0.522253	0.0573083	1	0
0.256	6.200	1150	17278.5	686.575	1015.92	809.019	0.615569	0.384431	0.420096	0.521948	0.0579561	1	0
0.257	6.200	1150	17118.9	686.58	1015.92	809.018	0.619684	0.380316	0.419944	0.522672	0.0573845	1	0
0.258	6.200	1150	17216.4	686.577	1015.92	809.019	0.622542	0.377458	0.419296	0.522862	0.0578418	1	0
0.259	6.200	1150	17215.9	686.577	1015.92	809.019	0.622771	0.377229	0.417695	0.524463	0.0578418	1	0
0.26	6.200	1150	17324.5	686.574	1015.92	809.019	0.622428	0.377572	0.416819	0.52492	0.0582609	1	0
0.261	6.200	1150	17447.5	686.57	1015.92	809.019	0.622199	0.377801	0.417086	0.524196	0.0587182	1	0
0.262	6.200	1150	17500.3	686.569	1015.92	809.019	0.622428	0.377572	0.415714	0.525415	0.0588706	1	0
0.263	6.200	1150	17580.5	686.567	1015.92	809.019	0.615798	0.384202	0.415562	0.525263	0.0591754	1	0
0.264	6.200	1150	17539	686.568	1015.92	809.019	0.617055	0.382945	0.415333	0.525644	0.059023	1	0
0.265	6.200	1150	17472.9	686.569	1015.92	809.019	0.615341	0.384659	0.415409	0.525873	0.0587182	1	0
0.266	6.200	1150	17650	686.566	1015.92	809.019	0.616255	0.383745	0.415181	0.525492	0.0593278	1	0
0.267	6.200	1150	17786.5	686.562	1015.92	809.019	0.61214	0.38786	0.414419	0.525682	0.0598994	1	0
0.268	6.200	1150	17709.9	686.564	1015.92	809.019	0.610997	0.389003	0.413847	0.526444	0.0597089	1	0
0.269	6.200	1150	17612.2	686.567	1015.92	809.019	0.614312	0.385688	0.414495	0.526063	0.0594422	1	0
0.27	6.200	1150	17545.4	686.569	1015.92	809.019	0.609396	0.390604	0.413733	0.527092	0.0591754	1	0
0.271	6.200	1150	17745.1	686.565	1015.92	809.019	0.609511	0.390489	0.413428	0.526711	0.0598613	1	0
0.272	6.200	1150	17798.2	686.564	1015.92	809.019	0.606653	0.393347	0.412704	0.527321	0.0599756	1	0
0.273	6.200	1150	17878.6	686.562	1015.92	809.019	0.604938	0.395062	0.412971	0.526787	0.0602423	1	0
0.274	6.200	1150	18004.3	686.559	1015.92	809.019	0.606996	0.393004	0.412513	0.526825	0.0606615	1	0
0.275	6.200	1150	17976.6	686.559	1015.92	809.019	0.605396	0.394604	0.413085	0.526292	0.0606234	1	0
0.276	6.200	1150	18151.2	686.555	1015.92	809.019	0.607796	0.392204	0.412818	0.526101	0.0610806	1	0
0.277	6.200	1150	18121	686.556	1015.92	809.019	0.604024	0.395976	0.41198	0.527054	0.0609663	1	0
0.278	6.200	1150	18317.7	686.551	1015.92	809.02	0.601395	0.398605	0.411408	0.526939	0.0616522	1	0
0.279	6.200	1150	18271.5	686.553	1015.92	809.019	0.599223	0.400777	0.411523	0.527016	0.0614617	1	0
0.28	6.200	1150	18331.7	686.552	1015.92	809.02	0.597051	0.402949	0.412018	0.526254	0.0617284	1	0
0.281	6.200	1150	18421.7	686.55	1015.92	809.02	0.592478	0.407522	0.411713	0.526177	0.0621094	1	0
0.282	6.200	1150	18439.7	686.549	1015.92	809.02	0.589735	0.410265	0.411599	0.526177	0.0622237	1	0
0.283	6.200	1150	18376.4	686.55	1015.92	809.02	0.596594	0.403406	0.410761	0.527282	0.061957	1	0
0.284	6.200	1150	18474.6	686.547	1015.92	809.02	0.599108	0.400892	0.409808	0.527968	0.0622237	1	0
0.285	6.200	1150	18474.1	686.549	1015.92	809.02	0.593278	0.406722	0.408665	0.529035	0.0623	1	0
0.286	6.200	1150	18569.4	686.548	1015.92	809.02	0.59225	0.40775	0.407446	0.529988	0.0625667	1	0
0.287	6.200	1150	18699.1	686.545	1015.92	809.02	0.591335	0.408665	0.406036	0.531017	0.0629477	1	0
0.288	6.200	1150	18978.8	686.539	1015.92	809.02	0.594079	0.405921	0.405693	0.530369	0.0639384	1	0
0.289	6.200	1150	19102.5	686.536	1015.93	809.02	0.596479	0.403521	0.404283	0.531321	0.0643957	1	0
0.29	6.200	1150	19132.3	686.535	1015.93	809.02	0.589963	0.410037	0.404397	0.531093	0.06451	1	0
0.291	6.200	1150	19214.2	686.533	1015.93	809.02	0.585734	0.414266	0.404626	0.530483	0.064891	1	0
0.292	6.200	1150	19357.9	686.529	1015.93	809.02	0.584248	0.415752	0.40554	0.52915	0.0653102	1	0
0.293	6.200	1150	19326.4	686.529	1015.93	809.02	0.582419	0.417581	0.405693	0.529111	0.0651959	1	0
0.294	6.200	1150	19519	686.525	1015.93	809.021	0.581504	0.418496	0.405274	0.528845	0.0658817	1	0
0.295	6.200	1150	19534.5	686.525	1015.93	809.021	0.576703	0.423297	0.405312	0.528654	0.0660341	1	0
0.296	6.200	1150	19601.7	686.523	1015.93	809.021	0.57716	0.42284	0.405045	0.528692	0.0662628	1	0
0.297	6.200	1150	19848.8	686.518	1015.93	809.021	0.577503	0.422497	0.404969	0.528006	0.0670248	1	0
0.298	6.200	1150	19979.4	686.515	1015.93	809.021	0.578189	0.421811	0.405197	0.527282	0.0675202	1	0
0.299	6.200	1150	20088.7	686.513	1015.93	809.021	0.577846	0.422154	0.404816	0.527282	0.0679012	1	0
0.3	6.200	1150	19915.2	686.518	1015.93	809.021	0.577732	0.422268	0.404854	0.527625	0.0675202	1	0
0.301	6.200	1150	19999.6	686.516	1015.93	809.021	0.574188	0.425812	0.404245	0.528006	0.0677488	1	0
0.302	6.200	1150	19977.6	686.517	1015.93	809.021	0.569845	0.430155	0.405007	0.527321	0.0676726	1	0
0.303	6.200	1150	19928.5	686.518	1015.93	809.021	0.573274	0.426726	0.404931	0.527473	0.0675964	1	0
0.304	6.200	1150	19932.1	686.517	1015.93	809.021	0.580133	0.419867	0.40634	0.525987	0.0676726	1	0
0.305	6.200	1150	19961.4	686.517	1015.93	809.021	0.580704	0.419296	0.404816	0.527435	0.0677488	1	0
0.306	6.200	1150	19975.2	686.517	1015.93	809.021	0.580133	0.419867	0.405274	0.527016	0.0677107	1	0
0.307	6.200	1150	19882.6	686.519	1015.93	809.021	0.580704	0.419296	0.405197	0.527397	0.0674059	1	0
0.308	6.200	1150	19974	686.517	1015.93	809.021	0.580361	0.419639	0.405464	0.526787	0.0677488	1	0
0.309	6.200	1150	19993.7	686.517	1015.93	809.021	0.579675	0.420325	0.405159	0.52713	0.0677107	1	0
0.31	6.200	1150	19978.6	686.516	1015.93	809.021	0.580933	0.419067	0.405197	0.52713	0.0676726	1	0
0.311	6.200	1150	20054.4	686.515	1015.93	809.021	0.577846	0.422154	0.404512	0.527702	0.0677869	1	0
0.312	6.200	1150	20141.4	686.512	1015.93	809.021	0.576475	0.423525	0.404054	0.527854	0.0680918	1	0
0.313	6.200	1150	20056	686.515	1015.93	809.021	0.579104	0.420896	0.403025	0.529111	0.0678631	1	0
0.314	6.200	1150	20075.5	686.515	1015.93	809.021	0.578532	0.421468	0.40234	0.529645	0.0680155	1	0
0.315	6.200	1150	20294.1	686.51	1015.93	809.021	0.577961	0.422039	0.400511	0.53075	0.0687395	1	0
0.316	6.200	1150	20199.1	686.512	1015.93	809.021	0.57716	0.42284	0.399596	0.531931	0.0684728	1	0
0.317	6.200	1150	20166.5	686.513	1015.93	809.021	0.573617	0.426383	0.399749	0.531969	0.0682823	1	0
0.318	6.200	1150	20188.8	686.513	1015.93	809.021	0.573388	0.426612	0.398948	0.532655	0.0683966	1	0
0.319	6.200	1150	20236.2	686.511	1015.93	809.021	0.572359	0.427641	0.399291	0.532198	0.0685109	1	0
0.32	6.200	1150	20308.7	686.508	1015.93	809.021	0.574417	0.425583	0.399177	0.532045	0.0687776	1	0
0.321	6.200	1150	20492.9	686.504	1015.93	809.021	0.572359	0.427641	0.399558	0.531017	0.0694254	1	0
0.322	6.200	1150	20547.1	686.502	1015.93	809.021	0.573731	0.426269	0.399025	0.531474	0.0695016	1	0
0.323	6.200	1150	20446.9	686.504	1015.93	809.021	0.57053	0.42947	0.399177	0.531626	0.0691968	1	0
0.324	6.200	1150	20471.7	686.504	1015.93	809.021	0.570302	0.429698	0.399063	0.531626	0.0693111	1	0
0.325	6.200	1150	20469.2	686.504	1015.93	809.021	0.570416	0.429584	0.399177	0.53155	0.069273	1	0
0.326	6.200	1150	20535.5	686.503	1015.93	809.021	0.570187	0.429813	0.398758	0.531664	0.0695778	1	0
0.327	6.200	1150	20581.4	686.502	1015.93	809.021	0.573274	0.426726	0.398453	0.531817	0.0697302	1	0
0.328	6.200	1150	20572.6	686.501	1015.93	809.021	0.571559	0.428441	0.399215	0.531055	0.0697302	1	0
0.329	6.200	1150	20523.8	686.503	1015.93	809.021	0.568587	0.431413	0.400053	0.530331	0.0696159	1	0
0.33	6.200	1150	20428.9	686.505	1015.93	809.021	0.565958	0.434042	0.400053	0.530674	0.069273	1	0
0.331	6.200	1150	20509.5	686.503	1015.93	809.021	0.5639	0.4361	0.39971	0.53075	0.0695397	1	0
0.332	6.200	1150	20515.8	686.503	1015.93	809.021	0.566644	0.433356	0.398453	0.532122	0.0694254	1	0
0.333	6.200	1150	20470.4	686.505	1015.93	809.021	0.565844	0.434156	0.397538	0.533189	0.069273	1	0
0.334	6.200	1150	20306	686.507	1015.93	809.021	0.562414	0.437586	0.397234	0.533951	0.0688157	1	0
0.335	6.200	1150	20124.3	686.513	1015.93	809.021	0.567901	0.432099	0.398186	0.533722	0.0680918	1	0
0.336	6.200	1150	20047.5	686.513	1015.93	809.021	0.568358	0.431642	0.397272	0.534903	0.067825	1	0
0.337	6.200	1150	20208.1	686.509	1015.93	809.021	0.570187	0.429813	0.397729	0.533989	0.0682823	1	0
0.338	6.200	1150	20240.9	686.509	1015.93	809.021	0.569044	0.430956	0.397234	0.534294	0.0684728	1	0
0.339	6.200	1150	20129.9	686.512	1015.93	809.021	0.568473	0.431527	0.395976	0.535932	0.0680918	1	0
0.34	6.200	1150	20344	686.506	1015.93	809.021	0.56893	0.43107	0.3959	0.535246	0.0688538	1	0
0.341	6.200	1150	20437.6	686.503	1015.93	809.021	0.568587	0.431413	0.395595	0.53517	0.0692349	1	0
0.342	6.200	1150	20501.9	686.502	1015.93	809.022	0.567215	0.432785	0.395709	0.534827	0.0694635	1	0
0.343	6.200	1150	20502.2	686.502	1015.93	809.022	0.564243	0.435757	0.395062	0.535551	0.0693873	1	0
0.344	6.200	1150	20591.3	686.499	1015.93	809.022	0.56813	0.43187	0.394643	0.535627	0.0697302	1	0
0.345	6.200	1150	20636.6	686.499	1015.93	809.022	0.569502	0.430498	0.394223	0.53578	0.069997	1	0
0.346	6.200	1150	20700.9	686.497	1015.93	809.022	0.570302	0.429698	0.395481	0.534332	0.0701875	1	0
0.347	6.200	1150	20769.1	686.496	1015.93	809.022	0.574531	0.425469	0.395748	0.533913	0.0703399	1	0
0.348	6.200	1150	20773.3	686.497	1015.93	809.022	0.571102	0.428898	0.397005	0.532655	0.0703399	1	0
0.349	6.200	1150	20819.3	686.495	1015.93	809.022	0.562872	0.437128	0.397081	0.532426	0.0704923	1	0
0.35	6.200	1150	20912	686.493	1015.93	809.022	0.571102	0.428898	0.398301	0.531017	0.0706828	1	0
0.351	6.200	1150	20759	686.496	1015.93	809.022	0.56973	0.43027	0.398339	0.53155	0.0701113	1	0
0.352	6.200	1150	20834.1	686.494	1015.93	809.022	0.567673	0.432327	0.399101	0.530369	0.0705304	1	0
0.353	6.200	1150	21013	686.489	1015.93	809.022	0.564243	0.435757	0.399367	0.529378	0.0712544	1	0
0.354	6.200	1150	20740.2	686.496	1015.93	809.022	0.564243	0.435757	0.399634	0.530026	0.0703399	1	0
0.355	6.200	1150	20781.9	686.494	1015.93	809.022	0.561957	0.438043	0.399329	0.530255	0.0704161	1	0
0.356	6.200	1150	20845.5	686.493	1015.93	809.022	0.559899	0.440101	0.39952	0.530026	0.0704542	1	0
0.357	6.200	1150	20824.7	686.495	1015.93	809.022	0.562643	0.437357	0.399825	0.529683	0.0704923	1	0
0.358	6.200	1150	20810.9	686.495	1015.93	809.022	0.559214	0.440786	0.400434	0.529188	0.070378	1	0
0.359	6.200	1150	20779.2	686.496	1015.93	809.022	0.556927	0.443073	0.399977	0.529759	0.0702637	1	0
0.36	6.200	1150	20976	686.491	1015.93	809.022	0.556241	0.443759	0.399406	0.529569	0.0710258	1	0
0.361	6.200	1150	21115.4	686.488	1015.93	809.022	0.553269	0.446731	0.399291	0.529416	0.0712925	1	0
0.362	6.200	1150	21154.9	686.487	1015.93	809.022	0.55487	0.44513	0.398682	0.529835	0.071483	1	0
0.363	6.200	1150	21106.8	686.487	1015.93	809.022	0.560128	0.439872	0.398148	0.530521	0.0713306	1	0
0.364	6.200	1150	21166	686.486	1015.93	809.022	0.552012	0.447988	0.398224	0.530331	0.0714449	1	0
0.365	6.200	1150	21195.6	686.484	1015.93	809.022	0.555327	0.444673	0.398529	0.529912	0.0715592	1	0
0.366	6.200	1150	21151.2	686.485	1015.93	809.022	0.551898	0.448102	0.398301	0.530255	0.0714449	1	0
0.367	6.200	1150	21258	686.482	1015.93	809.022	0.548583	0.451417	0.398262	0.529759	0.0719784	1	0
0.368	6.200	1150	21295.7	686.481	1015.93	809.023	0.54904	0.45096	0.398262	0.529721	0.0720165	1	0
0.369	6.200	1150	21350.7	686.48	1015.93	809.023	0.55064	0.44936	0.397958	0.529721	0.0723213	1	0
0.37	6.200	1150	21502.1	686.475	1015.93	809.023	0.553269	0.446731	0.398567	0.528616	0.0728166	1	0
0.371	6.200	1150	21397.6	686.477	1015.93	809.023	0.54824	0.45176	0.397767	0.529607	0.0726261	1	0
0.372	6.200	1150	21563	686.473	1015.93	809.023	0.543896	0.456104	0.398491	0.528121	0.0733882	1	0
0.373	6.200	1150	21737.2	686.469	1015.93	809.023	0.543667	0.456333	0.398834	0.527206	0.0739598	1	0
0.374	6.200	1150	21767.1	686.469	1015.93	809.023	0.546754	0.453246	0.398682	0.527359	0.0739598	1	0
0.375	6.200	1150	21872.5	686.467	1015.93	809.023	0.546411	0.453589	0.397843	0.527892	0.0742646	1	0
0.376	6.200	1150	21860.8	686.468	1015.93	809.023	0.541724	0.458276	0.396662	0.529188	0.0741503	1	0
0.377	6.200	1150	21788.6	686.47	1015.93	809.023	0.541038	0.458962	0.39651	0.529607	0.0738836	1	0
0.378	6.200	1150	21856.8	686.468	1015.93	809.023	0.544696	0.455304	0.395595	0.530216	0.0741884	1	0
0.379	6.200	1150	21762.8	686.471	1015.93	809.023	0.548468	0.451532	0.395405	0.530674	0.0739217	1	0
0.38	6.200	1150	21819.5	686.469	1015.93	809.023	0.552583	0.447417	0.396052	0.529912	0.074036	1	0
0.381	6.200	1150	21715.5	686.472	1015.93	809.023	0.554184	0.445816	0.395367	0.53094	0.073693	1	0
0.382	6.200	1150	21942.6	686.467	1015.93	809.023	0.556013	0.443987	0.395367	0.530102	0.0745313	1	0
0.383	6.200	1150	21972.1	686.466	1015.93	809.023	0.558185	0.441815	0.395062	0.530293	0.0746456	1	0
0.384	6.200	1150	22106	686.462	1015.93	809.023	0.558185	0.441815	0.3951	0.529873	0.0750267	1	0
0.385	6.200	1150	22157.6	686.46	1015.93	809.023	0.553841	0.446159	0.395138	0.529721	0.075141	1	0
0.386	6.200	1150	22138.5	686.461	1015.93	809.023	0.556927	0.443073	0.39529	0.529531	0.0751791	1	0
0.387	6.200	1150	22012.1	686.464	1015.93	809.023	0.557842	0.442158	0.394262	0.530902	0.0748362	1	0
0.388	6.200	1150	21887.8	686.468	1015.93	809.023	0.557042	0.442958	0.394338	0.531321	0.0743408	1	0
0.389	6.200	1150	22034	686.465	1015.93	809.023	0.550869	0.449131	0.394262	0.530864	0.0748743	1	0
0.39	6.200	1150	22123.3	686.463	1015.93	809.023	0.547439	0.452561	0.394566	0.530331	0.0751029	1	0
0.391	6.200	1150	22316.1	686.458	1015.93	809.023	0.541952	0.458048	0.393842	0.530407	0.0757506	1	0
0.392	6.200	1150	22444.2	686.454	1015.93	809.024	0.540466	0.459534	0.394071	0.529797	0.0761317	1	0
0.393	6.200	1150	22477.6	686.453	1015.93	809.024	0.540924	0.459076	0.394338	0.529454	0.0762079	1	0
0.394	6.200	1150	22348.4	686.456	1015.93	809.024	0.541381	0.458619	0.394109	0.530064	0.0758269	1	0
0.395	6.200	1150	22394.5	686.455	1015.93	809.024	0.534865	0.465135	0.393804	0.530255	0.0759412	1	0
0.396	6.200	1150	22363.3	686.456	1015.93	809.024	0.542067	0.457933	0.39308	0.531131	0.0757888	1	0
0.397	6.200	1150	22361	686.455	1015.93	809.024	0.553498	0.446502	0.392356	0.531817	0.0758269	1	0
0.398	6.200	1150	22321.2	686.456	1015.93	809.024	0.550183	0.449817	0.39209	0.53216	0.0757506	1	0
0.399	6.200	1150	22386.4	686.455	1015.93	809.024	0.550069	0.449931	0.392394	0.531664	0.0759412	1	0
0.4	6.200	1150	22383.4	686.456	1015.93	809.024	0.548468	0.451532	0.391823	0.532236	0.0759412	1	0
0.401	6.200	1150	22374.2	686.457	1015.93	809.023	0.55064	0.44936	0.391328	0.532807	0.075865	1	0
0.402	6.200	1150	22311.4	686.457	1015.93	809.023	0.547096	0.452904	0.391747	0.532541	0.0757125	1	0
0.403	6.200	1150	22309.1	686.458	1015.93	809.023	0.546068	0.453932	0.391556	0.532693	0.0757506	1	0
0.404	6.200	1150	22450.4	686.454	1015.93	809.024	0.547782	0.452218	0.389841	0.533913	0.076246	1	0
0.405	6.200	1150	22504	686.454	1015.93	809.024	0.55064	0.44936	0.390032	0.533646	0.0763222	1	0
0.406	6.200	1150	22445.1	686.455	1015.93	809.024	0.544925	0.455075	0.391213	0.532579	0.0762079	1	0
0.407	6.200	1150	22507.8	686.453	1015.93	809.024	0.544353	0.455647	0.391137	0.532503	0.0763603	1	0
0.408	6.200	1150	22411.5	686.455	1015.93	809.024	0.540238	0.459762	0.390604	0.533379	0.0760174	1	0
0.409	6.200	1150	22616.8	686.449	1015.93	809.024	0.539895	0.460105	0.391289	0.532045	0.0766651	1	0
0.41	6.200	1150	22397.4	686.454	1015.93	809.024	0.540695	0.459305	0.391251	0.532846	0.0759031	1	0
0.411	6.200	1150	22422.1	686.453	1015.93	809.024	0.538752	0.461248	0.389956	0.534141	0.0759031	1	0
0.412	6.200	1150	22458.3	686.453	1015.93	809.024	0.54241	0.45759	0.389956	0.534103	0.0759412	1	0
0.413	6.200	1150	22431.8	686.452	1015.93	809.024	0.543324	0.456676	0.38927	0.534865	0.075865	1	0
0.414	6.200	1150	22643.1	686.447	1015.93	809.024	0.553269	0.446731	0.389994	0.533493	0.0765127	1	0
0.415	6.200	1150	22804.2	686.443	1015.93	809.024	0.549611	0.450389	0.390223	0.532769	0.0770081	1	0
0.416	6.200	1150	22839.3	686.442	1015.93	809.024	0.542981	0.457019	0.389384	0.533531	0.0770843	1	0
0.417	6.200	1150	23139.2	686.435	1015.94	809.025	0.543781	0.456219	0.388775	0.533112	0.0781131	1	0
0.418	6.200	1150	23181.1	686.434	1015.94	809.025	0.540009	0.459991	0.388127	0.53357	0.0783036	1	0
0.419	6.200	1150	23143.8	686.436	1015.94	809.024	0.543667	0.456333	0.389232	0.532617	0.0781512	1	0
0.42	6.200	1150	23090.8	686.436	1015.94	809.024	0.541495	0.458505	0.389232	0.532731	0.0780369	1	0
0.421	6.200	1150	23201.1	686.433	1015.94	809.025	0.544467	0.455533	0.389041	0.532465	0.0784941	1	0
0.422	6.200	1150	23323.2	686.43	1015.94	809.025	0.542638	0.457362	0.38988	0.531245	0.0788752	1	0
0.423	6.200	1150	23345.8	686.429	1015.94	809.025	0.542981	0.457019	0.388851	0.532274	0.0788752	1	0
0.424	6.200	1150	23364.9	686.429	1015.94	809.025	0.54561	0.45439	0.388698	0.532274	0.0790276	1	0
0.425	6.200	1150	23324.1	686.43	1015.94	809.025	0.545039	0.454961	0.388698	0.532388	0.0789133	1	0
0.426	6.200	1150	23404.5	686.429	1015.94	809.025	0.544696	0.455304	0.388736	0.532084	0.07918	1	0
0.427	6.200	1150	23378.3	686.429	1015.94	809.025	0.547096	0.452904	0.388355	0.532503	0.0791419	1	0
0.428	6.200	1150	23546.2	686.425	1015.94	809.025	0.545039	0.454961	0.388051	0.532274	0.0796754	1	0
0.429	6.200	1150	23483.6	686.427	1015.94	809.025	0.545039	0.454961	0.387289	0.533265	0.0794467	1	0
0.43	6.200	1150	23559.8	686.425	1015.94	809.025	0.546639	0.453361	0.387746	0.532465	0.0797897	1	0
0.431	6.200	1150	23584.9	686.425	1015.94	809.025	0.545496	0.454504	0.387517	0.532579	0.079904	1	0
0.432	6.200	1150	23439.3	686.429	1015.94	809.025	0.546639	0.453361	0.386869	0.533684	0.0794467	1	0
0.433	6.200	1150	23470.8	686.429	1015.94	809.025	0.545039	0.454961	0.387441	0.532846	0.0797135	1	0
0.434	6.200	1150	23396.9	686.431	1015.94	809.025	0.548125	0.451875	0.387136	0.533455	0.0794086	1	0
0.435	6.200	1150	23598.7	686.426	1015.94	809.025	0.551555	0.448445	0.386488	0.533417	0.0800945	1	0
0.436	6.200	1150	23639.8	686.425	1015.94	809.025	0.55064	0.44936	0.386603	0.533189	0.0802088	1	0
0.437	6.200	1150	23476.1	686.429	1015.94	809.025	0.547554	0.452446	0.386031	0.53437	0.0795991	1	0
0.438	6.200	1150	23420.6	686.432	1015.94	809.024	0.550183	0.449817	0.385879	0.534979	0.0791419	1	0
0.439	6.200	1150	23504.1	686.43	1015.94	809.025	0.550754	0.449246	0.386603	0.533989	0.0794086	1	0
0.44	6.200	1150	23564.5	686.428	1015.94	809.025	0.548697	0.451303	0.385498	0.534827	0.0796754	1	0
0.441	6.200	1150	23527.9	686.428	1015.94	809.025	0.552698	0.447302	0.38645	0.534103	0.0794467	1	0
0.442	6.200	1150	23553	686.427	1015.94	809.025	0.553498	0.446502	0.386107	0.53437	0.0795229	1	0
0.443	6.200	1150	23503.1	686.429	1015.94	809.025	0.552698	0.447302	0.386184	0.534446	0.0793705	1	0
0.444	6.200	1150	23480.2	686.428	1015.94	809.025	0.54824	0.45176	0.386412	0.534294	0.0792943	1	0
0.445	6.200	1150	23647.6	686.423	1015.94	809.025	0.545382	0.454618	0.386336	0.533874	0.0797897	1	0
0.446	6.200	1150	23769.2	686.42	1015.94	809.025	0.548811	0.451189	0.386984	0.532922	0.0800945	1	0
0.447	6.200	1150	23501.8	686.426	1015.94	809.025	0.547325	0.452675	0.386717	0.533913	0.0793705	1	0
0.448	6.200	1150	23523.3	686.424	1015.94	809.025	0.544124	0.455876	0.386488	0.533989	0.0795229	1	0
0.449	6.200	1150	23333.5	686.428	1015.94	809.025	0.546296	0.453704	0.38645	0.534598	0.0789514	1	0
0.45	6.200	1150	23289	686.43	1015.94	809.025	0.547554	0.452446	0.386526	0.534751	0.0787228	1	0
0.451	6.200	1150	23237.8	686.431	1015.94	809.025	0.541267	0.458733	0.386336	0.535094	0.0785703	1	0
0.452	6.200	1150	23340.4	686.429	1015.94	809.025	0.544353	0.455647	0.385955	0.535132	0.0789133	1	0
0.453	6.200	1150	23389.1	686.427	1015.94	809.025	0.541152	0.458848	0.386336	0.534675	0.0789895	1	0
0.454	6.200	1150	23366	686.427	1015.94	809.025	0.535894	0.464106	0.385383	0.535703	0.0789133	1	0
0.455	6.200	1150	23385.1	686.427	1015.94	809.025	0.537494	0.462506	0.386298	0.534636	0.0790657	1	0
0.456	6.200	1150	23362.8	686.428	1015.94	809.025	0.532807	0.467193	0.386298	0.534713	0.0789895	1	0
0.457	6.200	1150	23346.5	686.428	1015.94	809.025	0.532579	0.467421	0.386641	0.534408	0.0789514	1	0
0.458	6.200	1150	23356.3	686.428	1015.94	809.025	0.536123	0.463877	0.386069	0.534903	0.0790276	1	0
0.459	6.200	1150	23468.3	686.426	1015.94	809.025	0.539666	0.460334	0.385269	0.535322	0.0794086	1	0
0.46	6.200	1150	23376	686.428	1015.94	809.025	0.533379	0.466621	0.384812	0.536008	0.07918	1	0
0.461	6.200	1150	23427.5	686.427	1015.94	809.025	0.530864	0.469136	0.384736	0.535894	0.0793705	1	0
0.462	6.200	1150	23408.1	686.428	1015.94	809.025	0.526177	0.473823	0.385193	0.535589	0.0792181	1	0
0.463	6.200	1150	23577.4	686.425	1015.94	809.025	0.529607	0.470393	0.385498	0.534789	0.0797135	1	0
0.464	6.200	1150	23713.1	686.421	1015.94	809.025	0.531779	0.468221	0.385307	0.534522	0.0801707	1	0
0.465	6.200	1150	23843.2	686.417	1015.94	809.025	0.528921	0.471079	0.385688	0.533646	0.0806661	1	0
0.466	6.200	1150	23781.7	686.418	1015.94	809.025	0.530178	0.469822	0.38645	0.533036	0.0805136	1	0
0.467	6.200	1150	23878.4	686.416	1015.94	809.025	0.533836	0.466164	0.385955	0.533189	0.0808566	1	0
0.468	6.200	1150	23752.7	686.418	1015.94	809.025	0.530178	0.469822	0.385383	0.534255	0.0803612	1	0
0.469	6.200	1150	23694	686.419	1015.94	809.025	0.530293	0.469707	0.385421	0.534294	0.080285	1	0
0.47	6.200	1150	23757.5	686.417	1015.94	809.025	0.530636	0.469364	0.385726	0.533951	0.0803231	1	0
0.471	6.200	1150	23679.8	686.419	1015.94	809.025	0.535094	0.464906	0.385612	0.53437	0.0800183	1	0
0.472	6.200	1150	23650.9	686.419	1015.94	809.025	0.528121	0.471879	0.385383	0.53456	0.0800564	1	0
0.473	6.200	1150	23710.2	686.419	1015.94	809.025	0.527892	0.472108	0.384126	0.535589	0.080285	1	0
0.474	6.200	1150	23864.8	686.414	1015.94	809.026	0.52412	0.47588	0.383478	0.535589	0.0809328	1	0
0.475	6.200	1150	23890.9	686.415	1015.94	809.026	0.525377	0.474623	0.383059	0.536046	0.0808947	1	0
0.476	6.200	1150	23905.8	686.414	1015.94	809.026	0.52332	0.47668	0.382449	0.536656	0.0808947	1	0
0.477	6.200	1150	23842.8	686.414	1015.94	809.026	0.520576	0.479424	0.382754	0.536504	0.0807423	1	0
0.478	6.200	1150	23758.9	686.416	1015.94	809.026	0.519662	0.480338	0.382526	0.536923	0.0805517	1	0
0.479	6.200	1150	23616	686.419	1015.94	809.025	0.520348	0.479652	0.382678	0.537189	0.0801326	1	0
0.48	6.200	1150	23642.5	686.418	1015.94	809.025	0.518519	0.481481	0.382297	0.537494	0.0802088	1	0
0.481	6.200	1150	23555.7	686.42	1015.94	809.025	0.519433	0.480567	0.382297	0.537799	0.079904	1	0
0.482	6.200	1150	23570.7	686.42	1015.94	809.025	0.517261	0.482739	0.381687	0.538294	0.0800183	1	0
0.483	6.200	1150	23551.1	686.421	1015.94	809.025	0.517947	0.482053	0.381611	0.538599	0.0797897	1	0
0.484	6.200	1150	23742.6	686.419	1015.94	809.025	0.514975	0.485025	0.380963	0.538676	0.0803612	1	0
0.485	6.200	1150	23845	686.417	1015.94	809.025	0.514289	0.485711	0.379782	0.539552	0.0806661	1	0
0.486	6.200	1150	23863.4	686.416	1015.94	809.025	0.51406	0.48594	0.380354	0.53898	0.0806661	1	0
0.487	6.200	1150	24000.2	686.414	1015.94	809.025	0.516575	0.483425	0.380125	0.538637	0.0812376	1	0
0.488	6.200	1150	24122.5	686.411	1015.94	809.026	0.516918	0.483082	0.380163	0.538066	0.0817711	1	0
0.489	6.200	1150	23984.6	686.415	1015.94	809.025	0.517375	0.482625	0.379858	0.538714	0.0814281	1	0
0.49	6.200	1150	24120.9	686.412	1015.94	809.025	0.516461	0.483539	0.379553	0.538561	0.0818854	1	0
0.491	6.200	1150	24185.3	686.412	1015.94	809.025	0.51749	0.48251	0.379858	0.538104	0.0820378	1	0
0.492	6.200	1150	24359.4	686.408	1015.94	809.026	0.51909	0.48091	0.379249	0.53818	0.0825713	1	0
0.493	6.200	1150	24321.8	686.408	1015.94	809.026	0.522634	0.477366	0.379553	0.537952	0.082495	1	0
0.494	6.200	1150	24203.3	686.411	1015.94	809.025	0.521148	0.478852	0.379477	0.538409	0.082114	1	0
0.495	6.200	1150	24312.2	686.408	1015.94	809.026	0.523777	0.476223	0.379744	0.537837	0.0824188	1	0
0.496	6.200	1150	24211	686.411	1015.94	809.026	0.52492	0.47508	0.379553	0.538333	0.082114	1	0
0.497	6.200	1150	24307.1	686.408	1015.94	809.026	0.534636	0.465364	0.378448	0.539057	0.082495	1	0
0.498	6.200	1150	24178.5	686.412	1015.94	809.025	0.529607	0.470393	0.378525	0.539361	0.082114	1	0
0.499	6.200	1150	24247.9	686.41	1015.94	809.026	0.52412	0.47588	0.378372	0.539285	0.0823426	1	0
0.5	6.200	1150	24120.7	686.411	1015.94	809.026	0.524577	0.475423	0.378601	0.539399	0.0819997	1	0
0.501	6.200	1150	24158.9	686.41	1015.94	809.026	0.523205	0.476795	0.378944	0.53898	0.0820759	1	0
0.502	6.200	1150	24274.5	686.407	1015.94	809.026	0.52652	0.47348	0.377877	0.539666	0.0824569	1	0
0.503	6.200	1150	24258.8	686.408	1015.94	809.026	0.529607	0.470393	0.37822	0.539438	0.0823426	1	0
0.504	6.200	1150	24392.4	686.405	1015.94	809.026	0.521033	0.478967	0.378296	0.538866	0.082838	1	0
0.505	6.200	1150	24407	686.404	1015.94	809.026	0.521719	0.478281	0.379287	0.537799	0.0829142	1	0
0.506	6.200	1150	24456.1	686.402	1015.94	809.026	0.530521	0.469479	0.379134	0.537837	0.0830285	1	0
0.507	6.200	1150	24297.7	686.406	1015.94	809.026	0.530979	0.469021	0.378372	0.539133	0.082495	1	0
0.508	6.200	1150	24049	686.412	1015.94	809.026	0.528235	0.471765	0.378944	0.539361	0.0816949	1	0
0.509	6.200	1150	23960	686.414	1015.94	809.025	0.527206	0.472794	0.378487	0.540047	0.0814662	1	0
0.51	6.200	1150	23905.7	686.415	1015.94	809.025	0.528464	0.471536	0.377724	0.541	0.0812757	1	0
0.511	6.200	1150	23929.8	686.415	1015.94	809.025	0.530636	0.469364	0.377763	0.540924	0.0813138	1	0
0.512	6.200	1150	23971.4	686.415	1015.94	809.025	0.531779	0.468221	0.377991	0.540504	0.0815043	1	0
0.513	6.200	1150	24045.9	686.414	1015.94	809.025	0.531093	0.468907	0.378372	0.540047	0.0815806	1	0
0.514	6.200	1150	24234.7	686.409	1015.94	809.026	0.531779	0.468221	0.378258	0.539552	0.0821902	1	0
0.515	6.200	1150	24082.6	686.412	1015.94	809.026	0.526978	0.473022	0.379706	0.538599	0.0816949	1	0
0.516	6.200	1150	24081	686.412	1015.94	809.026	0.530521	0.469479	0.379592	0.538599	0.0818092	1	0
0.517	6.200	1150	24034.9	686.414	1015.94	809.025	0.533265	0.466735	0.380239	0.53818	0.0815806	1	0
0.518	6.200	1150	24085.3	686.412	1015.94	809.026	0.532807	0.467193	0.380049	0.538104	0.0818473	1	0
0.519	6.200	1150	24000.2	686.413	1015.94	809.026	0.529264	0.470736	0.379287	0.539095	0.0816187	1	0
0.52	6.200	1150	23869.8	686.416	1015.94	809.025	0.530293	0.469707	0.380049	0.53879	0.0811614	1	0
0.521	6.200	1150	23926.4	686.414	1015.94	809.026	0.532465	0.467535	0.380125	0.538637	0.0812376	1	0
0.522	6.200	1150	24011.5	686.411	1015.94	809.026	0.525834	0.474166	0.380201	0.538218	0.0815806	1	0
0.523	6.200	1150	24018.2	686.412	1015.94	809.026	0.526749	0.473251	0.379096	0.539399	0.0815043	1	0
0.524	6.200	1150	24008.3	686.411	1015.94	809.026	0.524463	0.475537	0.378448	0.540162	0.08139	1	0
0.525	6.200	1150	24078.9	686.409	1015.94	809.026	0.524463	0.475537	0.378906	0.539514	0.0815806	1	0
0.526	6.200	1150	24264.5	686.405	1015.94	809.026	0.525949	0.474051	0.378715	0.539018	0.0822664	1	0
0.527	6.200	1150	24298.6	686.404	1015.94	809.026	0.524005	0.475995	0.378448	0.539361	0.0821902	1	0
0.528	6.200	1150	24200.7	686.407	1015.94	809.026	0.528121	0.471879	0.378639	0.539399	0.0819616	1	0
0.529	6.200	1150	24134.6	686.409	1015.94	809.026	0.530407	0.469593	0.378982	0.539247	0.0817711	1	0
0.53	6.200	1150	24090.4	686.411	1015.94	809.026	0.527663	0.472337	0.378448	0.540009	0.0815424	1	0
0.531	6.200	1150	24138.1	686.412	1015.94	809.025	0.525949	0.474051	0.377801	0.540581	0.0816187	1	0
0.532	6.200	1150	24197.8	686.41	1015.94	809.026	0.524463	0.475537	0.377953	0.540314	0.081733	1	0
0.533	6.200	1150	24089.3	686.413	1015.94	809.025	0.523891	0.476109	0.378982	0.539704	0.0813138	1	0
0.534	6.200	1150	24169.6	686.409	1015.94	809.026	0.526978	0.473022	0.37902	0.539361	0.0816187	1	0
0.535	6.200	1150	24175.6	686.409	1015.94	809.026	0.528578	0.471422	0.379134	0.539247	0.0816187	1	0
0.536	6.200	1150	24369	686.405	1015.94	809.026	0.531207	0.468793	0.377953	0.539857	0.0821902	1	0
0.537	6.200	1150	24437.6	686.405	1015.94	809.026	0.530864	0.469136	0.378258	0.539323	0.0824188	1	0
0.538	6.200	1150	24340.3	686.408	1015.94	809.026	0.529607	0.470393	0.377915	0.539971	0.082114	1	0
0.539	6.200	1150	24250.7	686.41	1015.94	809.026	0.518976	0.481024	0.377534	0.540657	0.0818092	1	0
0.54	6.200	1150	24040.1	686.415	1015.94	809.025	0.516918	0.483082	0.378372	0.540504	0.0811233	1	0
0.541	6.200	1150	24319.7	686.409	1015.94	809.026	0.517261	0.482739	0.377343	0.540581	0.0820759	1	0
0.542	6.200	1150	24344.6	686.409	1015.94	809.026	0.521376	0.478624	0.377839	0.540009	0.0821521	1	0
0.543	6.200	1150	24593.9	686.404	1015.94	809.026	0.524806	0.475194	0.377839	0.539171	0.0829904	1	0
0.544	6.200	1150	24444.3	686.407	1015.94	809.026	0.526177	0.473823	0.378296	0.539247	0.0824569	1	0
0.545	6.200	1150	24411.7	686.409	1015.94	809.025	0.524577	0.475423	0.378639	0.538828	0.0825332	1	0
0.546	6.200	1150	24294.5	686.412	1015.94	809.025	0.525492	0.474508	0.378715	0.539171	0.082114	1	0
0.547	6.200	1150	24373.8	686.41	1015.94	809.025	0.515661	0.484339	0.377801	0.539704	0.082495	1	0
0.548	6.200	1150	24479.1	686.407	1015.94	809.026	0.520576	0.479424	0.376962	0.5402	0.082838	1	0
0.549	6.200	1150	24238.2	686.413	1015.94	809.025	0.521605	0.478395	0.376848	0.54119	0.0819616	1	0
0.55	6.200	1150	24154.3	686.417	1015.94	809.025	0.517604	0.482396	0.377534	0.540847	0.0816187	1	0
0.551	6.200	1150	24239.7	686.414	1015.94	809.025	0.518519	0.481481	0.379096	0.53898	0.0819235	1	0
0.552	6.200	1150	24157.4	686.416	1015.94	809.025	0.525492	0.474508	0.378753	0.53959	0.0816568	1	0
0.553	6.200	1150	24129.3	686.416	1015.94	809.025	0.523548	0.476452	0.378677	0.539781	0.0815424	1	0
0.554	6.200	1150	24127.2	686.416	1015.94	809.025	0.524806	0.475194	0.378868	0.539666	0.0814662	1	0
0.555	6.200	1150	24169.1	686.414	1015.94	809.025	0.527092	0.472908	0.379668	0.538714	0.0816187	1	0
0.556	6.200	1150	24152.3	686.414	1015.94	809.025	0.529378	0.470622	0.380316	0.538142	0.0815424	1	0
0.557	6.200	1150	24171.8	686.414	1015.94	809.025	0.531893	0.468107	0.38123	0.537037	0.081733	1	0
0.558	6.200	1150	24135.1	686.414	1015.94	809.025	0.532236	0.467764	0.381001	0.537342	0.0816568	1	0
0.559	6.200	1150	24375.5	686.408	1015.94	809.026	0.530064	0.469936	0.381649	0.535818	0.0825332	1	0
0.56	6.200	1150	24272.7	686.413	1015.94	809.025	0.526863	0.473137	0.382335	0.535513	0.0821521	1	0
0.561	6.200	1150	24172.7	686.415	1015.94	809.025	0.527892	0.472108	0.382106	0.536046	0.0818473	1	0
0.562	6.200	1150	23964.3	686.421	1015.94	809.025	0.53235	0.46765	0.382144	0.536732	0.0811233	1	0
0.563	6.200	1150	23901.2	686.423	1015.94	809.025	0.533722	0.466278	0.379858	0.539209	0.0809328	1	0
0.564	6.200	1150	23817.1	686.424	1015.94	809.025	0.533036	0.466964	0.380506	0.53879	0.0807042	1	0
0.565	6.200	1150	24058	686.418	1015.94	809.025	0.532579	0.467421	0.379973	0.538599	0.0814281	1	0
0.566	6.200	1150	24112.6	686.417	1015.94	809.025	0.532922	0.467078	0.380354	0.53799	0.0816568	1	0
0.567	6.200	1150	24020.3	686.42	1015.94	809.025	0.529492	0.470508	0.379973	0.538828	0.0811995	1	0
0.568	6.200	1150	23839	686.424	1015.94	809.025	0.534179	0.465821	0.379896	0.539399	0.0807042	1	0
0.569	6.200	1150	23873.6	686.424	1015.94	809.025	0.534751	0.465249	0.381116	0.53799	0.0808947	1	0
0.57	6.200	1150	23672.8	686.428	1015.94	809.025	0.536237	0.463763	0.381192	0.538637	0.0801707	1	0
0.571	6.200	1150	23581.7	686.43	1015.94	809.024	0.540123	0.459877	0.380849	0.539247	0.079904	1	0
0.572	6.200	1150	23618.1	686.43	1015.94	809.024	0.542181	0.457819	0.381078	0.539018	0.079904	1	0
0.573	6.200	1150	23592.5	686.43	1015.94	809.024	0.540123	0.459877	0.381268	0.538752	0.0799802	1	0
0.574	6.200	1150	23453	686.433	1015.94	809.024	0.538866	0.461134	0.382373	0.538104	0.0795229	1	0
0.575	6.200	1150	23405	686.434	1015.94	809.024	0.537723	0.462277	0.382411	0.538256	0.0793324	1	0
0.576	6.200	1150	23496.2	686.432	1015.94	809.024	0.542524	0.457476	0.381154	0.539209	0.0796373	1	0
0.577	6.200	1150	23754.7	686.427	1015.94	809.025	0.532693	0.467307	0.381421	0.538104	0.0804755	1	0
0.578	6.200	1150	23773.3	686.426	1015.94	809.025	0.527435	0.472565	0.381878	0.537609	0.0805136	1	0
0.579	6.200	1150	23659.5	686.429	1015.94	809.024	0.523205	0.476795	0.382297	0.537532	0.0801707	1	0
0.58	6.200	1150	23542.6	686.432	1015.94	809.024	0.524691	0.475309	0.38283	0.537342	0.0798278	1	0
0.581	6.200	1150	23570.4	686.433	1015.94	809.024	0.52412	0.47588	0.384164	0.536046	0.0797897	1	0
0.582	6.200	1150	23532.7	686.434	1015.94	809.024	0.526063	0.473937	0.384545	0.535665	0.0797897	1	0
0.583	6.200	1150	23615.4	686.432	1015.94	809.024	0.52412	0.47588	0.383935	0.536046	0.0800183	1	0
0.584	6.200	1150	23553.1	686.434	1015.94	809.024	0.528692	0.471308	0.384583	0.535665	0.0797516	1	0
0.585	6.200	1150	23549	686.433	1015.94	809.024	0.531207	0.468793	0.383973	0.536351	0.0796754	1	0
0.586	6.200	1150	23564.9	686.433	1015.94	809.024	0.53315	0.46685	0.384774	0.535589	0.0796373	1	0
0.587	6.200	1150	23500.4	686.434	1015.94	809.024	0.534408	0.465592	0.383783	0.536732	0.0794848	1	0
0.588	6.200	1150	23602.6	686.431	1015.94	809.024	0.541724	0.458276	0.384088	0.536161	0.0797516	1	0
0.589	6.200	1150	23479	686.434	1015.94	809.024	0.542524	0.457476	0.384202	0.536427	0.0793705	1	0
0.59	6.200	1150	23498.7	686.433	1015.94	809.024	0.539781	0.460219	0.385193	0.535322	0.0794848	1	0
0.591	6.200	1150	23485.7	686.433	1015.94	809.024	0.543667	0.456333	0.385269	0.535284	0.0794467	1	0
0.592	6.200	1150	23553.4	686.432	1015.94	809.024	0.546182	0.453818	0.384659	0.535818	0.0795229	1	0
0.593	6.200	1150	23296.6	686.438	1015.94	809.024	0.544582	0.455418	0.385307	0.535932	0.0787609	1	0
0.594	6.200	1150	23239.4	686.44	1015.94	809.024	0.543781	0.456219	0.385612	0.535894	0.0784941	1	0
0.595	6.200	1150	23328.1	686.438	1015.94	809.024	0.54481	0.45519	0.384316	0.536923	0.0787609	1	0
0.596	6.200	1150	23314.4	686.437	1015.94	809.024	0.543324	0.456676	0.383897	0.537342	0.0787609	1	0
0.597	6.200	1150	23211.8	686.44	1015.94	809.024	0.539552	0.460448	0.382945	0.538637	0.0784179	1	0
0.598	6.200	1150	23393.4	686.435	1015.94	809.024	0.540009	0.459991	0.382564	0.538333	0.0791038	1	0
0.599	6.200	1150	23326.8	686.436	1015.94	809.024	0.537494	0.462506	0.383059	0.538142	0.078799	1	0
0.6	6.200	1150	23380.5	686.435	1015.94	809.024	0.534636	0.465364	0.383211	0.537723	0.0790657	1	0
0.601	6.200	1150	23337.6	686.436	1015.94	809.024	0.538752	0.461248	0.383326	0.537723	0.0789514	1	0
0.602	6.200	1150	23448.9	686.433	1015.94	809.024	0.545267	0.454733	0.382907	0.537723	0.0793705	1	0
0.603	6.200	1150	23495.1	686.433	1015.94	809.024	0.541724	0.458276	0.383288	0.537189	0.0795229	1	0
0.604	6.200	1150	23497	686.431	1015.94	809.024	0.535894	0.464106	0.382487	0.537952	0.079561	1	0
0.605	6.200	1150	23698.7	686.425	1015.94	809.025	0.530407	0.469593	0.381421	0.538256	0.0803231	1	0
0.606	6.200	1150	23712.2	686.424	1015.94	809.025	0.532236	0.467764	0.38123	0.538485	0.080285	1	0
0.607	6.200	1150	23669.1	686.425	1015.94	809.025	0.532122	0.467878	0.382945	0.536885	0.0801707	1	0
0.608	6.200	1150	23682.2	686.425	1015.94	809.025	0.532693	0.467307	0.382716	0.537037	0.0802469	1	0
0.609	6.200	1150	23698.4	686.424	1015.94	809.025	0.526635	0.473365	0.382144	0.537532	0.0803231	1	0
0.61	6.200	1150	23596.2	686.426	1015.94	809.025	0.527778	0.472222	0.381001	0.53898	0.0800183	1	0
0.611	6.200	1150	23704.7	686.424	1015.94	809.025	0.529492	0.470508	0.381649	0.538066	0.080285	1	0
0.612	6.200	1150	23786	686.421	1015.94	809.025	0.535437	0.464563	0.381497	0.537875	0.080628	1	0
0.613	6.200	1150	23886.5	686.42	1015.94	809.025	0.537952	0.462048	0.381001	0.538104	0.0808947	1	0
0.614	6.200	1150	23831.8	686.422	1015.94	809.025	0.539552	0.460448	0.380468	0.538904	0.080628	1	0
0.615	6.200	1150	23653.6	686.425	1015.94	809.025	0.538294	0.461706	0.380963	0.53898	0.0800564	1	0
0.616	6.200	1150	23615.9	686.427	1015.94	809.025	0.539666	0.460334	0.381649	0.538409	0.0799421	1	0
0.617	6.200	1150	23667.7	686.427	1015.94	809.025	0.540352	0.459648	0.381192	0.538752	0.0800564	1	0
0.618	6.200	1150	23716.1	686.426	1015.94	809.025	0.538523	0.461477	0.380925	0.538866	0.0802088	1	0
0.619	6.200	1150	23674.2	686.426	1015.94	809.025	0.534065	0.465935	0.381954	0.537875	0.0801707	1	0
0.62	6.200	1150	23362	686.434	1015.94	809.024	0.529835	0.470165	0.382221	0.538828	0.0789514	1	0
0.621	6.200	1150	23308.1	686.436	1015.94	809.024	0.52915	0.47085	0.382221	0.538942	0.0788371	1	0
0.622	6.200	1150	23327	686.435	1015.94	809.024	0.527892	0.472108	0.381802	0.539171	0.0790276	1	0
0.623	6.200	1150	23281	686.436	1015.94	809.024	0.532922	0.467078	0.381954	0.539247	0.078799	1	0
0.624	6.200	1150	23286.7	686.436	1015.94	809.024	0.534751	0.465249	0.380735	0.540466	0.078799	1	0
0.625	6.200	1150	23113.5	686.441	1015.94	809.024	0.534865	0.465135	0.381078	0.540733	0.0781893	1	0
0.626	6.200	1150	23076.7	686.442	1015.94	809.024	0.534751	0.465249	0.381306	0.540619	0.078075	1	0
0.627	6.200	1150	23101.3	686.44	1015.94	809.024	0.533951	0.466049	0.382183	0.539628	0.0781893	1	0
0.628	6.200	1150	23202.7	686.438	1015.94	809.024	0.536465	0.463535	0.382106	0.539399	0.0784941	1	0
0.629	6.200	1150	23143.1	686.44	1015.94	809.024	0.539209	0.460791	0.383783	0.537875	0.0783417	1	0
0.63	6.200	1150	23181.3	686.439	1015.94	809.024	0.533379	0.466621	0.383135	0.538371	0.0784941	1	0
0.631	6.200	1150	23061.1	686.441	1015.94	809.024	0.530521	0.469479	0.38344	0.538485	0.078075	1	0
0.632	6.200	1150	23075.5	686.441	1015.94	809.024	0.531893	0.468107	0.383669	0.538256	0.078075	1	0
0.633	6.200	1150	23146.5	686.439	1015.94	809.024	0.534179	0.465821	0.38485	0.536885	0.0782655	1	0
0.634	6.200	1150	23099	686.44	1015.94	809.024	0.533379	0.466621	0.384583	0.53738	0.0780369	1	0
0.635	6.200	1150	23243.2	686.438	1015.94	809.024	0.531893	0.468107	0.38504	0.536351	0.0786084	1	0
0.636	6.200	1150	23232.5	686.439	1015.94	809.024	0.53075	0.46925	0.384621	0.53677	0.0786084	1	0
0.637	6.200	1150	23343.5	686.436	1015.94	809.024	0.533836	0.466164	0.384164	0.536961	0.0788752	1	0
0.638	6.200	1150	23420.1	686.434	1015.94	809.024	0.527435	0.472565	0.384812	0.536084	0.0791038	1	0
0.639	6.200	1150	23352.1	686.436	1015.94	809.024	0.529492	0.470508	0.385307	0.535703	0.0789895	1	0
0.64	6.200	1150	23549.7	686.431	1015.94	809.024	0.524577	0.475423	0.384583	0.535856	0.079561	1	0
0.641	6.200	1150	23733	686.427	1015.94	809.025	0.525949	0.474051	0.385078	0.534713	0.0802088	1	0
0.642	6.200	1150	23595.9	686.429	1015.94	809.025	0.529492	0.470508	0.385841	0.534484	0.0796754	1	0
0.643	6.200	1150	23687.6	686.427	1015.94	809.025	0.529378	0.470622	0.386298	0.533722	0.0799802	1	0
0.644	6.200	1150	23769.8	686.424	1015.94	809.025	0.529721	0.470279	0.387631	0.532084	0.080285	1	0
0.645	6.200	1150	23860.2	686.422	1015.94	809.025	0.526978	0.473022	0.387822	0.531512	0.0806661	1	0
0.646	6.200	1150	23860.9	686.422	1015.94	809.025	0.529035	0.470965	0.387974	0.53136	0.0806661	1	0
0.647	6.200	1150	23795.6	686.423	1015.94	809.025	0.527663	0.472337	0.387593	0.531817	0.0805898	1	0
0.648	6.200	1150	23736.5	686.424	1015.94	809.025	0.529492	0.470508	0.387708	0.531969	0.0803231	1	0
0.649	6.200	1150	23978.6	686.418	1015.94	809.025	0.530407	0.469593	0.38725	0.531588	0.0811614	1	0
0.65	6.200	1150	24051	686.417	1015.94	809.025	0.531207	0.468793	0.386222	0.532426	0.0813519	1	0
0.651	6.200	1150	24054.4	686.417	1015.94	809.025	0.537723	0.462277	0.386184	0.532426	0.08139	1	0
0.652	6.200	1150	23881.1	686.421	1015.94	809.025	0.532579	0.467421	0.385993	0.533112	0.0808947	1	0
0.653	6.200	1150	23673.8	686.426	1015.94	809.025	0.535665	0.464335	0.385231	0.534522	0.0802469	1	0
0.654	6.200	1150	23815	686.424	1015.94	809.025	0.531664	0.468336	0.385002	0.53437	0.080628	1	0
0.655	6.200	1150	23769.4	686.424	1015.94	809.025	0.532579	0.467421	0.384583	0.534865	0.0805517	1	0
0.656	6.200	1150	23687.5	686.426	1015.94	809.025	0.532579	0.467421	0.384926	0.534789	0.080285	1	0
0.657	6.200	1150	23546	686.429	1015.94	809.025	0.530407	0.469593	0.385269	0.535018	0.0797135	1	0
0.658	6.200	1150	23603.3	686.428	1015.94	809.025	0.528121	0.471879	0.385231	0.535018	0.0797516	1	0
0.659	6.200	1150	23678.7	686.426	1015.94	809.025	0.527321	0.472679	0.385841	0.534217	0.0799421	1	0
0.66	6.200	1150	23725.4	686.426	1015.94	809.025	0.527892	0.472108	0.386374	0.533493	0.0801326	1	0
0.661	6.200	1150	23892.8	686.422	1015.94	809.025	0.52995	0.47005	0.387098	0.532312	0.0805898	1	0
0.662	6.200	1150	24023.1	686.419	1015.94	809.025	0.53075	0.46925	0.387708	0.531321	0.0809709	1	0
0.663	6.200	1150	24018.1	686.419	1015.94	809.025	0.526292	0.473708	0.388012	0.530979	0.081009	1	0
0.664	6.200	1150	24245.2	686.413	1015.94	809.025	0.530521	0.469479	0.388698	0.529607	0.0816949	1	0
0.665	6.200	1150	24125.6	686.417	1015.94	809.025	0.528578	0.471422	0.387784	0.530864	0.0813519	1	0
0.666	6.200	1150	24332.9	686.413	1015.94	809.025	0.526863	0.473137	0.387898	0.530178	0.0819235	1	0
0.667	6.200	1150	24273.3	686.414	1015.94	809.025	0.527892	0.472108	0.386565	0.531779	0.0816568	1	0
0.668	6.200	1150	24287.9	686.413	1015.94	809.025	0.528692	0.471308	0.386526	0.531702	0.0817711	1	0
0.669	6.200	1150	24612.7	686.406	1015.94	809.025	0.531436	0.468564	0.386374	0.530788	0.082838	1	0
0.67	6.200	1150	24666.6	686.403	1015.94	809.026	0.537266	0.462734	0.384431	0.532465	0.0831047	1	0
0.671	6.200	1150	24580	686.404	1015.94	809.026	0.539323	0.460677	0.384507	0.532693	0.0827999	1	0
0.672	6.200	1150	24578.9	686.405	1015.94	809.026	0.537266	0.462734	0.384659	0.532541	0.0827999	1	0
0.673	6.200	1150	24430.6	686.408	1015.94	809.025	0.535322	0.464678	0.385688	0.532045	0.0822664	1	0
0.674	6.200	1150	24446	686.408	1015.94	809.025	0.538523	0.461477	0.385383	0.532198	0.0824188	1	0
0.675	6.200	1150	24551.9	686.405	1015.94	809.026	0.540809	0.459191	0.385421	0.531702	0.0828761	1	0
0.676	6.200	1150	24595.3	686.405	1015.94	809.026	0.537952	0.462048	0.385269	0.531702	0.0830285	1	0
0.677	6.200	1150	24410.2	686.409	1015.94	809.025	0.539666	0.460334	0.385612	0.531969	0.0824188	1	0
0.678	6.200	1150	24351.6	686.41	1015.94	809.025	0.533951	0.466049	0.384964	0.532846	0.0821902	1	0
0.679	6.200	1150	24321.2	686.411	1015.94	809.025	0.537494	0.462506	0.384774	0.533074	0.0821521	1	0
0.68	6.200	1150	24370.6	686.41	1015.94	809.025	0.53818	0.46182	0.384431	0.533189	0.0823807	1	0
0.681	6.200	1150	24367.6	686.411	1015.94	809.025	0.539895	0.460105	0.384316	0.533379	0.0823045	1	0
0.682	6.200	1150	24451.1	686.408	1015.94	809.025	0.536694	0.463306	0.383821	0.533646	0.0825332	1	0
0.683	6.200	1150	24284	686.413	1015.94	809.025	0.532007	0.467993	0.383821	0.534179	0.0819997	1	0
0.684	6.200	1150	24214.9	686.414	1015.94	809.025	0.53658	0.46342	0.383897	0.534408	0.0816949	1	0
0.685	6.200	1150	24239.1	686.414	1015.94	809.025	0.540238	0.459762	0.383402	0.534865	0.081733	1	0
0.686	6.200	1150	24252.9	686.412	1015.94	809.025	0.537151	0.462849	0.382792	0.535513	0.0816949	1	0
0.687	6.200	1150	24130.1	686.416	1015.94	809.025	0.537151	0.462849	0.382716	0.536008	0.0812757	1	0
0.688	6.200	1150	24057.2	686.419	1015.94	809.025	0.536008	0.463992	0.382983	0.536008	0.081009	1	0
0.689	6.200	1150	24213.6	686.415	1015.94	809.025	0.53738	0.46262	0.383021	0.535551	0.0814281	1	0
0.69	6.200	1150	24075.3	686.418	1015.94	809.025	0.539781	0.460219	0.382754	0.536237	0.081009	1	0
0.691	6.200	1150	24105.1	686.417	1015.94	809.025	0.539895	0.460105	0.382259	0.536618	0.0811233	1	0
0.692	6.200	1150	24150	686.416	1015.94	809.025	0.542981	0.457019	0.382678	0.536046	0.0812757	1	0
0.693	6.200	1150	24425.7	686.41	1015.94	809.025	0.537952	0.462048	0.38264	0.53517	0.0821902	1	0
0.694	6.200	1150	24517.3	686.407	1015.94	809.025	0.539438	0.460562	0.38344	0.534027	0.0825332	1	0
0.695	6.200	1150	24378.1	686.409	1015.94	809.025	0.537151	0.462849	0.383402	0.534484	0.082114	1	0
0.696	6.200	1150	24250.1	686.413	1015.94	809.025	0.537837	0.462163	0.384316	0.534027	0.0816568	1	0
0.697	6.200	1150	24256.8	686.412	1015.94	809.025	0.541381	0.458619	0.384659	0.533722	0.0816187	1	0
0.698	6.200	1150	24244.4	686.413	1015.94	809.025	0.53658	0.46342	0.384012	0.534446	0.0815424	1	0
0.699	6.200	1150	24157.2	686.414	1015.94	809.025	0.538866	0.461134	0.384012	0.534751	0.0812376	1	0
0.7	6.200	1150	24189.9	686.413	1015.94	809.025	0.535665	0.464335	0.384012	0.534636	0.0813519	1	0
0.701	6.200	1150	24228.2	686.411	1015.94	809.025	0.534865	0.465135	0.383326	0.535094	0.0815806	1	0
0.702	6.200	1150	24275.3	686.411	1015.94	809.025	0.53578	0.46422	0.38325	0.535018	0.081733	1	0
0.703	6.200	1150	24367.1	686.409	1015.94	809.026	0.536923	0.463077	0.384278	0.533684	0.0820378	1	0
0.704	6.200	1150	24370.9	686.408	1015.94	809.026	0.537037	0.462963	0.384278	0.533646	0.0820759	1	0
0.705	6.200	1150	24479.2	686.406	1015.94	809.026	0.538409	0.461591	0.383097	0.534522	0.0823807	1	0
0.706	6.200	1150	24631.8	686.402	1015.94	809.026	0.540809	0.459191	0.382868	0.534141	0.0829904	1	0
0.707	6.200	1150	24633	686.401	1015.94	809.026	0.545725	0.454275	0.383059	0.533989	0.0829523	1	0
0.708	6.200	1150	24600.2	686.403	1015.94	809.026	0.546182	0.453818	0.382259	0.535056	0.0826856	1	0
0.709	6.200	1150	24493.2	686.404	1015.94	809.026	0.543439	0.456561	0.38325	0.534446	0.0823045	1	0
0.71	6.200	1150	24430	686.405	1015.94	809.026	0.539438	0.460562	0.383288	0.534636	0.0820759	1	0
0.711	6.200	1150	24647.2	686.4	1015.94	809.026	0.537494	0.462506	0.382602	0.534484	0.0829142	1	0
0.712	6.200	1150	24627	686.401	1015.94	809.026	0.534636	0.465364	0.382678	0.534484	0.082838	1	0
0.713	6.200	1150	24597.4	686.403	1015.94	809.026	0.532807	0.467193	0.382411	0.534865	0.0827237	1	0
0.714	6.200	1150	24469.3	686.406	1015.94	809.026	0.536008	0.463992	0.381649	0.536046	0.0823045	1	0
0.715	6.200	1150	24565.4	686.403	1015.94	809.026	0.537952	0.462048	0.381802	0.535551	0.0826475	1	0
0.716	6.200	1150	24606.2	686.402	1015.94	809.026	0.534065	0.465935	0.382411	0.534789	0.0827999	1	0
0.717	6.200	1150	24567.1	686.402	1015.94	809.026	0.533722	0.466278	0.383478	0.533989	0.0825332	1	0
0.718	6.200	1150	24657.5	686.4	1015.94	809.026	0.531893	0.468107	0.383097	0.533951	0.0829523	1	0
0.719	6.200	1150	24659.7	686.4	1015.94	809.026	0.53235	0.46765	0.382487	0.534484	0.0830285	1	0
0.72	6.200	1150	24582.6	686.402	1015.94	809.026	0.529378	0.470622	0.382526	0.534675	0.0827999	1	0
0.721	6.200	1150	24449.9	686.406	1015.94	809.026	0.528921	0.471079	0.382487	0.535132	0.0823807	1	0
0.722	6.200	1150	24508.7	686.405	1015.94	809.026	0.530864	0.469136	0.38264	0.534675	0.0826856	1	0
0.723	6.200	1150	24486.1	686.405	1015.94	809.026	0.538294	0.461706	0.382945	0.534484	0.0825713	1	0
0.724	6.200	1150	24608.5	686.402	1015.94	809.026	0.53898	0.46102	0.381763	0.53517	0.0830666	1	0
0.725	6.200	1150	24571	686.402	1015.94	809.026	0.536123	0.463877	0.381992	0.535018	0.0829904	1	0
0.726	6.200	1150	24543.2	686.403	1015.94	809.026	0.537952	0.462048	0.38123	0.53597	0.0827999	1	0
0.727	6.200	1150	24461.6	686.405	1015.94	809.026	0.537609	0.462391	0.381078	0.536504	0.0824188	1	0
0.728	6.200	1150	24444.5	686.406	1015.94	809.026	0.540009	0.459991	0.380239	0.537304	0.0824569	1	0
0.729	6.200	1150	24250.5	686.411	1015.94	809.025	0.536694	0.463306	0.380582	0.537685	0.081733	1	0
0.73	6.200	1150	24157.7	686.413	1015.94	809.025	0.53578	0.46422	0.381001	0.537609	0.08139	1	0
0.731	6.200	1150	23907.5	686.42	1015.94	809.025	0.537151	0.462849	0.381268	0.538256	0.0804755	1	0
0.732	6.200	1150	23787.3	686.423	1015.94	809.025	0.534065	0.465935	0.381649	0.53818	0.0801707	1	0
0.733	6.200	1150	23879.7	686.421	1015.94	809.025	0.533836	0.466164	0.380697	0.538752	0.0805517	1	0
0.734	6.200	1150	23850.2	686.422	1015.94	809.025	0.531436	0.468564	0.380773	0.538637	0.0805898	1	0
0.735	6.200	1150	23907.4	686.421	1015.94	809.025	0.527778	0.472222	0.380887	0.538409	0.0807042	1	0
0.736	6.200	1150	23889.8	686.421	1015.94	809.025	0.531207	0.468793	0.380963	0.538409	0.080628	1	0
0.737	6.200	1150	23767.8	686.424	1015.94	809.025	0.53155	0.46845	0.381459	0.538409	0.0801326	1	0
0.738	6.200	1150	23776.5	686.425	1015.94	809.025	0.53075	0.46925	0.382221	0.537647	0.0801326	1	0
0.739	6.200	1150	23837.6	686.423	1015.94	809.025	0.525263	0.474737	0.382259	0.537304	0.0804374	1	0
0.74	6.200	1150	23830.2	686.422	1015.94	809.025	0.524348	0.475652	0.381154	0.538409	0.0804374	1	0
0.741	6.200	1150	23824.7	686.423	1015.94	809.025	0.52412	0.47588	0.381649	0.537875	0.0804755	1	0
0.742	6.200	1150	23828.1	686.422	1015.94	809.025	0.522748	0.477252	0.381954	0.537609	0.0804374	1	0
0.743	6.200	1150	23745.5	686.424	1015.94	809.025	0.523434	0.476566	0.381687	0.538142	0.0801707	1	0
0.744	6.200	1150	23900.9	686.42	1015.94	809.025	0.525949	0.474051	0.381154	0.538256	0.0805898	1	0
0.745	6.200	1150	23858.4	686.421	1015.94	809.025	0.526063	0.473937	0.380887	0.538676	0.0804374	1	0
0.746	6.200	1150	23958.2	686.419	1015.94	809.025	0.522062	0.477938	0.382106	0.537113	0.0807804	1	0
0.747	6.200	1150	24126.8	686.415	1015.94	809.025	0.522062	0.477938	0.382411	0.536199	0.08139	1	0
0.748	6.200	1150	23967.7	686.42	1015.94	809.025	0.522405	0.477595	0.382221	0.536923	0.0808566	1	0
0.749	6.200	1150	23950	686.419	1015.94	809.025	0.520119	0.479881	0.381649	0.53757	0.0807804	1	0
0.75	6.200	1150	23959.6	686.419	1015.94	809.025	0.525377	0.474623	0.382297	0.536999	0.0807042	1	0
0.751	6.200	1150	23964.6	686.419	1015.94	809.025	0.528807	0.471193	0.381535	0.537685	0.0807804	1	0
0.752	6.200	1150	23989.8	686.419	1015.94	809.025	0.532007	0.467993	0.382221	0.536885	0.0808947	1	0
0.753	6.200	1150	24035.9	686.418	1015.94	809.025	0.534179	0.465821	0.382068	0.536808	0.0811233	1	0
0.754	6.200	1150	24027.7	686.417	1015.94	809.025	0.531207	0.468793	0.381878	0.537151	0.0809709	1	0
0.755	6.200	1150	24033.3	686.417	1015.94	809.025	0.527892	0.472108	0.381306	0.537723	0.0809709	1	0
0.756	6.200	1150	24131.6	686.415	1015.94	809.025	0.52652	0.47348	0.38043	0.538104	0.0814662	1	0
0.757	6.200	1150	24177.9	686.415	1015.94	809.025	0.525149	0.474851	0.380316	0.538218	0.0814662	1	0
0.758	6.200	1150	24226.6	686.414	1015.94	809.025	0.523777	0.476223	0.380506	0.537837	0.0816568	1	0
0.759	6.200	1150	24155.5	686.415	1015.94	809.025	0.53155	0.46845	0.382068	0.53658	0.0813519	1	0
0.76	6.200	1150	24095.6	686.416	1015.94	809.025	0.534522	0.465478	0.38062	0.538104	0.0812757	1	0
0.761	6.200	1150	24107.8	686.416	1015.94	809.025	0.532007	0.467993	0.381649	0.536885	0.0814662	1	0
0.762	6.200	1150	24204.6	686.413	1015.94	809.025	0.52995	0.47005	0.381421	0.536694	0.0818854	1	0
0.763	6.200	1150	24153.6	686.415	1015.94	809.025	0.533722	0.466278	0.381497	0.536808	0.0816949	1	0
0.764	6.200	1150	24194.7	686.414	1015.94	809.025	0.531436	0.468564	0.382068	0.536161	0.0817711	1	0
0.765	6.200	1150	24259.6	686.413	1015.94	809.025	0.528349	0.471651	0.381687	0.536465	0.0818473	1	0
0.766	6.200	1150	24317.7	686.411	1015.94	809.025	0.534522	0.465478	0.381763	0.536123	0.082114	1	0
0.767	6.200	1150	24576.3	686.406	1015.94	809.026	0.532579	0.467421	0.38203	0.535056	0.0829142	1	0
0.768	6.200	1150	24680.8	686.402	1015.94	809.026	0.53315	0.46685	0.381573	0.535094	0.0833333	1	0
0.769	6.200	1150	24616.2	686.404	1015.94	809.026	0.532579	0.467421	0.381687	0.535208	0.0831047	1	0
0.77	6.200	1150	24626.9	686.405	1015.94	809.026	0.530293	0.469707	0.380582	0.536313	0.0831047	1	0
0.771	6.200	1150	24483	686.408	1015.94	809.025	0.534522	0.465478	0.380697	0.536656	0.0826475	1	0
0.772	6.200	1150	24243.8	686.413	1015.94	809.025	0.53578	0.46422	0.379744	0.538371	0.0818854	1	0
0.773	6.200	1150	24061.8	686.418	1015.94	809.025	0.536465	0.463535	0.37902	0.539666	0.0813138	1	0
0.774	6.200	1150	24082.9	686.418	1015.94	809.025	0.537151	0.462849	0.37822	0.54039	0.08139	1	0
0.775	6.200	1150	24062.8	686.418	1015.94	809.025	0.538523	0.461477	0.378029	0.540733	0.0812376	1	0
0.776	6.200	1150	23944.5	686.421	1015.94	809.025	0.535208	0.464792	0.37761	0.541419	0.0809709	1	0
0.777	6.200	1150	23898.9	686.421	1015.94	809.025	0.536465	0.463535	0.377877	0.541381	0.0807423	1	0
0.778	6.200	1150	24011.3	686.418	1015.94	809.025	0.534522	0.465478	0.377839	0.541	0.0811614	1	0
0.779	6.200	1150	23977.5	686.42	1015.94	809.025	0.530864	0.469136	0.377381	0.541457	0.0811614	1	0
0.78	6.200	1150	24039.9	686.419	1015.94	809.025	0.528235	0.471765	0.377191	0.541419	0.08139	1	0
0.781	6.200	1150	24078.2	686.418	1015.94	809.025	0.529378	0.470622	0.378105	0.540276	0.0816187	1	0
0.782	6.200	1150	24014.1	686.419	1015.94	809.025	0.529264	0.470736	0.378372	0.540162	0.0814662	1	0
0.783	6.200	1150	24042.4	686.419	1015.94	809.025	0.524463	0.475537	0.378105	0.540352	0.0815424	1	0
0.784	6.200	1150	24161.2	686.417	1015.94	809.025	0.524463	0.475537	0.377496	0.540619	0.0818854	1	0
0.785	6.200	1150	24173.2	686.417	1015.94	809.025	0.526863	0.473137	0.377305	0.540619	0.0820759	1	0
0.786	6.200	1150	24065.1	686.419	1015.94	809.025	0.527663	0.472337	0.37822	0.540047	0.081733	1	0
0.787	6.200	1150	24122.3	686.416	1015.94	809.025	0.528921	0.471079	0.377915	0.5402	0.0818854	1	0
0.788	6.200	1150	24148.3	686.416	1015.94	809.025	0.528006	0.471994	0.378715	0.539209	0.0820759	1	0
0.789	6.200	1150	24279.9	686.411	1015.94	809.025	0.53075	0.46925	0.37963	0.537837	0.0825332	1	0
0.79	6.200	1150	24215.2	686.414	1015.94	809.025	0.530521	0.469479	0.378144	0.53959	0.0822664	1	0
0.791	6.200	1150	24305.7	686.412	1015.94	809.025	0.531779	0.468221	0.377801	0.539704	0.082495	1	0
0.792	6.200	1150	24319	686.412	1015.94	809.025	0.528921	0.471079	0.376962	0.540504	0.0825332	1	0
0.793	6.200	1150	24394.2	686.41	1015.94	809.025	0.528235	0.471765	0.376924	0.540428	0.0826475	1	0
0.794	6.200	1150	24364.4	686.41	1015.94	809.025	0.525263	0.474737	0.377115	0.54039	0.082495	1	0
0.795	6.200	1150	24264.6	686.413	1015.94	809.025	0.524577	0.475423	0.377572	0.540314	0.082114	1	0
0.796	6.200	1150	24168.9	686.415	1015.94	809.025	0.531893	0.468107	0.378334	0.539933	0.081733	1	0
0.797	6.200	1150	24241.4	686.414	1015.94	809.025	0.523663	0.476337	0.378105	0.539895	0.0819997	1	0
0.798	6.200	1150	24179.2	686.415	1015.94	809.025	0.528807	0.471193	0.378525	0.539666	0.0818092	1	0
0.799	6.200	1150	24308.3	686.412	1015.94	809.025	0.532465	0.467535	0.378296	0.539514	0.0821902	1	0
0.8	6.200	1150	24022	686.419	1015.94	809.025	0.53075	0.46925	0.378448	0.540428	0.0811233	1	0
0.801	6.200	1150	24074.1	686.417	1015.94	809.025	0.529264	0.470736	0.379401	0.539285	0.0813138	1	0
0.802	6.200	1150	24175.1	686.415	1015.94	809.025	0.525834	0.474166	0.37921	0.539171	0.0816187	1	0
0.803	6.200	1150	24272.3	686.413	1015.94	809.025	0.523434	0.476566	0.380658	0.53738	0.0819616	1	0
0.804	6.200	1150	24338.7	686.411	1015.94	809.025	0.522405	0.477595	0.381268	0.536618	0.082114	1	0
0.805	6.200	1150	24427	686.41	1015.94	809.025	0.522977	0.477023	0.38062	0.536961	0.0824188	1	0
0.806	6.200	1150	24444.8	686.409	1015.94	809.025	0.518633	0.481367	0.380811	0.536694	0.082495	1	0
0.807	6.200	1150	24526.2	686.406	1015.94	809.026	0.521148	0.478852	0.381725	0.535437	0.082838	1	0
0.808	6.200	1150	24377.3	686.41	1015.94	809.025	0.521719	0.478281	0.381687	0.536084	0.0822283	1	0
0.809	6.200	1150	24450.7	686.408	1015.94	809.026	0.521262	0.478738	0.382297	0.535399	0.0823045	1	0
0.81	6.200	1150	24429.8	686.409	1015.94	809.025	0.526063	0.473937	0.382297	0.535437	0.0822664	1	0
0.811	6.200	1150	24283.7	686.413	1015.94	809.025	0.52412	0.47588	0.380697	0.537532	0.0817711	1	0
0.812	6.200	1150	24283.9	686.412	1015.94	809.025	0.521033	0.478967	0.381001	0.537075	0.0819235	1	0
0.813	6.200	1150	24200.3	686.414	1015.94	809.025	0.515775	0.484225	0.381116	0.537228	0.0816568	1	0
0.814	6.200	1150	24375.8	686.409	1015.94	809.025	0.515432	0.484568	0.38062	0.537075	0.0823045	1	0
0.815	6.200	1150	24229.5	686.413	1015.94	809.025	0.516118	0.483882	0.380544	0.537647	0.0818092	1	0
0.816	6.200	1150	24254.4	686.413	1015.94	809.025	0.516575	0.483425	0.380925	0.537151	0.0819235	1	0
0.817	6.200	1150	24351.2	686.411	1015.94	809.025	0.513717	0.486283	0.380849	0.536847	0.0823045	1	0
0.818	6.200	1150	24335.3	686.41	1015.94	809.025	0.513603	0.486397	0.380468	0.537228	0.0823045	1	0
0.819	6.200	1150	24358.8	686.409	1015.94	809.025	0.517375	0.482625	0.381421	0.536237	0.0823426	1	0
0.82	6.200	1150	24445.8	686.408	1015.94	809.026	0.511888	0.488112	0.381992	0.535551	0.0824569	1	0
0.821	6.200	1150	24359.7	686.41	1015.94	809.025	0.513603	0.486397	0.382487	0.535208	0.0823045	1	0
0.822	6.200	1150	24558.5	686.406	1015.94	809.026	0.510402	0.489598	0.382983	0.534103	0.0829142	1	0
0.823	6.200	1150	24661.2	686.404	1015.94	809.026	0.512689	0.487311	0.383173	0.533455	0.0833714	1	0
0.824	6.200	1150	24432.7	686.409	1015.94	809.025	0.513832	0.486168	0.382335	0.534979	0.0826856	1	0
0.825	6.200	1150	24422.7	686.41	1015.94	809.025	0.51246	0.48754	0.382564	0.534713	0.0827237	1	0
0.826	6.200	1150	24371.4	686.411	1015.94	809.025	0.51669	0.48331	0.38325	0.534255	0.082495	1	0
0.827	6.200	1150	24368.7	686.409	1015.94	809.025	0.51669	0.48331	0.383745	0.533493	0.0827618	1	0
0.828	6.200	1150	24167.2	686.414	1015.94	809.025	0.518976	0.481024	0.383783	0.534179	0.0820378	1	0
0.829	6.200	1150	24147.2	686.417	1015.94	809.025	0.518519	0.481481	0.384164	0.533951	0.0818854	1	0
0.83	6.200	1150	24019.8	686.421	1015.94	809.025	0.516232	0.483768	0.383859	0.53456	0.0815806	1	0
0.831	6.200	1150	24087.6	686.419	1015.94	809.025	0.516347	0.483653	0.383364	0.534865	0.0817711	1	0
0.832	6.200	1150	24105.6	686.418	1015.94	809.025	0.515889	0.484111	0.38344	0.534675	0.0818854	1	0
0.833	6.200	1150	24169.5	686.417	1015.94	809.025	0.515889	0.484111	0.38283	0.534979	0.0821902	1	0
0.834	6.200	1150	24000.9	686.421	1015.94	809.025	0.515089	0.484911	0.382144	0.536237	0.0816187	1	0
0.835	6.200	1150	24208.9	686.414	1015.94	809.025	0.520348	0.479652	0.381154	0.536427	0.0824188	1	0
0.836	6.200	1150	24229.6	686.414	1015.94	809.025	0.518976	0.481024	0.381154	0.536237	0.0826094	1	0
0.837	6.200	1150	24341.6	686.412	1015.94	809.025	0.520919	0.479081	0.381878	0.535132	0.0829904	1	0
0.838	6.200	1150	24382.6	686.41	1015.94	809.025	0.518861	0.481139	0.381535	0.535437	0.0830285	1	0
0.839	6.200	1150	24537.8	686.406	1015.94	809.026	0.524691	0.475309	0.381649	0.534751	0.0836001	1	0
0.84	6.200	1150	24616.4	686.404	1015.94	809.026	0.527206	0.472794	0.382526	0.533646	0.0838287	1	0
0.841	6.200	1150	24561.7	686.404	1015.94	809.026	0.533379	0.466621	0.382259	0.534217	0.0835239	1	0
0.842	6.200	1150	24589.4	686.404	1015.94	809.026	0.530293	0.469707	0.382221	0.534179	0.0836001	1	0
0.843	6.200	1150	24568.4	686.404	1015.94	809.026	0.530407	0.469593	0.381992	0.534484	0.0835239	1	0
0.844	6.200	1150	24544.9	686.404	1015.94	809.026	0.529035	0.470965	0.382373	0.534141	0.0834857	1	0
0.845	6.200	1150	24540.3	686.404	1015.94	809.026	0.527892	0.472108	0.381916	0.534675	0.0834095	1	0
0.846	6.200	1150	24529.7	686.404	1015.94	809.026	0.522862	0.477138	0.38184	0.534903	0.0832571	1	0
0.847	6.200	1150	24662.9	686.401	1015.94	809.026	0.521834	0.478166	0.382335	0.533874	0.0837906	1	0
0.848	6.200	1150	24673.1	686.4	1015.94	809.026	0.52492	0.47508	0.381154	0.535056	0.0837906	1	0
0.849	6.200	1150	24521	686.404	1015.94	809.026	0.522176	0.477824	0.379858	0.536961	0.0831809	1	0
0.85	6.200	1150	24518.8	686.403	1015.94	809.026	0.524005	0.475995	0.379287	0.537456	0.0832571	1	0
0.851	6.200	1150	24564.9	686.402	1015.94	809.026	0.521719	0.478281	0.379249	0.537342	0.0834095	1	0
0.852	6.200	1150	24532.2	686.403	1015.94	809.026	0.516232	0.483768	0.377839	0.539018	0.0831428	1	0
0.853	6.200	1150	24643.5	686.401	1015.94	809.026	0.518519	0.481481	0.376581	0.540009	0.0834095	1	0
0.854	6.200	1150	24654.2	686.4	1015.94	809.026	0.521148	0.478852	0.376734	0.539666	0.0836001	1	0
0.855	6.200	1150	24629.4	686.401	1015.94	809.026	0.522634	0.477366	0.377267	0.539323	0.0834095	1	0
0.856	6.200	1150	24582.5	686.402	1015.94	809.026	0.527549	0.472451	0.37822	0.538599	0.0831809	1	0
0.857	6.200	1150	24563.1	686.403	1015.94	809.026	0.524806	0.475194	0.377953	0.53879	0.0832571	1	0
0.858	6.200	1150	24592.4	686.403	1015.94	809.026	0.517261	0.482739	0.377801	0.538866	0.0833333	1	0
0.859	6.200	1150	24632.4	686.402	1015.94	809.026	0.516575	0.483425	0.377496	0.53898	0.0835239	1	0
0.86	6.200	1150	24740.1	686.399	1015.94	809.026	0.515546	0.484454	0.376772	0.539361	0.0838668	1	0
0.861	6.200	1150	24726.3	686.4	1015.94	809.026	0.516804	0.483196	0.376619	0.539628	0.0837525	1	0
0.862	6.200	1150	24681.1	686.402	1015.94	809.026	0.518747	0.481253	0.377191	0.539247	0.083562	1	0
0.863	6.200	1150	24644.9	686.403	1015.94	809.026	0.517604	0.482396	0.377153	0.539399	0.0834476	1	0
0.864	6.200	1150	24737.2	686.401	1015.94	809.026	0.515661	0.484339	0.376848	0.539438	0.0837144	1	0
0.865	6.200	1150	24626.4	686.403	1015.94	809.026	0.518176	0.481824	0.376086	0.540733	0.0831809	1	0
0.866	6.200	1150	24629.9	686.403	1015.94	809.026	0.51909	0.48091	0.377039	0.539895	0.0830666	1	0
0.867	6.200	1150	24754.9	686.399	1015.94	809.026	0.51909	0.48091	0.37742	0.539057	0.0835239	1	0
0.868	6.200	1150	24871.2	686.396	1015.94	809.026	0.520233	0.479767	0.377534	0.538561	0.0839049	1	0
0.869	6.200	1150	24718.6	686.4	1015.94	809.026	0.519547	0.480453	0.377801	0.53879	0.0834095	1	0
0.87	6.200	1150	24790.2	686.398	1015.94	809.026	0.516575	0.483425	0.377953	0.538447	0.0836001	1	0
0.871	6.200	1150	24596.5	686.403	1015.94	809.026	0.51909	0.48091	0.378258	0.538866	0.0828761	1	0
0.872	6.200	1150	24480	686.406	1015.94	809.026	0.523891	0.476109	0.377877	0.539704	0.0824188	1	0
0.873	6.200	1150	24585.6	686.403	1015.94	809.026	0.527778	0.472222	0.377839	0.539399	0.0827618	1	0
0.874	6.200	1150	24479.8	686.406	1015.94	809.026	0.525492	0.474508	0.377763	0.539857	0.0823807	1	0
0.875	6.200	1150	24562.4	686.405	1015.94	809.026	0.525377	0.474623	0.377153	0.540238	0.0826094	1	0
0.876	6.200	1150	24603.7	686.405	1015.94	809.026	0.528807	0.471193	0.376124	0.541038	0.082838	1	0
0.877	6.200	1150	24531.8	686.407	1015.94	809.026	0.528692	0.471308	0.376886	0.540314	0.0827999	1	0
0.878	6.200	1150	24463	686.407	1015.94	809.026	0.527778	0.472222	0.378029	0.539361	0.0826094	1	0
0.879	6.200	1150	24509.7	686.406	1015.94	809.026	0.523548	0.476452	0.378334	0.538942	0.0827237	1	0
0.88	6.200	1150	24413.8	686.41	1015.94	809.025	0.522977	0.477023	0.377648	0.539895	0.0824569	1	0
0.881	6.200	1150	24458.7	686.408	1015.94	809.026	0.523205	0.476795	0.377534	0.539819	0.0826475	1	0
0.882	6.200	1150	24509.5	686.407	1015.94	809.026	0.522748	0.477252	0.376581	0.540466	0.0829523	1	0
0.883	6.200	1150	24584.5	686.404	1015.94	809.026	0.526063	0.473937	0.376886	0.539857	0.0832571	1	0
0.884	6.200	1150	24427.2	686.406	1015.94	809.026	0.530178	0.469822	0.377153	0.540123	0.0827237	1	0
0.885	6.200	1150	24522.4	686.404	1015.94	809.026	0.527206	0.472794	0.376848	0.540009	0.0831428	1	0
0.886	6.200	1150	24644.4	686.402	1015.94	809.026	0.525492	0.474508	0.376734	0.539742	0.0835239	1	0
0.887	6.200	1150	24674.4	686.402	1015.94	809.026	0.525034	0.474966	0.377229	0.539095	0.0836763	1	0
0.888	6.200	1150	24668.1	686.402	1015.94	809.026	0.522519	0.477481	0.377801	0.538599	0.0836001	1	0
0.889	6.200	1150	24884.2	686.398	1015.94	809.026	0.525263	0.474737	0.378029	0.537685	0.0842859	1	0
0.89	6.200	1150	25039.5	686.393	1015.94	809.026	0.523663	0.476337	0.37742	0.537837	0.0847432	1	0
0.891	6.200	1150	24927.9	686.396	1015.94	809.026	0.518404	0.481596	0.378105	0.537609	0.0842859	1	0
0.892	6.200	1150	24889.5	686.396	1015.94	809.026	0.520805	0.479195	0.377953	0.537837	0.0842097	1	0
0.893	6.200	1150	24904	686.396	1015.94	809.026	0.516918	0.483082	0.378487	0.537304	0.0842097	1	0
0.894	6.200	1150	24855.7	686.397	1015.94	809.026	0.517718	0.482282	0.379058	0.536885	0.0840573	1	0
0.895	6.200	1150	24915	686.395	1015.94	809.026	0.517375	0.482625	0.379477	0.536199	0.084324	1	0
0.896	6.200	1150	24875.6	686.395	1015.94	809.026	0.512803	0.487197	0.378982	0.53677	0.0842478	1	0
0.897	6.200	1150	24767.6	686.398	1015.94	809.026	0.513603	0.486397	0.378601	0.537647	0.0837525	1	0
0.898	6.200	1150	24898.6	686.394	1015.94	809.026	0.514518	0.485482	0.378639	0.537266	0.0840954	1	0
0.899	6.200	1150	24964.1	686.393	1015.94	809.026	0.514403	0.485597	0.37902	0.536618	0.0843621	1	0
0.9	6.200	1150	24910.4	686.395	1015.94	809.026	0.51326	0.48674	0.379172	0.536732	0.0840954	1	0
0.901	6.200	1150	24790.3	686.399	1015.94	809.026	0.515775	0.484225	0.378715	0.53757	0.0837144	1	0
0.902	6.200	1150	24762.5	686.401	1015.94	809.026	0.518176	0.481824	0.378639	0.537799	0.083562	1	0
0.903	6.200	1150	24971.3	686.397	1015.94	809.026	0.514518	0.485482	0.378372	0.537342	0.0842859	1	0
0.904	6.200	1150	24777.2	686.401	1015.94	809.026	0.519662	0.480338	0.378067	0.538333	0.0836001	1	0
0.905	6.200	1150	24797.6	686.399	1015.94	809.026	0.521948	0.478052	0.379553	0.536732	0.0837144	1	0
0.906	6.200	1150	24904.6	686.397	1015.94	809.026	0.521834	0.478166	0.379401	0.536542	0.0840573	1	0
0.907	6.200	1150	24990.9	686.396	1015.94	809.026	0.521948	0.478052	0.378715	0.536999	0.0842859	1	0
0.908	6.200	1150	24873.6	686.397	1015.94	809.026	0.521262	0.478738	0.378829	0.537113	0.0840573	1	0
0.909	6.200	1150	25013.8	686.394	1015.94	809.026	0.517604	0.482396	0.377572	0.537837	0.0845908	1	0
0.91	6.200	1150	24925.5	686.398	1015.94	809.026	0.522748	0.477252	0.378372	0.537266	0.0843621	1	0
0.911	6.200	1150	24850.6	686.4	1015.94	809.026	0.522634	0.477366	0.378372	0.537456	0.0841716	1	0
0.912	6.200	1150	24793.8	686.401	1015.94	809.026	0.525034	0.474966	0.377381	0.538637	0.0839811	1	0
0.913	6.200	1150	24770.3	686.402	1015.94	809.026	0.521719	0.478281	0.378105	0.537952	0.083943	1	0
0.914	6.200	1150	24821.5	686.401	1015.94	809.026	0.520576	0.479424	0.378944	0.537037	0.0840192	1	0
0.915	6.200	1150	24886.1	686.4	1015.94	809.026	0.515661	0.484339	0.380201	0.535627	0.0841716	1	0
0.916	6.200	1150	24908.9	686.4	1015.94	809.026	0.515661	0.484339	0.38062	0.53517	0.0842097	1	0
0.917	6.200	1150	24846.9	686.401	1015.94	809.026	0.517947	0.482053	0.380849	0.535094	0.0840573	1	0
0.918	6.200	1150	24768.1	686.403	1015.94	809.026	0.520119	0.479881	0.37963	0.536732	0.0836382	1	0
0.919	6.200	1150	24756.4	686.404	1015.94	809.026	0.521376	0.478624	0.377763	0.538676	0.083562	1	0
0.92	6.200	1150	24742.9	686.404	1015.94	809.026	0.515775	0.484225	0.377572	0.538752	0.0836763	1	0
0.921	6.200	1150	24774.9	686.403	1015.94	809.026	0.520348	0.479652	0.377496	0.538714	0.0837906	1	0
0.922	6.200	1150	24826.7	686.402	1015.94	809.026	0.521834	0.478166	0.377191	0.538828	0.0839811	1	0
0.923	6.200	1150	24825.5	686.403	1015.94	809.026	0.526749	0.473251	0.377496	0.538637	0.0838668	1	0
0.924	6.200	1150	24850.4	686.403	1015.94	809.026	0.520348	0.479652	0.378982	0.537113	0.0839049	1	0
0.925	6.200	1150	24759.2	686.404	1015.94	809.026	0.520805	0.479195	0.37841	0.538066	0.0835239	1	0
0.926	6.200	1150	24826.4	686.403	1015.94	809.026	0.52572	0.47428	0.379592	0.536618	0.0837906	1	0
0.927	6.200	1150	24750	686.405	1015.94	809.025	0.525949	0.474051	0.37963	0.536923	0.0834476	1	0
0.928	6.200	1150	24596.2	686.41	1015.94	809.025	0.521948	0.478052	0.380277	0.536961	0.0827618	1	0
0.929	6.200	1150	24691.3	686.408	1015.94	809.025	0.517947	0.482053	0.379973	0.536923	0.0831047	1	0
0.93	6.200	1150	24718.1	686.406	1015.94	809.025	0.516575	0.483425	0.379858	0.536885	0.0832571	1	0
0.931	6.200	1150	24912.7	686.401	1015.94	809.026	0.518176	0.481824	0.379592	0.536465	0.083943	1	0
0.932	6.200	1150	25064.3	686.397	1015.94	809.026	0.518976	0.481024	0.381382	0.534179	0.0844383	1	0
0.933	6.200	1150	25187.7	686.393	1015.94	809.026	0.522977	0.477023	0.381725	0.533455	0.0848194	1	0
0.934	6.200	1150	25090.9	686.396	1015.94	809.026	0.520005	0.479995	0.381421	0.534179	0.0844002	1	0
0.935	6.200	1150	25157.8	686.394	1015.94	809.026	0.51989	0.48011	0.379744	0.535627	0.0846289	1	0
0.936	6.200	1150	25125.9	686.394	1015.94	809.026	0.51749	0.48251	0.378982	0.536427	0.0845908	1	0
0.937	6.200	1150	25210.2	686.393	1015.94	809.026	0.517375	0.482625	0.378296	0.536847	0.0848575	1	0
0.938	6.200	1150	25225.1	686.393	1015.94	809.026	0.516232	0.483768	0.378715	0.536427	0.0848575	1	0
0.939	6.200	1150	25120.4	686.396	1015.94	809.026	0.514403	0.485597	0.37822	0.537304	0.0844765	1	0
0.94	6.200	1150	24937.7	686.4	1015.94	809.026	0.512917	0.487083	0.378144	0.538104	0.0837525	1	0
0.941	6.200	1150	24905	686.401	1015.94	809.026	0.514403	0.485597	0.37841	0.537913	0.0836763	1	0
0.942	6.200	1150	24935.6	686.4	1015.94	809.026	0.512689	0.487311	0.378334	0.537799	0.0838668	1	0
0.943	6.200	1150	25068.8	686.397	1015.94	809.026	0.510059	0.489941	0.377115	0.538447	0.0844383	1	0
0.944	6.200	1150	25166.3	686.394	1015.94	809.026	0.50503	0.49497	0.376772	0.538523	0.0847051	1	0
0.945	6.200	1150	25409.4	686.388	1015.94	809.026	0.510402	0.489598	0.376467	0.53799	0.0855434	1	0
0.946	6.200	1150	25354.1	686.39	1015.94	809.026	0.508459	0.491541	0.377267	0.537494	0.0852385	1	0
0.947	6.200	1150	25365.7	686.389	1015.94	809.026	0.507888	0.492112	0.376924	0.537837	0.0852385	1	0
0.948	6.200	1150	25316.4	686.39	1015.94	809.026	0.50823	0.49177	0.376315	0.538485	0.0852004	1	0
0.949	6.200	1150	25506.8	686.383	1015.94	809.027	0.506859	0.493141	0.375476	0.538676	0.0858482	1	0
0.95	6.200	1150	25442.8	686.383	1015.94	809.027	0.505487	0.494513	0.375362	0.538866	0.085772	1	0
0.951	6.200	1150	25345.6	686.385	1015.94	809.027	0.509374	0.490626	0.376886	0.537685	0.0854291	1	0
0.952	6.200	1150	25265.9	686.387	1015.94	809.027	0.509259	0.490741	0.377991	0.536885	0.0851242	1	0
0.953	6.200	1150	25299.3	686.387	1015.94	809.026	0.51246	0.48754	0.377	0.537685	0.0853147	1	0
0.954	6.200	1150	25424.6	686.384	1015.94	809.027	0.51829	0.48171	0.377686	0.536694	0.0856196	1	0
0.955	6.200	1150	25209.7	686.391	1015.94	809.026	0.519433	0.480567	0.378448	0.536618	0.0849337	1	0
0.956	6.200	1150	25153.5	686.392	1015.94	809.026	0.515546	0.484454	0.379668	0.535703	0.0846289	1	0
0.957	6.200	1150	25100.4	686.394	1015.94	809.026	0.518519	0.481481	0.379249	0.536237	0.0845146	1	0
0.958	6.200	1150	25074.2	686.395	1015.94	809.026	0.51909	0.48091	0.37921	0.536275	0.0845146	1	0
0.959	6.200	1150	25084.8	686.396	1015.94	809.026	0.51669	0.48331	0.378906	0.53658	0.0845146	1	0
0.96	6.200	1150	25136.9	686.394	1015.94	809.026	0.517604	0.482396	0.37963	0.53578	0.0845908	1	0
0.961	6.200	1150	25225.9	686.392	1015.94	809.026	0.519204	0.480796	0.379744	0.535437	0.0848194	1	0
0.962	6.200	1150	25155.2	686.394	1015.94	809.026	0.521148	0.478852	0.380087	0.535246	0.084667	1	0
0.963	6.200	1150	24893.3	686.4	1015.94	809.026	0.521719	0.478281	0.378944	0.537228	0.0838287	1	0
0.964	6.200	1150	24954.1	686.399	1015.94	809.026	0.523091	0.476909	0.380087	0.535818	0.0840954	1	0
0.965	6.200	1150	24883.1	686.4	1015.94	809.026	0.51909	0.48091	0.37963	0.536618	0.0837525	1	0
0.966	6.200	1150	24876.3	686.401	1015.94	809.026	0.527663	0.472337	0.379439	0.536923	0.0836382	1	0
0.967	6.200	1150	25083.9	686.396	1015.94	809.026	0.528235	0.471765	0.380392	0.535246	0.0843621	1	0
0.968	6.200	1150	25061.6	686.397	1015.94	809.026	0.52332	0.47668	0.379706	0.536046	0.0842478	1	0
0.969	6.200	1150	25008.1	686.398	1015.94	809.026	0.51909	0.48091	0.380392	0.535627	0.0839811	1	0
0.97	6.200	1150	24830.5	686.401	1015.94	809.026	0.516232	0.483768	0.37982	0.53677	0.0834095	1	0
0.971	6.200	1150	24781.3	686.401	1015.94	809.026	0.518747	0.481253	0.379668	0.536923	0.0834095	1	0
0.972	6.200	1150	24727.1	686.402	1015.94	809.026	0.519319	0.480681	0.37902	0.537647	0.0833333	1	0
0.973	6.200	1150	24856.4	686.399	1015.94	809.026	0.521033	0.478967	0.37822	0.538066	0.0837144	1	0
0.974	6.200	1150	24692.2	686.402	1015.94	809.026	0.51829	0.48171	0.378677	0.53818	0.0831428	1	0
0.975	6.200	1150	24611.5	686.404	1015.94	809.026	0.517604	0.482396	0.377534	0.53959	0.0828761	1	0
0.976	6.200	1150	24630.4	686.404	1015.94	809.026	0.516918	0.483082	0.37681	0.540238	0.0829523	1	0
0.977	6.200	1150	24625.1	686.403	1015.94	809.026	0.519319	0.480681	0.379172	0.537761	0.0830666	1	0
0.978	6.200	1150	24628.6	686.402	1015.94	809.026	0.518976	0.481024	0.379096	0.537799	0.0831047	1	0
0.979	6.200	1150	24709.1	686.401	1015.94	809.026	0.52069	0.47931	0.379553	0.537228	0.083219	1	0
0.98	6.200	1150	24593	686.404	1015.94	809.026	0.52492	0.47508	0.378029	0.539133	0.082838	1	0
0.981	6.200	1150	24718.7	686.401	1015.94	809.026	0.526635	0.473365	0.377915	0.538942	0.0831428	1	0
0.982	6.200	1150	24723.3	686.401	1015.94	809.026	0.52412	0.47588	0.377572	0.539247	0.0831809	1	0
0.983	6.200	1150	24670.9	686.402	1015.94	809.026	0.529492	0.470508	0.376924	0.540123	0.0829523	1	0
0.984	6.200	1150	24773.9	686.401	1015.94	809.026	0.529835	0.470165	0.377839	0.538828	0.0833333	1	0
0.985	6.200	1150	24788.1	686.401	1015.94	809.026	0.529721	0.470279	0.378448	0.538256	0.0832952	1	0
0.986	6.200	1150	24953	686.397	1015.94	809.026	0.532922	0.467078	0.379325	0.536847	0.0838287	1	0
0.987	6.200	1150	24862.5	686.399	1015.94	809.026	0.533951	0.466049	0.379553	0.536885	0.083562	1	0
0.988	6.200	1150	24808.7	686.4	1015.94	809.026	0.526635	0.473365	0.378715	0.537837	0.0834476	1	0
0.989	6.200	1150	24954.7	686.396	1015.94	809.026	0.526978	0.473022	0.37902	0.537037	0.083943	1	0
0.99	6.200	1150	25033.5	686.395	1015.94	809.026	0.521605	0.478395	0.379249	0.53658	0.0841716	1	0
0.991	6.200	1150	25175.5	686.392	1015.94	809.026	0.521491	0.478509	0.379515	0.535856	0.0846289	1	0
0.992	6.200	1150	25121.4	686.393	1015.94	809.026	0.525377	0.474623	0.379287	0.536351	0.0843621	1	0
0.993	6.200	1150	25049.2	686.395	1015.94	809.026	0.526292	0.473708	0.378525	0.537342	0.0841335	1	0
0.994	6.200	1150	24971.4	686.397	1015.94	809.026	0.521834	0.478166	0.378639	0.537418	0.083943	1	0
0.995	6.200	1150	25009	686.396	1015.94	809.026	0.521262	0.478738	0.377953	0.537875	0.0841716	1	0
0.996	6.200	1150	25102.3	686.393	1015.94	809.026	0.519776	0.480224	0.378296	0.537189	0.0845146	1	0
0.997	6.200	1150	25028.8	686.394	1015.94	809.026	0.522862	0.477138	0.378372	0.537266	0.0843621	1	0
0.998	6.200	1150	24897.9	686.398	1015.94	809.026	0.52492	0.47508	0.378868	0.537304	0.0838287	1	0
0.999	6.200	1150	24797.6	686.399	1015.94	809.026	0.52572	0.47428	0.37902	0.53738	0.0836001	1	0
